<?xml version="1.0" encoding="utf-8"?>
<COLLADA xmlns="http://www.collada.org/2005/11/COLLADASchema" version="1.4.1">
  <asset><contributor><author>Mixamo</author><authoring_tool>COLLADA Mixamo exporter</authoring_tool><comments></comments></contributor><created>2018-10-29T16:21:12Z</created><modified>2018-10-29T16:21:12Z</modified><revision></revision><title></title><unit meter="0.010000"/><up_axis>Y_UP</up_axis></asset>
  <library_animations>
    <animation id="mixamorig_Hips-anim" name="mixamorig_Hips"><source id="mixamorig_Hips-Matrix-animation-input"><float_array id="mixamorig_Hips-Matrix-animation-input-array" count="36">

0.000000 0.033333 0.066667 0.100000 0.133333 0.166667 0.200000 0.233333 0.266667 0.300000 0.333333 0.366667 0.400000 0.433333 0.466667 0.500000
0.533333 0.566667 0.600000 0.633333 0.666667 0.700000 0.733333 0.766667 0.800000 0.833333 0.866667 0.900000 0.933333 0.966667 1.000000 1.033333
1.066667 1.100000 1.133333 1.166667</float_array><technique_common><accessor source="#mixamorig_Hips-Matrix-animation-input-array" count="36"><param name="TIME" type="float"/></accessor></technique_common></source><source id="mixamorig_Hips-Matrix-animation-output-transform"><float_array id="mixamorig_Hips-Matrix-animation-output-transform-array" count="576">

0.885347 0.038535 -0.463332 -0.399663 0.063540 0.977180 0.202686 93.784431 0.460569 -0.208888 0.862695 0.347667 0.000000 0.000000 0.000000 1.000000
0.885520 0.038706 -0.462987 -0.405709 0.063257 0.977199 0.202683 93.786957 0.460275 -0.208767 0.862881 0.353969 0.000000 0.000000 0.000000 1.000000
0.885754 0.038739 -0.462535 -0.411314 0.063130 0.977196 0.202737 93.787949 0.459842 -0.208775 0.863110 0.355789 0.000000 0.000000 0.000000 1.000000
0.885946 0.038682 -0.462172 -0.413978 0.063085 0.977203 0.202718 93.788353 0.459477 -0.208754 0.863309 0.350268 0.000000 0.000000 0.000000 1.000000
0.886008 0.038492 -0.462069 -0.412875 0.063077 0.977278 0.202359 93.792747 0.459359 -0.208438 0.863448 0.335475 0.000000 0.000000 0.000000 1.000000
0.885910 0.037848 -0.462310 -0.411023 0.063486 0.977393 0.201674 93.807968 0.459491 -0.208015 0.863480 0.317026 0.000000 0.000000 0.000000 1.000000
0.885613 0.036403 -0.462994 -0.411751 0.065200 0.977304 0.201556 93.836746 0.459824 -0.208688 0.863140 0.313973 0.000000 0.000000 0.000000 1.000000
0.884763 0.034567 -0.464757 -0.414081 0.068799 0.976631 0.203612 93.866074 0.460934 -0.212123 0.861709 0.360354 0.000000 0.000000 0.000000 1.000000
0.882617 0.033871 -0.468870 -0.417411 0.073424 0.975227 0.208665 93.867836 0.464323 -0.218597 0.858266 0.497690 0.000000 0.000000 0.000000 1.000000
0.879014 0.035333 -0.475485 -0.429324 0.077410 0.973444 0.215441 93.822670 0.470470 -0.226183 0.852936 0.753327 0.000000 0.000000 0.000000 1.000000
0.875467 0.037335 -0.481833 -0.460274 0.080674 0.971732 0.221876 93.734894 0.476496 -0.233116 0.847708 1.099686 0.000000 0.000000 0.000000 1.000000
0.874001 0.037479 -0.484477 -0.511969 0.084754 0.969981 0.227934 93.610870 0.478477 -0.240275 0.844587 1.428737 0.000000 0.000000 0.000000 1.000000
0.874784 0.036169 -0.483162 -0.567986 0.089965 0.967743 0.235330 93.437927 0.476088 -0.249330 0.843312 1.601345 0.000000 0.000000 0.000000 1.000000
0.876523 0.035359 -0.480060 -0.599022 0.094856 0.965055 0.244275 93.209213 0.471922 -0.259649 0.842539 1.545010 0.000000 0.000000 0.000000 1.000000
0.878417 0.035063 -0.476607 -0.591259 0.098487 0.962615 0.252335 92.963997 0.467637 -0.268595 0.842124 1.298992 0.000000 0.000000 0.000000 1.000000
0.880034 0.034379 -0.473664 -0.558759 0.100527 0.961291 0.256542 92.772820 0.464149 -0.273382 0.842513 0.968189 0.000000 0.000000 0.000000 1.000000
0.880843 0.034023 -0.472184 -0.516615 0.100332 0.961340 0.256434 92.679596 0.462654 -0.273253 0.843377 0.644691 0.000000 0.000000 0.000000 1.000000
0.880934 0.035011 -0.471943 -0.460278 0.097976 0.962160 0.254260 92.678276 0.462987 -0.270225 0.844169 0.367575 0.000000 0.000000 0.000000 1.000000
0.880877 0.036975 -0.471898 -0.377563 0.094458 0.963161 0.251789 92.741890 0.463824 -0.266370 0.844934 0.140370 0.000000 0.000000 0.000000 1.000000
0.880676 0.039065 -0.472106 -0.268736 0.090348 0.964450 0.248340 92.846039 0.465024 -0.261361 0.845838 -0.033251 0.000000 0.000000 0.000000 1.000000
0.879827 0.040913 -0.473530 -0.146009 0.085756 0.966273 0.242823 92.965843 0.467494 -0.254251 0.846644 -0.144566 0.000000 0.000000 0.000000 1.000000
0.878368 0.042441 -0.476098 -0.019346 0.081102 0.968374 0.235954 93.077965 0.471055 -0.245867 0.847146 -0.194372 0.000000 0.000000 0.000000 1.000000
0.877077 0.043537 -0.478374 0.106273 0.077089 0.970218 0.229640 93.168770 0.474125 -0.238289 0.847599 -0.194950 0.000000 0.000000 0.000000 1.000000
0.876625 0.043957 -0.479162 0.222824 0.074316 0.971501 0.225084 93.235634 0.475401 -0.232923 0.848375 -0.165319 0.000000 0.000000 0.000000 1.000000
0.877028 0.043638 -0.478453 0.315540 0.072685 0.972352 0.221920 93.285225 0.474909 -0.229406 0.849608 -0.123776 0.000000 0.000000 0.000000 1.000000
0.877933 0.042811 -0.476867 0.369537 0.071547 0.973080 0.219080 93.330559 0.473408 -0.226456 0.851236 -0.077568 0.000000 0.000000 0.000000 1.000000
0.879058 0.041814 -0.474877 0.380367 0.070436 0.973820 0.216134 93.381996 0.471482 -0.223443 0.853099 -0.025151 0.000000 0.000000 0.000000 1.000000
0.880299 0.041002 -0.472643 0.356064 0.069183 0.974514 0.213393 93.441597 0.469347 -0.220548 0.855027 0.031820 0.000000 0.000000 0.000000 1.000000
0.881484 0.040610 -0.470465 0.305740 0.067713 0.975129 0.211042 93.506721 0.467335 -0.217887 0.856810 0.086118 0.000000 0.000000 0.000000 1.000000
0.882328 0.040525 -0.468887 0.232599 0.066176 0.975705 0.208857 93.572609 0.465959 -0.215309 0.858210 0.133450 0.000000 0.000000 0.000000 1.000000
0.882799 0.040319 -0.468017 0.141235 0.065029 0.976228 0.206763 93.633919 0.465227 -0.212965 0.859191 0.176562 0.000000 0.000000 0.000000 1.000000
0.883171 0.039822 -0.467357 0.039445 0.064481 0.976622 0.205065 93.686813 0.464597 -0.211243 0.859957 0.217700 0.000000 0.000000 0.000000 1.000000
0.883689 0.039306 -0.466422 -0.068946 0.064212 0.976867 0.203980 93.727997 0.463650 -0.210205 0.860722 0.252566 0.000000 0.000000 0.000000 1.000000
0.884348 0.038952 -0.465200 -0.182288 0.063956 0.977007 0.203389 93.755661 0.462426 -0.209619 0.861523 0.279847 0.000000 0.000000 0.000000 1.000000
0.884952 0.038722 -0.464069 -0.295073 0.063700 0.977105 0.203000 93.772972 0.461305 -0.209207 0.862224 0.308326 0.000000 0.000000 0.000000 1.000000
0.885347 0.038535 -0.463332 -0.399663 0.063540 0.977180 0.202686 93.784431 0.460569 -0.208888 0.862695 0.347667 0.000000 0.000000 0.000000 1.000000</float_array><technique_common><accessor source="#mixamorig_Hips-Matrix-animation-output-transform-array" count="36" stride="16"><param type="float4x4"/></accessor></technique_common></source><source id="mixamorig_Hips-Interpolations"><Name_array id="mixamorig_Hips-Interpolations-array" count="36">
 LINEAR LINEAR LINEAR LINEAR LINEAR LINEAR LINEAR LINEAR LINEAR LINEAR LINEAR
LINEAR LINEAR LINEAR LINEAR LINEAR LINEAR LINEAR LINEAR LINEAR LINEAR LINEAR LINEAR
LINEAR LINEAR LINEAR LINEAR LINEAR LINEAR LINEAR LINEAR LINEAR LINEAR LINEAR LINEAR
LINEAR</Name_array><technique_common><accessor source="#mixamorig_Hips-Interpolations-array" count="36"><param type="name"/></accessor></technique_common></source><sampler id="mixamorig_Hips-Matrix-animation-transform"><input semantic="INPUT" source="#mixamorig_Hips-Matrix-animation-input"/><input semantic="OUTPUT" source="#mixamorig_Hips-Matrix-animation-output-transform"/><input semantic="INTERPOLATION" source="#mixamorig_Hips-Interpolations"/></sampler><channel source="#mixamorig_Hips-Matrix-animation-transform" target="mixamorig_Hips/matrix"/></animation>
    <animation id="mixamorig_Spine-anim" name="mixamorig_Spine"><source id="mixamorig_Spine-Matrix-animation-input"><float_array id="mixamorig_Spine-Matrix-animation-input-array" count="36">

0.000000 0.033333 0.066667 0.100000 0.133333 0.166667 0.200000 0.233333 0.266667 0.300000 0.333333 0.366667 0.400000 0.433333 0.466667 0.500000
0.533333 0.566667 0.600000 0.633333 0.666667 0.700000 0.733333 0.766667 0.800000 0.833333 0.866667 0.900000 0.933333 0.966667 1.000000 1.033333
1.066667 1.100000 1.133333 1.166667</float_array><technique_common><accessor source="#mixamorig_Spine-Matrix-animation-input-array" count="36"><param name="TIME" type="float"/></accessor></technique_common></source><source id="mixamorig_Spine-Matrix-animation-output-transform"><float_array id="mixamorig_Spine-Matrix-animation-output-transform-array" count="576">

0.998918 0.030407 0.035188 -0.038100 -0.024101 0.985579 -0.167493 9.490500 -0.039774 0.166464 0.985245 -1.392100 0.000000 0.000000 0.000000 1.000000
0.998917 0.030410 0.035204 -0.038100 -0.024103 0.985587 -0.167444 9.490500 -0.039788 0.166414 0.985253 -1.392100 0.000000 0.000000 0.000000 1.000000
0.998919 0.030405 0.035175 -0.038100 -0.024104 0.985590 -0.167427 9.490500 -0.039758 0.166399 0.985257 -1.392100 0.000000 0.000000 0.000000 1.000000
0.998921 0.030417 0.035094 -0.038100 -0.024129 0.985589 -0.167430 9.490500 -0.039681 0.166402 0.985259 -1.392100 0.000000 0.000000 0.000000 1.000000
0.998921 0.030448 0.035061 -0.038100 -0.024167 0.985593 -0.167400 9.490500 -0.039653 0.166372 0.985265 -1.392100 0.000000 0.000000 0.000000 1.000000
0.998913 0.030509 0.035245 -0.038100 -0.024200 0.985610 -0.167295 9.490500 -0.039841 0.166260 0.985277 -1.392100 0.000000 0.000000 0.000000 1.000000
0.998896 0.030647 0.035596 -0.038100 -0.024284 0.985632 -0.167149 9.490500 -0.040208 0.166100 0.985289 -1.392100 0.000000 0.000000 0.000000 1.000000
0.998887 0.030903 0.035637 -0.038100 -0.024537 0.985656 -0.166973 9.490500 -0.040286 0.165913 0.985317 -1.392100 0.000000 0.000000 0.000000 1.000000
0.998905 0.031087 0.034958 -0.038100 -0.024853 0.985742 -0.166417 9.490500 -0.039633 0.165366 0.985436 -1.392100 0.000000 0.000000 0.000000 1.000000
0.998958 0.030572 0.033874 -0.038100 -0.024591 0.986034 -0.164721 9.490500 -0.038437 0.163717 0.985758 -1.392100 0.000000 0.000000 0.000000 1.000000
0.999049 0.028717 0.032811 -0.038100 -0.023051 0.986588 -0.161594 9.490500 -0.037011 0.160684 0.986312 -1.392100 0.000000 0.000000 0.000000 1.000000
0.999169 0.025826 0.031518 -0.038100 -0.020528 0.987204 -0.158138 9.490500 -0.035199 0.157360 0.986914 -1.392100 0.000000 0.000000 0.000000 1.000000
0.999284 0.023232 0.029858 -0.038100 -0.018296 0.987572 -0.156097 9.490500 -0.033114 0.155439 0.987290 -1.392100 0.000000 0.000000 0.000000 1.000000
0.999350 0.022076 0.028483 -0.038100 -0.017365 0.987575 -0.156186 9.490500 -0.031577 0.155590 0.987317 -1.392100 0.000000 0.000000 0.000000 1.000000
0.999357 0.022438 0.027977 -0.038100 -0.017752 0.987320 -0.157746 9.490500 -0.031162 0.157148 0.987083 -1.392100 0.000000 0.000000 0.000000 1.000000
0.999324 0.023674 0.028117 -0.038100 -0.018891 0.987001 -0.159603 9.490500 -0.031530 0.158964 0.986781 -1.392100 0.000000 0.000000 0.000000 1.000000
0.999280 0.025162 0.028413 -0.038100 -0.020268 0.986741 -0.161034 9.490500 -0.032088 0.160342 0.986540 -1.392100 0.000000 0.000000 0.000000 1.000000
0.999232 0.026680 0.028687 -0.038100 -0.021686 0.986531 -0.162130 9.490500 -0.032627 0.161383 0.986352 -1.392100 0.000000 0.000000 0.000000 1.000000
0.999184 0.028175 0.028937 -0.038100 -0.023085 0.986316 -0.163241 9.490500 -0.033140 0.162440 0.986162 -1.392100 0.000000 0.000000 0.000000 1.000000
0.999141 0.029431 0.029173 -0.038100 -0.024250 0.986112 -0.164303 9.490500 -0.033604 0.163454 0.985978 -1.392100 0.000000 0.000000 0.000000 1.000000
0.999109 0.030194 0.029494 -0.038100 -0.024925 0.985976 -0.165017 9.490500 -0.034063 0.164135 0.985850 -1.392100 0.000000 0.000000 0.000000 1.000000
0.999085 0.030437 0.030046 -0.038100 -0.025063 0.985914 -0.165366 9.490500 -0.034656 0.164461 0.985775 -1.392100 0.000000 0.000000 0.000000 1.000000
0.999063 0.030338 0.030852 -0.038100 -0.024824 0.985878 -0.165614 9.490500 -0.035441 0.164693 0.985708 -1.392100 0.000000 0.000000 0.000000 1.000000
0.999041 0.030130 0.031780 -0.038100 -0.024453 0.985829 -0.165961 9.490500 -0.036330 0.165025 0.985620 -1.392100 0.000000 0.000000 0.000000 1.000000
0.999018 0.029933 0.032651 -0.038100 -0.024099 0.985770 -0.166364 9.490500 -0.037166 0.165414 0.985524 -1.392100 0.000000 0.000000 0.000000 1.000000
0.999001 0.029764 0.033326 -0.038100 -0.023808 0.985724 -0.166679 9.490500 -0.037811 0.165719 0.985448 -1.392100 0.000000 0.000000 0.000000 1.000000
0.998990 0.029667 0.033752 -0.038100 -0.023634 0.985694 -0.166878 9.490500 -0.038220 0.165912 0.985400 -1.392100 0.000000 0.000000 0.000000 1.000000
0.998982 0.029683 0.033959 -0.038100 -0.023609 0.985667 -0.167043 9.490500 -0.038431 0.166072 0.985365 -1.392100 0.000000 0.000000 0.000000 1.000000
0.998976 0.029751 0.034080 -0.038100 -0.023650 0.985639 -0.167202 9.490500 -0.038565 0.166224 0.985334 -1.392100 0.000000 0.000000 0.000000 1.000000
0.998968 0.029798 0.034285 -0.038100 -0.023659 0.985626 -0.167279 9.490500 -0.038776 0.166295 0.985313 -1.392100 0.000000 0.000000 0.000000 1.000000
0.998955 0.029856 0.034602 -0.038100 -0.023664 0.985631 -0.167249 9.490500 -0.039098 0.166255 0.985307 -1.392100 0.000000 0.000000 0.000000 1.000000
0.998941 0.029966 0.034908 -0.038100 -0.023724 0.985636 -0.167206 9.490500 -0.039417 0.166201 0.985304 -1.392100 0.000000 0.000000 0.000000 1.000000
0.998931 0.030103 0.035084 -0.038100 -0.023828 0.985626 -0.167252 9.490500 -0.039614 0.166237 0.985290 -1.392100 0.000000 0.000000 0.000000 1.000000
0.998925 0.030241 0.035125 -0.038100 -0.023952 0.985602 -0.167378 9.490500 -0.039681 0.166356 0.985267 -1.392100 0.000000 0.000000 0.000000 1.000000
0.998922 0.030351 0.035128 -0.038100 -0.024056 0.985582 -0.167480 9.490500 -0.039705 0.166455 0.985249 -1.392100 0.000000 0.000000 0.000000 1.000000
0.998918 0.030407 0.035188 -0.038100 -0.024101 0.985579 -0.167493 9.490500 -0.039774 0.166464 0.985245 -1.392100 0.000000 0.000000 0.000000 1.000000</float_array><technique_common><accessor source="#mixamorig_Spine-Matrix-animation-output-transform-array" count="36" stride="16"><param type="float4x4"/></accessor></technique_common></source><source id="mixamorig_Spine-Interpolations"><Name_array id="mixamorig_Spine-Interpolations-array" count="36">
 LINEAR LINEAR LINEAR LINEAR LINEAR LINEAR LINEAR LINEAR LINEAR LINEAR LINEAR
LINEAR LINEAR LINEAR LINEAR LINEAR LINEAR LINEAR LINEAR LINEAR LINEAR LINEAR LINEAR
LINEAR LINEAR LINEAR LINEAR LINEAR LINEAR LINEAR LINEAR LINEAR LINEAR LINEAR LINEAR
LINEAR</Name_array><technique_common><accessor source="#mixamorig_Spine-Interpolations-array" count="36"><param type="name"/></accessor></technique_common></source><sampler id="mixamorig_Spine-Matrix-animation-transform"><input semantic="INPUT" source="#mixamorig_Spine-Matrix-animation-input"/><input semantic="OUTPUT" source="#mixamorig_Spine-Matrix-animation-output-transform"/><input semantic="INTERPOLATION" source="#mixamorig_Spine-Interpolations"/></sampler><channel source="#mixamorig_Spine-Matrix-animation-transform" target="mixamorig_Spine/matrix"/></animation>
    <animation id="mixamorig_Spine1-anim" name="mixamorig_Spine1"><source id="mixamorig_Spine1-Matrix-animation-input"><float_array id="mixamorig_Spine1-Matrix-animation-input-array" count="36">

0.000000 0.033333 0.066667 0.100000 0.133333 0.166667 0.200000 0.233333 0.266667 0.300000 0.333333 0.366667 0.400000 0.433333 0.466667 0.500000
0.533333 0.566667 0.600000 0.633333 0.666667 0.700000 0.733333 0.766667 0.800000 0.833333 0.866667 0.900000 0.933333 0.966667 1.000000 1.033333
1.066667 1.100000 1.133333 1.166667</float_array><technique_common><accessor source="#mixamorig_Spine1-Matrix-animation-input-array" count="36"><param name="TIME" type="float"/></accessor></technique_common></source><source id="mixamorig_Spine1-Matrix-animation-output-transform"><float_array id="mixamorig_Spine1-Matrix-animation-output-transform-array" count="576">

0.996838 0.051612 0.060418 -0.044200 -0.028839 0.943487 -0.330153 11.072300 -0.074044 0.327367 0.941992 -1.624100 0.000000 0.000000 0.000000 1.000000
0.996834 0.051657 0.060442 -0.044200 -0.028881 0.943517 -0.330062 11.072300 -0.074078 0.327271 0.942022 -1.624100 0.000000 0.000000 0.000000 1.000000
0.996838 0.051660 0.060379 -0.044200 -0.028907 0.943527 -0.330031 11.072300 -0.074018 0.327242 0.942037 -1.624100 0.000000 0.000000 0.000000 1.000000
0.996847 0.051671 0.060215 -0.044200 -0.028971 0.943524 -0.330036 11.072300 -0.073867 0.327251 0.942046 -1.624100 0.000000 0.000000 0.000000 1.000000
0.996849 0.051703 0.060155 -0.044200 -0.029026 0.943542 -0.329979 11.072300 -0.073820 0.327193 0.942070 -1.624100 0.000000 0.000000 0.000000 1.000000
0.996824 0.051731 0.060541 -0.044200 -0.028942 0.943617 -0.329772 11.072300 -0.074187 0.326972 0.942117 -1.624100 0.000000 0.000000 0.000000 1.000000
0.996780 0.051741 0.061265 -0.044200 -0.028736 0.943726 -0.329476 11.072300 -0.074865 0.326655 0.942174 -1.624100 0.000000 0.000000 0.000000 1.000000
0.996775 0.051739 0.061335 -0.044200 -0.028740 0.943852 -0.329117 11.072300 -0.074919 0.326293 0.942295 -1.624100 0.000000 0.000000 0.000000 1.000000
0.996873 0.051516 0.059924 -0.044200 -0.029076 0.944217 -0.328037 11.072300 -0.073480 0.325269 0.942762 -1.624100 0.000000 0.000000 0.000000 1.000000
0.997070 0.050152 0.057757 -0.044200 -0.028738 0.945354 -0.324777 11.072300 -0.070889 0.322165 0.944026 -1.624100 0.000000 0.000000 0.000000 1.000000
0.997364 0.046364 0.055814 -0.044200 -0.026207 0.947479 -0.318744 11.072300 -0.067661 0.316441 0.946196 -1.624100 0.000000 0.000000 0.000000 1.000000
0.997750 0.040342 0.053548 -0.044200 -0.021658 0.949822 -0.312041 11.072300 -0.063449 0.310179 0.948558 -1.624100 0.000000 0.000000 0.000000 1.000000
0.998129 0.034552 0.050453 -0.044200 -0.017356 0.951212 -0.308050 11.072300 -0.058635 0.306598 0.950032 -1.624100 0.000000 0.000000 0.000000 1.000000
0.998366 0.031502 0.047667 -0.044200 -0.015299 0.951203 -0.308187 11.072300 -0.055049 0.306954 0.950131 -1.624100 0.000000 0.000000 0.000000 1.000000
0.998424 0.031558 0.046405 -0.044200 -0.015571 0.950224 -0.311177 11.072300 -0.053915 0.309964 0.949218 -1.624100 0.000000 0.000000 0.000000 1.000000
0.998361 0.033505 0.046391 -0.044200 -0.017223 0.949018 -0.314750 11.072300 -0.054572 0.313436 0.948040 -1.624100 0.000000 0.000000 0.000000 1.000000
0.998249 0.036217 0.046769 -0.044200 -0.019520 0.948052 -0.317515 11.072300 -0.055839 0.316046 0.947099 -1.624100 0.000000 0.000000 0.000000 1.000000
0.998114 0.039290 0.047168 -0.044200 -0.022183 0.947276 -0.319649 11.072300 -0.057241 0.317999 0.946361 -1.624100 0.000000 0.000000 0.000000 1.000000
0.997964 0.042518 0.047537 -0.044200 -0.024994 0.946470 -0.321822 11.072300 -0.058675 0.319978 0.945606 -1.624100 0.000000 0.000000 0.000000 1.000000
0.997819 0.045389 0.047938 -0.044200 -0.027457 0.945693 -0.323898 11.072300 -0.060036 0.321875 0.944877 -1.624100 0.000000 0.000000 0.000000 1.000000
0.997691 0.047410 0.048623 -0.044200 -0.029060 0.945164 -0.325301 11.072300 -0.061379 0.323137 0.944360 -1.624100 0.000000 0.000000 0.000000 1.000000
0.997576 0.048533 0.049858 -0.044200 -0.029677 0.944905 -0.325996 11.072300 -0.062932 0.323726 0.944056 -1.624100 0.000000 0.000000 0.000000 1.000000
0.997463 0.049031 0.051608 -0.044200 -0.029547 0.944739 -0.326490 11.072300 -0.064764 0.324137 0.943791 -1.624100 0.000000 0.000000 0.000000 1.000000
0.997351 0.049228 0.053558 -0.044200 -0.029051 0.944519 -0.327168 11.072300 -0.066693 0.324746 0.943447 -1.624100 0.000000 0.000000 0.000000 1.000000
0.997250 0.049287 0.055353 -0.044200 -0.028466 0.944268 -0.327945 11.072300 -0.068431 0.325467 0.943074 -1.624100 0.000000 0.000000 0.000000 1.000000
0.997172 0.049272 0.056744 -0.044200 -0.027952 0.944073 -0.328549 11.072300 -0.069759 0.326034 0.942781 -1.624100 0.000000 0.000000 0.000000 1.000000
0.997119 0.049329 0.057628 -0.044200 -0.027688 0.943947 -0.328933 11.072300 -0.070623 0.326390 0.942593 -1.624100 0.000000 0.000000 0.000000 1.000000
0.997082 0.049565 0.058052 -0.044200 -0.027748 0.943832 -0.329258 11.072300 -0.071111 0.326686 0.942454 -1.624100 0.000000 0.000000 0.000000 1.000000
0.997052 0.049891 0.058291 -0.044200 -0.027954 0.943717 -0.329571 11.072300 -0.071453 0.326970 0.942330 -1.624100 0.000000 0.000000 0.000000 1.000000
0.997013 0.050183 0.058704 -0.044200 -0.028083 0.943658 -0.329728 11.072300 -0.071943 0.327095 0.942249 -1.624100 0.000000 0.000000 0.000000 1.000000
0.996962 0.050458 0.059344 -0.044200 -0.028137 0.943675 -0.329676 11.072300 -0.072637 0.327004 0.942227 -1.624100 0.000000 0.000000 0.000000 1.000000
0.996910 0.050756 0.059953 -0.044200 -0.028226 0.943700 -0.329597 11.072300 -0.073306 0.326887 0.942216 -1.624100 0.000000 0.000000 0.000000 1.000000
0.996875 0.051045 0.060287 -0.044200 -0.028382 0.943663 -0.329687 11.072300 -0.073720 0.326946 0.942163 -1.624100 0.000000 0.000000 0.000000 1.000000
0.996858 0.051306 0.060340 -0.044200 -0.028593 0.943572 -0.329929 11.072300 -0.073862 0.327168 0.942075 -1.624100 0.000000 0.000000 0.000000 1.000000
0.996849 0.051506 0.060318 -0.044200 -0.028774 0.943497 -0.330128 11.072300 -0.073914 0.327352 0.942007 -1.624100 0.000000 0.000000 0.000000 1.000000
0.996838 0.051612 0.060418 -0.044200 -0.028839 0.943487 -0.330153 11.072300 -0.074044 0.327367 0.941992 -1.624100 0.000000 0.000000 0.000000 1.000000</float_array><technique_common><accessor source="#mixamorig_Spine1-Matrix-animation-output-transform-array" count="36" stride="16"><param type="float4x4"/></accessor></technique_common></source><source id="mixamorig_Spine1-Interpolations"><Name_array id="mixamorig_Spine1-Interpolations-array" count="36">
 LINEAR LINEAR LINEAR LINEAR LINEAR LINEAR LINEAR LINEAR LINEAR LINEAR LINEAR
LINEAR LINEAR LINEAR LINEAR LINEAR LINEAR LINEAR LINEAR LINEAR LINEAR LINEAR LINEAR
LINEAR LINEAR LINEAR LINEAR LINEAR LINEAR LINEAR LINEAR LINEAR LINEAR LINEAR LINEAR
LINEAR</Name_array><technique_common><accessor source="#mixamorig_Spine1-Interpolations-array" count="36"><param type="name"/></accessor></technique_common></source><sampler id="mixamorig_Spine1-Matrix-animation-transform"><input semantic="INPUT" source="#mixamorig_Spine1-Matrix-animation-input"/><input semantic="OUTPUT" source="#mixamorig_Spine1-Matrix-animation-output-transform"/><input semantic="INTERPOLATION" source="#mixamorig_Spine1-Interpolations"/></sampler><channel source="#mixamorig_Spine1-Matrix-animation-transform" target="mixamorig_Spine1/matrix"/></animation>
    <animation id="mixamorig_Spine2-anim" name="mixamorig_Spine2"><source id="mixamorig_Spine2-Matrix-animation-input"><float_array id="mixamorig_Spine2-Matrix-animation-input-array" count="36">

0.000000 0.033333 0.066667 0.100000 0.133333 0.166667 0.200000 0.233333 0.266667 0.300000 0.333333 0.366667 0.400000 0.433333 0.466667 0.500000
0.533333 0.566667 0.600000 0.633333 0.666667 0.700000 0.733333 0.766667 0.800000 0.833333 0.866667 0.900000 0.933333 0.966667 1.000000 1.033333
1.066667 1.100000 1.133333 1.166667</float_array><technique_common><accessor source="#mixamorig_Spine2-Matrix-animation-input-array" count="36"><param name="TIME" type="float"/></accessor></technique_common></source><source id="mixamorig_Spine2-Matrix-animation-output-transform"><float_array id="mixamorig_Spine2-Matrix-animation-output-transform-array" count="576">

0.996838 0.051612 0.060419 -0.050500 -0.028839 0.943487 -0.330153 12.654000 -0.074044 0.327367 0.941992 -1.856100 0.000000 0.000000 0.000000 1.000000
0.996834 0.051657 0.060442 -0.050500 -0.028881 0.943517 -0.330062 12.654000 -0.074078 0.327271 0.942022 -1.856100 0.000000 0.000000 0.000000 1.000000
0.996838 0.051660 0.060379 -0.050500 -0.028907 0.943527 -0.330031 12.654000 -0.074018 0.327242 0.942037 -1.856100 0.000000 0.000000 0.000000 1.000000
0.996847 0.051671 0.060215 -0.050500 -0.028971 0.943523 -0.330037 12.654000 -0.073867 0.327252 0.942046 -1.856100 0.000000 0.000000 0.000000 1.000000
0.996849 0.051703 0.060155 -0.050500 -0.029026 0.943542 -0.329979 12.654000 -0.073820 0.327193 0.942070 -1.856100 0.000000 0.000000 0.000000 1.000000
0.996824 0.051731 0.060541 -0.050500 -0.028942 0.943617 -0.329772 12.654000 -0.074187 0.326972 0.942117 -1.856100 0.000000 0.000000 0.000000 1.000000
0.996780 0.051741 0.061265 -0.050500 -0.028736 0.943726 -0.329477 12.654000 -0.074865 0.326655 0.942174 -1.856100 0.000000 0.000000 0.000000 1.000000
0.996775 0.051739 0.061335 -0.050500 -0.028740 0.943852 -0.329117 12.654000 -0.074919 0.326293 0.942295 -1.856100 0.000000 0.000000 0.000000 1.000000
0.996873 0.051516 0.059924 -0.050500 -0.029076 0.944217 -0.328037 12.654000 -0.073480 0.325269 0.942762 -1.856100 0.000000 0.000000 0.000000 1.000000
0.997070 0.050152 0.057757 -0.050500 -0.028738 0.945354 -0.324777 12.654000 -0.070889 0.322165 0.944026 -1.856100 0.000000 0.000000 0.000000 1.000000
0.997364 0.046364 0.055814 -0.050500 -0.026207 0.947479 -0.318744 12.654000 -0.067661 0.316441 0.946196 -1.856100 0.000000 0.000000 0.000000 1.000000
0.997750 0.040342 0.053548 -0.050500 -0.021658 0.949822 -0.312041 12.654000 -0.063449 0.310179 0.948558 -1.856100 0.000000 0.000000 0.000000 1.000000
0.998129 0.034552 0.050453 -0.050500 -0.017356 0.951212 -0.308050 12.654000 -0.058635 0.306598 0.950032 -1.856100 0.000000 0.000000 0.000000 1.000000
0.998366 0.031502 0.047667 -0.050500 -0.015299 0.951203 -0.308187 12.654000 -0.055049 0.306954 0.950131 -1.856100 0.000000 0.000000 0.000000 1.000000
0.998424 0.031558 0.046405 -0.050500 -0.015571 0.950224 -0.311177 12.654000 -0.053915 0.309964 0.949218 -1.856100 0.000000 0.000000 0.000000 1.000000
0.998361 0.033505 0.046391 -0.050500 -0.017223 0.949018 -0.314751 12.654000 -0.054572 0.313436 0.948040 -1.856100 0.000000 0.000000 0.000000 1.000000
0.998249 0.036217 0.046769 -0.050500 -0.019520 0.948052 -0.317515 12.654000 -0.055839 0.316046 0.947099 -1.856100 0.000000 0.000000 0.000000 1.000000
0.998114 0.039290 0.047168 -0.050500 -0.022183 0.947276 -0.319649 12.654000 -0.057240 0.317999 0.946361 -1.856100 0.000000 0.000000 0.000000 1.000000
0.997964 0.042518 0.047537 -0.050500 -0.024994 0.946470 -0.321822 12.654000 -0.058675 0.319979 0.945606 -1.856100 0.000000 0.000000 0.000000 1.000000
0.997819 0.045389 0.047938 -0.050500 -0.027457 0.945694 -0.323898 12.654000 -0.060036 0.321875 0.944877 -1.856100 0.000000 0.000000 0.000000 1.000000
0.997691 0.047410 0.048623 -0.050500 -0.029060 0.945164 -0.325301 12.654000 -0.061379 0.323137 0.944360 -1.856100 0.000000 0.000000 0.000000 1.000000
0.997576 0.048533 0.049858 -0.050500 -0.029677 0.944905 -0.325996 12.654000 -0.062932 0.323726 0.944056 -1.856100 0.000000 0.000000 0.000000 1.000000
0.997463 0.049031 0.051608 -0.050500 -0.029547 0.944739 -0.326490 12.654000 -0.064764 0.324137 0.943791 -1.856100 0.000000 0.000000 0.000000 1.000000
0.997351 0.049228 0.053558 -0.050500 -0.029051 0.944519 -0.327168 12.654000 -0.066693 0.324746 0.943447 -1.856100 0.000000 0.000000 0.000000 1.000000
0.997250 0.049287 0.055353 -0.050500 -0.028466 0.944268 -0.327945 12.654000 -0.068431 0.325467 0.943074 -1.856100 0.000000 0.000000 0.000000 1.000000
0.997172 0.049272 0.056744 -0.050500 -0.027952 0.944073 -0.328549 12.654000 -0.069759 0.326033 0.942781 -1.856100 0.000000 0.000000 0.000000 1.000000
0.997119 0.049329 0.057628 -0.050500 -0.027688 0.943947 -0.328933 12.654000 -0.070623 0.326390 0.942593 -1.856100 0.000000 0.000000 0.000000 1.000000
0.997082 0.049565 0.058052 -0.050500 -0.027748 0.943832 -0.329258 12.654000 -0.071111 0.326686 0.942454 -1.856100 0.000000 0.000000 0.000000 1.000000
0.997052 0.049891 0.058291 -0.050500 -0.027954 0.943717 -0.329571 12.654000 -0.071453 0.326970 0.942330 -1.856100 0.000000 0.000000 0.000000 1.000000
0.997013 0.050183 0.058704 -0.050500 -0.028083 0.943658 -0.329728 12.654000 -0.071943 0.327095 0.942249 -1.856100 0.000000 0.000000 0.000000 1.000000
0.996962 0.050458 0.059344 -0.050500 -0.028137 0.943675 -0.329676 12.654000 -0.072636 0.327004 0.942227 -1.856100 0.000000 0.000000 0.000000 1.000000
0.996910 0.050756 0.059953 -0.050500 -0.028226 0.943700 -0.329597 12.654000 -0.073306 0.326887 0.942216 -1.856100 0.000000 0.000000 0.000000 1.000000
0.996875 0.051045 0.060287 -0.050500 -0.028382 0.943663 -0.329687 12.654000 -0.073720 0.326946 0.942163 -1.856100 0.000000 0.000000 0.000000 1.000000
0.996858 0.051306 0.060340 -0.050500 -0.028593 0.943572 -0.329929 12.654000 -0.073863 0.327168 0.942075 -1.856100 0.000000 0.000000 0.000000 1.000000
0.996849 0.051506 0.060319 -0.050500 -0.028774 0.943497 -0.330128 12.654000 -0.073914 0.327352 0.942007 -1.856100 0.000000 0.000000 0.000000 1.000000
0.996838 0.051612 0.060419 -0.050500 -0.028839 0.943487 -0.330153 12.654000 -0.074044 0.327367 0.941992 -1.856100 0.000000 0.000000 0.000000 1.000000</float_array><technique_common><accessor source="#mixamorig_Spine2-Matrix-animation-output-transform-array" count="36" stride="16"><param type="float4x4"/></accessor></technique_common></source><source id="mixamorig_Spine2-Interpolations"><Name_array id="mixamorig_Spine2-Interpolations-array" count="36">
 LINEAR LINEAR LINEAR LINEAR LINEAR LINEAR LINEAR LINEAR LINEAR LINEAR LINEAR
LINEAR LINEAR LINEAR LINEAR LINEAR LINEAR LINEAR LINEAR LINEAR LINEAR LINEAR LINEAR
LINEAR LINEAR LINEAR LINEAR LINEAR LINEAR LINEAR LINEAR LINEAR LINEAR LINEAR LINEAR
LINEAR</Name_array><technique_common><accessor source="#mixamorig_Spine2-Interpolations-array" count="36"><param type="name"/></accessor></technique_common></source><sampler id="mixamorig_Spine2-Matrix-animation-transform"><input semantic="INPUT" source="#mixamorig_Spine2-Matrix-animation-input"/><input semantic="OUTPUT" source="#mixamorig_Spine2-Matrix-animation-output-transform"/><input semantic="INTERPOLATION" source="#mixamorig_Spine2-Interpolations"/></sampler><channel source="#mixamorig_Spine2-Matrix-animation-transform" target="mixamorig_Spine2/matrix"/></animation>
    <animation id="mixamorig_Neck-anim" name="mixamorig_Neck"><source id="mixamorig_Neck-Matrix-animation-input"><float_array id="mixamorig_Neck-Matrix-animation-input-array" count="36">

0.000000 0.033333 0.066667 0.100000 0.133333 0.166667 0.200000 0.233333 0.266667 0.300000 0.333333 0.366667 0.400000 0.433333 0.466667 0.500000
0.533333 0.566667 0.600000 0.633333 0.666667 0.700000 0.733333 0.766667 0.800000 0.833333 0.866667 0.900000 0.933333 0.966667 1.000000 1.033333
1.066667 1.100000 1.133333 1.166667</float_array><technique_common><accessor source="#mixamorig_Neck-Matrix-animation-input-array" count="36"><param name="TIME" type="float"/></accessor></technique_common></source><source id="mixamorig_Neck-Matrix-animation-output-transform"><float_array id="mixamorig_Neck-Matrix-animation-output-transform-array" count="576">

0.995524 -0.000679 0.094502 -0.056900 -0.032790 0.935374 0.352138 14.235800 -0.088634 -0.353660 0.931165 -2.088100 0.000000 0.000000 0.000000 1.000000
0.995515 -0.000070 0.094599 -0.056900 -0.033372 0.935449 0.351883 14.235800 -0.088517 -0.353462 0.931251 -2.088100 0.000000 0.000000 0.000000 1.000000
0.995466 0.001148 0.095115 -0.056900 -0.034660 0.935562 0.351459 14.235800 -0.088583 -0.353162 0.931359 -2.088100 0.000000 0.000000 0.000000 1.000000
0.995397 0.002436 0.095802 -0.056900 -0.036116 0.935505 0.351462 14.235800 -0.088767 -0.353305 0.931287 -2.088100 0.000000 0.000000 0.000000 1.000000
0.995363 0.003162 0.096138 -0.056900 -0.036979 0.935232 0.352098 14.235800 -0.088798 -0.354020 0.931013 -2.088100 0.000000 0.000000 0.000000 1.000000
0.995363 0.003442 0.096128 -0.056900 -0.037244 0.935201 0.352154 14.235800 -0.088687 -0.354102 0.930992 -2.088100 0.000000 0.000000 0.000000 1.000000
0.995314 0.004647 0.096583 -0.056900 -0.038310 0.936056 0.349760 14.235800 -0.088781 -0.351821 0.931848 -2.088100 0.000000 0.000000 0.000000 1.000000
0.995168 0.007240 0.097922 -0.056900 -0.040832 0.937470 0.345663 14.235800 -0.089296 -0.347991 0.933236 -2.088100 0.000000 0.000000 0.000000 1.000000
0.995093 0.006111 0.098754 -0.056900 -0.039954 0.937916 0.344554 14.235800 -0.090518 -0.346809 0.933558 -2.088100 0.000000 0.000000 0.000000 1.000000
0.995267 -0.006935 0.096930 -0.056900 -0.027540 0.936430 0.349771 14.235800 -0.093194 -0.350785 0.931807 -2.088100 0.000000 0.000000 0.000000 1.000000
0.995128 -0.032310 0.093148 -0.056900 -0.003203 0.933687 0.358076 14.235800 -0.098540 -0.356629 0.929035 -2.088100 0.000000 0.000000 0.000000 1.000000
0.993812 -0.062460 0.091847 -0.056900 0.024686 0.930434 0.365627 14.235800 -0.108295 -0.361097 0.926219 -2.088100 0.000000 0.000000 0.000000 1.000000
0.991245 -0.091606 0.095088 -0.056900 0.049616 0.925820 0.374695 14.235800 -0.122359 -0.366696 0.922259 -2.088100 0.000000 0.000000 0.000000 1.000000
0.988337 -0.115939 0.098729 -0.056900 0.069210 0.919499 0.386952 14.235800 -0.135644 -0.375606 0.916799 -2.088100 0.000000 0.000000 0.000000 1.000000
0.986782 -0.128882 0.098236 -0.056900 0.079843 0.914188 0.397349 14.235800 -0.141018 -0.384253 0.912394 -2.088100 0.000000 0.000000 0.000000 1.000000
0.987568 -0.125256 0.094972 -0.056900 0.077503 0.913644 0.399058 14.235800 -0.136755 -0.386736 0.911994 -2.088100 0.000000 0.000000 0.000000 1.000000
0.989591 -0.109189 0.093741 -0.056900 0.064359 0.918416 0.390347 14.235800 -0.128715 -0.380251 0.915883 -2.088100 0.000000 0.000000 0.000000 1.000000
0.991143 -0.091405 0.096335 -0.056900 0.048846 0.925499 0.375588 14.235800 -0.123489 -0.367556 0.921766 -2.088100 0.000000 0.000000 0.000000 1.000000
0.991877 -0.078510 0.100079 -0.056900 0.037312 0.931760 0.361153 14.235800 -0.121603 -0.354486 0.927121 -2.088100 0.000000 0.000000 0.000000 1.000000
0.992384 -0.069317 0.101832 -0.056900 0.029372 0.935964 0.350868 14.235800 -0.119632 -0.345205 0.930871 -2.088100 0.000000 0.000000 0.000000 1.000000
0.993025 -0.060693 0.101084 -0.056900 0.022229 0.938330 0.345025 14.235800 -0.115790 -0.340371 0.933135 -2.088100 0.000000 0.000000 0.000000 1.000000
0.993677 -0.052471 0.099259 -0.056900 0.015430 0.939507 0.342182 14.235800 -0.111209 -0.338487 0.934376 -2.088100 0.000000 0.000000 0.000000 1.000000
0.994130 -0.046128 0.097863 -0.056900 0.010093 0.940151 0.340609 14.235800 -0.107717 -0.337622 0.935098 -2.088100 0.000000 0.000000 0.000000 1.000000
0.994369 -0.041841 0.097368 -0.056900 0.006383 0.940742 0.339064 14.235800 -0.105785 -0.336533 0.935711 -2.088100 0.000000 0.000000 0.000000 1.000000
0.994534 -0.038094 0.097212 -0.056900 0.003101 0.941432 0.337188 14.235800 -0.104364 -0.335044 0.936405 -2.088100 0.000000 0.000000 0.000000 1.000000
0.994746 -0.033374 0.096783 -0.056900 -0.001019 0.942096 0.335342 14.235800 -0.102370 -0.333679 0.937112 -2.088100 0.000000 0.000000 0.000000 1.000000
0.994960 -0.027785 0.096347 -0.056900 -0.006075 0.942376 0.334501 14.235800 -0.100089 -0.333400 0.937457 -2.088100 0.000000 0.000000 0.000000 1.000000
0.995090 -0.022566 0.096369 -0.056900 -0.011140 0.941940 0.335598 14.235800 -0.098347 -0.335023 0.937063 -2.088100 0.000000 0.000000 0.000000 1.000000
0.995158 -0.018576 0.096515 -0.056900 -0.015263 0.940858 0.338458 14.235800 -0.097094 -0.338292 0.936019 -2.088100 0.000000 0.000000 0.000000 1.000000
0.995235 -0.015696 0.096234 -0.056900 -0.018246 0.939545 0.341940 14.235800 -0.095783 -0.342067 0.934781 -2.088100 0.000000 0.000000 0.000000 1.000000
0.995338 -0.013147 0.095550 -0.056900 -0.020744 0.938305 0.345185 14.235800 -0.094193 -0.345557 0.933658 -2.088100 0.000000 0.000000 0.000000 1.000000
0.995436 -0.010236 0.094886 -0.056900 -0.023536 0.937192 0.348019 14.235800 -0.092488 -0.348663 0.932673 -2.088100 0.000000 0.000000 0.000000 1.000000
0.995493 -0.007238 0.094562 -0.056900 -0.026475 0.936236 0.350373 14.235800 -0.091068 -0.351297 0.931824 -2.088100 0.000000 0.000000 0.000000 1.000000
0.995505 -0.004884 0.094585 -0.056900 -0.028853 0.935563 0.351979 14.235800 -0.090209 -0.353126 0.931217 -2.088100 0.000000 0.000000 0.000000 1.000000
0.995504 -0.002983 0.094676 -0.056900 -0.030723 0.935299 0.352522 14.235800 -0.089602 -0.353846 0.931002 -2.088100 0.000000 0.000000 0.000000 1.000000
0.995524 -0.000679 0.094502 -0.056900 -0.032790 0.935374 0.352138 14.235800 -0.088634 -0.353660 0.931165 -2.088100 0.000000 0.000000 0.000000 1.000000</float_array><technique_common><accessor source="#mixamorig_Neck-Matrix-animation-output-transform-array" count="36" stride="16"><param type="float4x4"/></accessor></technique_common></source><source id="mixamorig_Neck-Interpolations"><Name_array id="mixamorig_Neck-Interpolations-array" count="36">
 LINEAR LINEAR LINEAR LINEAR LINEAR LINEAR LINEAR LINEAR LINEAR LINEAR LINEAR
LINEAR LINEAR LINEAR LINEAR LINEAR LINEAR LINEAR LINEAR LINEAR LINEAR LINEAR LINEAR
LINEAR LINEAR LINEAR LINEAR LINEAR LINEAR LINEAR LINEAR LINEAR LINEAR LINEAR LINEAR
LINEAR</Name_array><technique_common><accessor source="#mixamorig_Neck-Interpolations-array" count="36"><param type="name"/></accessor></technique_common></source><sampler id="mixamorig_Neck-Matrix-animation-transform"><input semantic="INPUT" source="#mixamorig_Neck-Matrix-animation-input"/><input semantic="OUTPUT" source="#mixamorig_Neck-Matrix-animation-output-transform"/><input semantic="INTERPOLATION" source="#mixamorig_Neck-Interpolations"/></sampler><channel source="#mixamorig_Neck-Matrix-animation-transform" target="mixamorig_Neck/matrix"/></animation>
    <animation id="mixamorig_Head-anim" name="mixamorig_Head"><source id="mixamorig_Head-Matrix-animation-input"><float_array id="mixamorig_Head-Matrix-animation-input-array" count="36">

0.000000 0.033333 0.066667 0.100000 0.133333 0.166667 0.200000 0.233333 0.266667 0.300000 0.333333 0.366667 0.400000 0.433333 0.466667 0.500000
0.533333 0.566667 0.600000 0.633333 0.666667 0.700000 0.733333 0.766667 0.800000 0.833333 0.866667 0.900000 0.933333 0.966667 1.000000 1.033333
1.066667 1.100000 1.133333 1.166667</float_array><technique_common><accessor source="#mixamorig_Head-Matrix-animation-input-array" count="36"><param name="TIME" type="float"/></accessor></technique_common></source><source id="mixamorig_Head-Matrix-animation-output-transform"><float_array id="mixamorig_Head-Matrix-animation-output-transform-array" count="576">

0.999494 0.022477 -0.022526 0.000000 -0.017044 0.975910 0.217508 3.280200 0.026873 -0.217014 0.975799 0.313300 0.000000 0.000000 0.000000 1.000000
0.999499 0.022192 -0.022567 0.000000 -0.016755 0.975899 0.217578 3.280200 0.026852 -0.217091 0.975782 0.313300 0.000000 0.000000 0.000000 1.000000
0.999517 0.021683 -0.022242 0.000000 -0.016323 0.975857 0.217800 3.280200 0.026428 -0.217332 0.975740 0.313300 0.000000 0.000000 0.000000 1.000000
0.999538 0.021360 -0.021619 0.000000 -0.016141 0.975835 0.217911 3.280200 0.025751 -0.217461 0.975729 0.313300 0.000000 0.000000 0.000000 1.000000
0.999547 0.021512 -0.021031 0.000000 -0.016405 0.975733 0.218348 3.280200 0.025217 -0.217904 0.975644 0.313300 0.000000 0.000000 0.000000 1.000000
0.999553 0.021704 -0.020538 0.000000 -0.016644 0.975231 0.220560 3.280200 0.024816 -0.220119 0.975157 0.313300 0.000000 0.000000 0.000000 1.000000
0.999566 0.022120 -0.019446 0.000000 -0.017196 0.974346 0.224396 3.280200 0.023911 -0.223964 0.974304 0.313300 0.000000 0.000000 0.000000 1.000000
0.999505 0.026659 -0.016718 0.000000 -0.022252 0.974445 0.223520 3.280200 0.022250 -0.223038 0.974556 0.313300 0.000000 0.000000 0.000000 1.000000
0.999003 0.042907 -0.012325 0.000000 -0.039440 0.977631 0.206595 3.280200 0.020914 -0.205903 0.978349 0.313300 0.000000 0.000000 0.000000 1.000000
0.997335 0.072403 -0.008977 0.000000 -0.069834 0.983004 0.169782 3.280200 0.021118 -0.168703 0.985441 0.313300 0.000000 0.000000 0.000000 1.000000
0.994746 0.101973 -0.009033 0.000000 -0.099970 0.986619 0.128801 3.280200 0.022046 -0.127221 0.991629 0.313300 0.000000 0.000000 0.000000 1.000000
0.993220 0.115947 -0.008381 0.000000 -0.114380 0.987582 0.107698 3.280200 0.020764 -0.106009 0.994148 0.313300 0.000000 0.000000 0.000000 1.000000
0.993641 0.112564 -0.002664 -0.000000 -0.111538 0.987267 0.113414 3.280200 0.015396 -0.112395 0.993544 0.313300 0.000000 0.000000 0.000000 1.000000
