<?xml version="1.0" encoding="utf-8"?>
<COLLADA xmlns="http://www.collada.org/2005/11/COLLADASchema" version="1.4.1">
  <asset><contributor><author>Mixamo</author><authoring_tool>COLLADA Mixamo exporter</authoring_tool><comments></comments></contributor><created>2018-10-29T13:38:53Z</created><modified>2018-10-29T13:38:53Z</modified><revision></revision><title></title><unit meter="0.010000"/><up_axis>Y_UP</up_axis></asset>
  <library_animations>
    <animation id="mixamorig_Hips-anim" name="mixamorig_Hips"><source id="mixamorig_Hips-Matrix-animation-input"><float_array id="mixamorig_Hips-Matrix-animation-input-array" count="60">

0.000000 0.033333 0.066667 0.100000 0.133333 0.166667 0.200000 0.233333 0.266667 0.300000 0.333333 0.366667 0.400000 0.433333 0.466667 0.500000
0.533333 0.566667 0.600000 0.633333 0.666667 0.700000 0.733333 0.766667 0.800000 0.833333 0.866667 0.900000 0.933333 0.966667 1.000000 1.033333
1.066667 1.100000 1.133333 1.166667 1.200000 1.233333 1.266667 1.300000 1.333333 1.366667 1.400000 1.433333 1.466667 1.500000 1.533333 1.566667
1.600000 1.633333 1.666667 1.700000 1.733333 1.766667 1.800000 1.833333 1.866667 1.900000 1.933333 1.966667</float_array><technique_common><accessor source="#mixamorig_Hips-Matrix-animation-input-array" count="60"><param name="TIME" type="float"/></accessor></technique_common></source><source id="mixamorig_Hips-Matrix-animation-output-transform"><float_array id="mixamorig_Hips-Matrix-animation-output-transform-array" count="960">

0.728542 0.050060 -0.683169 -0.497213 0.004230 0.996978 0.077565 97.941284 0.684988 -0.059399 0.726129 -0.161611 0.000000 0.000000 0.000000 1.000000
0.728243 0.050299 -0.683471 -0.484979 0.004241 0.996953 0.077888 97.951889 0.685306 -0.059620 0.725810 -0.172960 0.000000 0.000000 0.000000 1.000000
0.728030 0.050509 -0.683682 -0.471251 0.004246 0.996931 0.078172 97.963013 0.685532 -0.059814 0.725581 -0.179573 0.000000 0.000000 0.000000 1.000000
0.728032 0.050867 -0.683653 -0.457754 0.004072 0.996905 0.078510 97.975861 0.685531 -0.059942 0.725572 -0.177883 0.000000 0.000000 0.000000 1.000000
0.728315 0.051264 -0.683322 -0.447047 0.003831 0.996878 0.078870 97.990822 0.685231 -0.060060 0.725845 -0.165151 0.000000 0.000000 0.000000 1.000000
0.728819 0.051689 -0.682753 -0.440818 0.003626 0.996841 0.079339 98.007347 0.684697 -0.060300 0.726329 -0.140804 0.000000 0.000000 0.000000 1.000000
0.729388 0.052131 -0.682111 -0.438873 0.003536 0.996792 0.079962 98.025864 0.684091 -0.060736 0.726863 -0.106577 0.000000 0.000000 0.000000 1.000000
0.729861 0.052586 -0.681570 -0.439641 0.003515 0.996735 0.080667 98.048767 0.683586 -0.061271 0.727293 -0.064617 0.000000 0.000000 0.000000 1.000000
0.730142 0.052941 -0.681241 -0.441428 0.003526 0.996689 0.081234 98.078217 0.683286 -0.061715 0.727538 -0.016134 0.000000 0.000000 0.000000 1.000000
0.730211 0.053175 -0.681149 -0.442054 0.003515 0.996661 0.081573 98.112709 0.683213 -0.061960 0.727586 0.038163 0.000000 0.000000 0.000000 1.000000
0.730095 0.053364 -0.681259 -0.438421 0.003479 0.996643 0.081797 98.146538 0.683337 -0.062090 0.727458 0.096392 0.000000 0.000000 0.000000 1.000000
0.729879 0.053633 -0.681469 -0.428003 0.003452 0.996615 0.082133 98.173203 0.683567 -0.062300 0.727224 0.155212 0.000000 0.000000 0.000000 1.000000
0.729753 0.054011 -0.681574 -0.412053 0.003483 0.996568 0.082701 98.190216 0.683702 -0.062726 0.727060 0.211713 0.000000 0.000000 0.000000 1.000000
0.729938 0.054444 -0.681341 -0.396264 0.003570 0.996505 0.083453 98.202209 0.683504 -0.063347 0.727193 0.265486 0.000000 0.000000 0.000000 1.000000
0.730474 0.054949 -0.680726 -0.386803 0.003581 0.996436 0.084276 98.218361 0.682931 -0.063999 0.727674 0.317771 0.000000 0.000000 0.000000 1.000000
0.731077 0.055449 -0.680038 -0.384893 0.003458 0.996378 0.084960 98.245415 0.682286 -0.064464 0.728238 0.368462 0.000000 0.000000 0.000000 1.000000
0.731352 0.055884 -0.679706 -0.386532 0.003197 0.996345 0.085358 98.282898 0.681992 -0.064600 0.728501 0.415694 0.000000 0.000000 0.000000 1.000000
0.731137 0.056200 -0.679912 -0.387035 0.002886 0.996338 0.085458 98.323982 0.682224 -0.064444 0.728297 0.458127 0.000000 0.000000 0.000000 1.000000
0.730642 0.056433 -0.680425 -0.385068 0.002600 0.996341 0.085427 98.360909 0.682756 -0.064186 0.727821 0.497119 0.000000 0.000000 0.000000 1.000000
0.730230 0.056651 -0.680848 -0.382291 0.002382 0.996339 0.085456 98.389267 0.683197 -0.064025 0.727422 0.536297 0.000000 0.000000 0.000000 1.000000
0.730120 0.056804 -0.680954 -0.380955 0.002279 0.996331 0.085556 98.409485 0.683316 -0.064018 0.727311 0.579092 0.000000 0.000000 0.000000 1.000000
0.730280 0.056952 -0.680770 -0.382232 0.002231 0.996315 0.085743 98.425652 0.683145 -0.064135 0.727461 0.627127 0.000000 0.000000 0.000000 1.000000
0.730561 0.057078 -0.680457 -0.385871 0.002213 0.996297 0.085948 98.441635 0.682843 -0.064296 0.727730 0.679137 0.000000 0.000000 0.000000 1.000000
0.730820 0.057115 -0.680176 -0.390875 0.002256 0.996285 0.086083 98.458633 0.682566 -0.064446 0.727977 0.731521 0.000000 0.000000 0.000000 1.000000
0.730949 0.057091 -0.680040 -0.396095 0.002321 0.996281 0.086136 98.474617 0.682428 -0.064540 0.728098 0.779441 0.000000 0.000000 0.000000 1.000000
0.730903 0.057004 -0.680097 -0.400672 0.002390 0.996286 0.086074 98.487045 0.682477 -0.064537 0.728052 0.817898 0.000000 0.000000 0.000000 1.000000
0.730691 0.056911 -0.680332 -0.404789 0.002400 0.996299 0.085920 98.495392 0.682704 -0.064414 0.727850 0.843751 0.000000 0.000000 0.000000 1.000000
0.730432 0.056775 -0.680622 -0.409424 0.002371 0.996322 0.085654 98.501114 0.682982 -0.064178 0.727611 0.856907 0.000000 0.000000 0.000000 1.000000
0.730230 0.056632 -0.680851 -0.415086 0.002294 0.996350 0.085334 98.504700 0.683198 -0.063876 0.727434 0.859463 0.000000 0.000000 0.000000 1.000000
0.730098 0.056542 -0.680999 -0.420946 0.002170 0.996374 0.085053 98.503067 0.683339 -0.063575 0.727328 0.853097 0.000000 0.000000 0.000000 1.000000
0.730015 0.056437 -0.681097 -0.425304 0.002108 0.996394 0.084822 98.490891 0.683428 -0.063357 0.727263 0.837863 0.000000 0.000000 0.000000 1.000000
0.730011 0.056357 -0.681107 -0.427512 0.002113 0.996403 0.084711 98.466263 0.683432 -0.063280 0.727267 0.813955 0.000000 0.000000 0.000000 1.000000
0.730167 0.056347 -0.680941 -0.428818 0.002136 0.996401 0.084741 98.434235 0.683265 -0.063330 0.727419 0.782853 0.000000 0.000000 0.000000 1.000000
0.730470 0.056383 -0.680614 -0.431665 0.002125 0.996394 0.084823 98.405029 0.682942 -0.063407 0.727716 0.747165 0.000000 0.000000 0.000000 1.000000
0.730770 0.056440 -0.680286 -0.437683 0.002048 0.996390 0.084865 98.387589 0.682620 -0.063410 0.728017 0.709337 0.000000 0.000000 0.000000 1.000000
0.730860 0.056272 -0.680204 -0.445722 0.002031 0.996412 0.084614 98.382561 0.682524 -0.063223 0.728123 0.669918 0.000000 0.000000 0.000000 1.000000
0.730643 0.055931 -0.680465 -0.452481 0.002078 0.996452 0.084134 98.381401 0.682756 -0.062886 0.727935 0.627779 0.000000 0.000000 0.000000 1.000000
0.730248 0.055572 -0.680918 -0.455460 0.002160 0.996493 0.083643 98.371437 0.683179 -0.062551 0.727567 0.581968 0.000000 0.000000 0.000000 1.000000
0.729959 0.055299 -0.681251 -0.455787 0.002272 0.996520 0.083324 98.345474 0.683488 -0.062371 0.727293 0.534226 0.000000 0.000000 0.000000 1.000000
0.729970 0.055110 -0.681254 -0.457105 0.002402 0.996531 0.083188 98.306931 0.683475 -0.062362 0.727305 0.488718 0.000000 0.000000 0.000000 1.000000
0.730213 0.054945 -0.681007 -0.462051 0.002537 0.996536 0.083123 98.266808 0.683215 -0.062426 0.727544 0.448594 0.000000 0.000000 0.000000 1.000000
0.730414 0.054736 -0.680808 -0.470691 0.002694 0.996545 0.083011 98.235535 0.682999 -0.062467 0.727743 0.413448 0.000000 0.000000 0.000000 1.000000
0.730341 0.054425 -0.680911 -0.481273 0.002878 0.996567 0.082742 98.215828 0.683076 -0.062390 0.727677 0.379591 0.000000 0.000000 0.000000 1.000000
0.729971 0.054066 -0.681336 -0.491857 0.003069 0.996597 0.082371 98.202499 0.683471 -0.062219 0.727321 0.342329 0.000000 0.000000 0.000000 1.000000
0.729466 0.053715 -0.681905 -0.500768 0.003254 0.996628 0.081988 98.187370 0.684010 -0.062026 0.726831 0.298283 0.000000 0.000000 0.000000 1.000000
0.729041 0.053425 -0.682382 -0.507176 0.003391 0.996655 0.081653 98.165535 0.684462 -0.061843 0.726421 0.246847 0.000000 0.000000 0.000000 1.000000
0.728822 0.053171 -0.682635 -0.511585 0.003480 0.996680 0.081347 98.137383 0.684694 -0.061663 0.726217 0.190215 0.000000 0.000000 0.000000 1.000000
0.728821 0.052900 -0.682658 -0.515328 0.003548 0.996706 0.081024 98.107559 0.684695 -0.061474 0.726232 0.132262 0.000000 0.000000 0.000000 1.000000
0.728971 0.052606 -0.682520 -0.519213 0.003614 0.996733 0.080685 98.081345 0.684535 -0.061284 0.726399 0.076787 0.000000 0.000000 0.000000 1.000000
0.729176 0.052290 -0.682325 -0.522245 0.003700 0.996761 0.080340 98.060875 0.684316 -0.061107 0.726621 0.026667 0.000000 0.000000 0.000000 1.000000
0.729314 0.051913 -0.682207 -0.522322 0.003849 0.996790 0.079967 98.044121 0.684168 -0.060947 0.726773 -0.015842 0.000000 0.000000 0.000000 1.000000
0.729284 0.051509 -0.682269 -0.518559 0.004041 0.996821 0.079576 98.027313 0.684199 -0.060791 0.726757 -0.049200 0.000000 0.000000 0.000000 1.000000
0.729070 0.051253 -0.682517 -0.512183 0.004138 0.996844 0.079277 98.008957 0.684426 -0.060623 0.726557 -0.073118 0.000000 0.000000 0.000000 1.000000
0.728751 0.051105 -0.682869 -0.505737 0.004168 0.996862 0.079052 97.990410 0.684766 -0.060455 0.726251 -0.089870 0.000000 0.000000 0.000000 1.000000
0.728458 0.050977 -0.683191 -0.501202 0.004191 0.996878 0.078852 97.974152 0.685077 -0.060304 0.725970 -0.102870 0.000000 0.000000 0.000000 1.000000
0.728297 0.050840 -0.683373 -0.499275 0.004210 0.996893 0.078652 97.961754 0.685248 -0.060159 0.725821 -0.115020 0.000000 0.000000 0.000000 1.000000
0.728308 0.050653 -0.683376 -0.499281 0.004230 0.996913 0.078401 97.953194 0.685237 -0.059990 0.725845 -0.127771 0.000000 0.000000 0.000000 1.000000
0.728430 0.050403 -0.683264 -0.499665 0.004250 0.996939 0.078073 97.947632 0.685107 -0.059774 0.725986 -0.141338 0.000000 0.000000 0.000000 1.000000
0.728523 0.050131 -0.683185 -0.498437 0.004269 0.996967 0.077708 97.943314 0.685009 -0.059528 0.726099 -0.155151 0.000000 0.000000 0.000000 1.000000
0.728522 0.050000 -0.683195 -0.497276 0.004278 0.996981 0.077526 97.941277 0.685009 -0.059402 0.726109 -0.161898 0.000000 0.000000 0.000000 1.000000</float_array><technique_common><accessor source="#mixamorig_Hips-Matrix-animation-output-transform-array" count="60" stride="16"><param type="float4x4"/></accessor></technique_common></source><source id="mixamorig_Hips-Interpolations"><Name_array id="mixamorig_Hips-Interpolations-array" count="60">
 LINEAR LINEAR LINEAR LINEAR LINEAR LINEAR LINEAR LINEAR LINEAR LINEAR LINEAR
LINEAR LINEAR LINEAR LINEAR LINEAR LINEAR LINEAR LINEAR LINEAR LINEAR LINEAR LINEAR
LINEAR LINEAR LINEAR LINEAR LINEAR LINEAR LINEAR LINEAR LINEAR LINEAR LINEAR LINEAR
LINEAR LINEAR LINEAR LINEAR LINEAR LINEAR LINEAR LINEAR LINEAR LINEAR LINEAR LINEAR
LINEAR LINEAR LINEAR LINEAR LINEAR LINEAR LINEAR LINEAR LINEAR LINEAR LINEAR LINEAR
LINEAR</Name_array><technique_common><accessor source="#mixamorig_Hips-Interpolations-array" count="60"><param type="name"/></accessor></technique_common></source><sampler id="mixamorig_Hips-Matrix-animation-transform"><input semantic="INPUT" source="#mixamorig_Hips-Matrix-animation-input"/><input semantic="OUTPUT" source="#mixamorig_Hips-Matrix-animation-output-transform"/><input semantic="INTERPOLATION" source="#mixamorig_Hips-Interpolations"/></sampler><channel source="#mixamorig_Hips-Matrix-animation-transform" target="mixamorig_Hips/matrix"/></animation>
    <animation id="mixamorig_Spine-anim" name="mixamorig_Spine"><source id="mixamorig_Spine-Matrix-animation-input"><float_array id="mixamorig_Spine-Matrix-animation-input-array" count="60">

0.000000 0.033333 0.066667 0.100000 0.133333 0.166667 0.200000 0.233333 0.266667 0.300000 0.333333 0.366667 0.400000 0.433333 0.466667 0.500000
0.533333 0.566667 0.600000 0.633333 0.666667 0.700000 0.733333 0.766667 0.800000 0.833333 0.866667 0.900000 0.933333 0.966667 1.000000 1.033333
1.066667 1.100000 1.133333 1.166667 1.200000 1.233333 1.266667 1.300000 1.333333 1.366667 1.400000 1.433333 1.466667 1.500000 1.533333 1.566667
1.600000 1.633333 1.666667 1.700000 1.733333 1.766667 1.800000 1.833333 1.866667 1.900000 1.933333 1.966667</float_array><technique_common><accessor source="#mixamorig_Spine-Matrix-animation-input-array" count="60"><param name="TIME" type="float"/></accessor></technique_common></source><source id="mixamorig_Spine-Matrix-animation-output-transform"><float_array id="mixamorig_Spine-Matrix-animation-output-transform-array" count="960">

0.996380 0.023396 0.081723 -0.038100 -0.015037 0.994728 -0.101442 9.490500 -0.083666 0.099846 0.991479 -1.392100 0.000000 0.000000 0.000000 1.000000
0.996380 0.023395 0.081725 -0.038100 -0.015040 0.994733 -0.101392 9.490500 -0.083666 0.099796 0.991484 -1.392100 0.000000 0.000000 0.000000 1.000000
0.996381 0.023370 0.081729 -0.038100 -0.015024 0.994744 -0.101284 9.490500 -0.083667 0.099690 0.991495 -1.392100 0.000000 0.000000 0.000000 1.000000
0.996386 0.023285 0.081687 -0.038100 -0.014957 0.994762 -0.101115 9.490500 -0.083614 0.099527 0.991516 -1.392100 0.000000 0.000000 0.000000 1.000000
0.996398 0.023144 0.081576 -0.038100 -0.014847 0.994788 -0.100882 9.490500 -0.083486 0.099307 0.991548 -1.392100 0.000000 0.000000 0.000000 1.000000
0.996424 0.022915 0.081330 -0.038100 -0.014667 0.994819 -0.100594 9.490500 -0.083214 0.099041 0.991598 -1.392100 0.000000 0.000000 0.000000 1.000000
0.996450 0.022682 0.081078 -0.038100 -0.014488 0.994855 -0.100268 9.490500 -0.082935 0.098737 0.991652 -1.392100 0.000000 0.000000 0.000000 1.000000
0.996466 0.022476 0.080937 -0.038100 -0.014327 0.994895 -0.099895 9.490500 -0.082769 0.098382 0.991701 -1.392100 0.000000 0.000000 0.000000 1.000000
0.996472 0.022293 0.080914 -0.038100 -0.014182 0.994940 -0.099464 9.490500 -0.082721 0.097965 0.991746 -1.392100 0.000000 0.000000 0.000000 1.000000
0.996470 0.022123 0.080978 -0.038100 -0.014048 0.994992 -0.098965 9.490500 -0.082762 0.097478 0.991791 -1.392100 0.000000 0.000000 0.000000 1.000000
0.996465 0.021957 0.081086 -0.038100 -0.013915 0.995046 -0.098440 9.490500 -0.082846 0.096964 0.991834 -1.392100 0.000000 0.000000 0.000000 1.000000
0.996459 0.021787 0.081208 -0.038100 -0.013775 0.995096 -0.097948 9.490500 -0.082943 0.096483 0.991873 -1.392100 0.000000 0.000000 0.000000 1.000000
0.996457 0.021603 0.081286 -0.038100 -0.013620 0.995142 -0.097508 9.490500 -0.082997 0.096055 0.991910 -1.392100 0.000000 0.000000 0.000000 1.000000
0.996464 0.021391 0.081255 -0.038100 -0.013446 0.995184 -0.097097 9.490500 -0.082941 0.095661 0.991952 -1.392100 0.000000 0.000000 0.000000 1.000000
0.996481 0.021134 0.081105 -0.038100 -0.013239 0.995228 -0.096675 9.490500 -0.082762 0.095261 0.992006 -1.392100 0.000000 0.000000 0.000000 1.000000
0.996499 0.020860 0.080956 -0.038100 -0.013018 0.995276 -0.096213 9.490500 -0.082580 0.094822 0.992063 -1.392100 0.000000 0.000000 0.000000 1.000000
0.996508 0.020598 0.080917 -0.038100 -0.012801 0.995326 -0.095719 9.490500 -0.082511 0.094349 0.992114 -1.392100 0.000000 0.000000 0.000000 1.000000
0.996506 0.020385 0.080997 -0.038100 -0.012622 0.995376 -0.095226 9.490500 -0.082564 0.093871 0.992155 -1.392100 0.000000 0.000000 0.000000 1.000000
0.996500 0.020214 0.081114 -0.038100 -0.012478 0.995421 -0.094767 9.490500 -0.082659 0.093423 0.992189 -1.392100 0.000000 0.000000 0.000000 1.000000
0.996497 0.020052 0.081189 -0.038100 -0.012343 0.995461 -0.094369 9.490500 -0.082712 0.093036 0.992221 -1.392100 0.000000 0.000000 0.000000 1.000000
0.996501 0.019891 0.081183 -0.038100 -0.012212 0.995496 -0.094010 9.490500 -0.082688 0.092689 0.992256 -1.392100 0.000000 0.000000 0.000000 1.000000
0.996508 0.019737 0.081127 -0.038100 -0.012092 0.995530 -0.093669 9.490500 -0.082613 0.092361 0.992293 -1.392100 0.000000 0.000000 0.000000 1.000000
0.996515 0.019596 0.081076 -0.038100 -0.011983 0.995563 -0.093335 9.490500 -0.082546 0.092039 0.992328 -1.392100 0.000000 0.000000 0.000000 1.000000
0.996519 0.019477 0.081062 -0.038100 -0.011892 0.995593 -0.093026 9.490500 -0.082517 0.091739 0.992358 -1.392100 0.000000 0.000000 0.000000 1.000000
0.996519 0.019385 0.081075 -0.038100 -0.011820 0.995617 -0.092772 9.490500 -0.082518 0.091490 0.992381 -1.392100 0.000000 0.000000 0.000000 1.000000
0.996518 0.019333 0.081111 -0.038100 -0.011779 0.995634 -0.092600 9.490500 -0.082547 0.091322 0.992394 -1.392100 0.000000 0.000000 0.000000 1.000000
0.996514 0.019330 0.081152 -0.038100 -0.011777 0.995639 -0.092546 9.490500 -0.082587 0.091268 0.992396 -1.392100 0.000000 0.000000 0.000000 1.000000
0.996510 0.019381 0.081188 -0.038100 -0.011817 0.995630 -0.092634 9.490500 -0.082629 0.091352 0.992385 -1.392100 0.000000 0.000000 0.000000 1.000000
0.996506 0.019464 0.081217 -0.038100 -0.011880 0.995610 -0.092838 9.490500 -0.082668 0.091548 0.992363 -1.392100 0.000000 0.000000 0.000000 1.000000
0.996502 0.019563 0.081250 -0.038100 -0.011955 0.995586 -0.093093 9.490500 -0.082712 0.091796 0.992337 -1.392100 0.000000 0.000000 0.000000 1.000000
0.996497 0.019678 0.081282 -0.038100 -0.012043 0.995558 -0.093375 9.490500 -0.082758 0.092069 0.992308 -1.392100 0.000000 0.000000 0.000000 1.000000
0.996494 0.019799 0.081284 -0.038100 -0.012135 0.995525 -0.093716 9.490500 -0.082776 0.092401 0.992275 -1.392100 0.000000 0.000000 0.000000 1.000000
0.996495 0.019919 0.081244 -0.038100 -0.012224 0.995484 -0.094138 9.490500 -0.082752 0.092815 0.992239 -1.392100 0.000000 0.000000 0.000000 1.000000
0.996498 0.020032 0.081183 -0.038100 -0.012306 0.995441 -0.094577 9.490500 -0.082707 0.093247 0.992202 -1.392100 0.000000 0.000000 0.000000 1.000000
0.996499 0.020145 0.081145 -0.038100 -0.012389 0.995403 -0.094975 9.490500 -0.082685 0.093637 0.992167 -1.392100 0.000000 0.000000 0.000000 1.000000
0.996494 0.020280 0.081164 -0.038100 -0.012494 0.995369 -0.095317 9.490500 -0.082721 0.093969 0.992133 -1.392100 0.000000 0.000000 0.000000 1.000000
0.996486 0.020443 0.081229 -0.038100 -0.012623 0.995336 -0.095639 9.490500 -0.082805 0.094277 0.992096 -1.392100 0.000000 0.000000 0.000000 1.000000
0.996477 0.020619 0.081287 -0.038100 -0.012766 0.995302 -0.095975 9.490500 -0.082884 0.094600 0.992059 -1.392100 0.000000 0.000000 0.000000 1.000000
0.996473 0.020780 0.081297 -0.038100 -0.012893 0.995263 -0.096360 9.490500 -0.082914 0.094972 0.992021 -1.392100 0.000000 0.000000 0.000000 1.000000
0.996474 0.020899 0.081260 -0.038100 -0.012982 0.995223 -0.096764 9.490500 -0.082894 0.095368 0.991985 -1.392100 0.000000 0.000000 0.000000 1.000000
0.996475 0.021024 0.081207 -0.038100 -0.013081 0.995185 -0.097133 9.490500 -0.082858 0.095729 0.991953 -1.392100 0.000000 0.000000 0.000000 1.000000
0.996474 0.021169 0.081190 -0.038100 -0.013202 0.995154 -0.097440 9.490500 -0.082860 0.096025 0.991924 -1.392100 0.000000 0.000000 0.000000 1.000000
0.996467 0.021336 0.081231 -0.038100 -0.013342 0.995126 -0.097705 9.490500 -0.082920 0.096276 0.991895 -1.392100 0.000000 0.000000 0.000000 1.000000
0.996456 0.021523 0.081317 -0.038100 -0.013499 0.995098 -0.097972 9.490500 -0.083027 0.096527 0.991861 -1.392100 0.000000 0.000000 0.000000 1.000000
0.996442 0.021731 0.081432 -0.038100 -0.013670 0.995066 -0.098270 9.490500 -0.083165 0.096807 0.991822 -1.392100 0.000000 0.000000 0.000000 1.000000
0.996428 0.021938 0.081542 -0.038100 -0.013839 0.995032 -0.098591 9.490500 -0.083300 0.097110 0.991782 -1.392100 0.000000 0.000000 0.000000 1.000000
0.996418 0.022130 0.081613 -0.038100 -0.013996 0.994997 -0.098924 9.490500 -0.083394 0.097427 0.991743 -1.392100 0.000000 0.000000 0.000000 1.000000
0.996412 0.022308 0.081645 -0.038100 -0.014143 0.994962 -0.099252 9.490500 -0.083448 0.097742 0.991707 -1.392100 0.000000 0.000000 0.000000 1.000000
0.996408 0.022467 0.081650 -0.038100 -0.014275 0.994928 -0.099570 9.490500 -0.083473 0.098046 0.991675 -1.392100 0.000000 0.000000 0.000000 1.000000
0.996405 0.022611 0.081647 -0.038100 -0.014393 0.994897 -0.099868 9.490500 -0.083488 0.098334 0.991645 -1.392100 0.000000 0.000000 0.000000 1.000000
0.996402 0.022742 0.081644 -0.038100 -0.014501 0.994867 -0.100147 9.490500 -0.083502 0.098602 0.991617 -1.392100 0.000000 0.000000 0.000000 1.000000
0.996399 0.022862 0.081653 -0.038100 -0.014599 0.994840 -0.100402 9.490500 -0.083527 0.098849 0.991591 -1.392100 0.000000 0.000000 0.000000 1.000000
0.996393 0.022951 0.081692 -0.038100 -0.014664 0.994816 -0.100626 9.490500 -0.083578 0.099066 0.991565 -1.392100 0.000000 0.000000 0.000000 1.000000
0.996388 0.023008 0.081742 -0.038100 -0.014700 0.994796 -0.100818 9.490500 -0.083636 0.099252 0.991541 -1.392100 0.000000 0.000000 0.000000 1.000000
0.996384 0.023057 0.081778 -0.038100 -0.014732 0.994779 -0.100987 9.490500 -0.083679 0.099417 0.991521 -1.392100 0.000000 0.000000 0.000000 1.000000
0.996382 0.023119 0.081783 -0.038100 -0.014780 0.994762 -0.101140 9.490500 -0.083693 0.099565 0.991505 -1.392100 0.000000 0.000000 0.000000 1.000000
0.996381 0.023184 0.081773 -0.038100 -0.014835 0.994749 -0.101268 9.490500 -0.083691 0.099689 0.991493 -1.392100 0.000000 0.000000 0.000000 1.000000
0.996381 0.023243 0.081763 -0.038100 -0.014886 0.994737 -0.101370 9.490500 -0.083689 0.099786 0.991483 -1.392100 0.000000 0.000000 0.000000 1.000000
0.996380 0.023285 0.081758 -0.038100 -0.014921 0.994727 -0.101463 9.490500 -0.083689 0.099876 0.991474 -1.392100 0.000000 0.000000 0.000000 1.000000
0.996380 0.023303 0.081757 -0.038100 -0.014936 0.994723 -0.101502 9.490500 -0.083691 0.099914 0.991470 -1.392100 0.000000 0.000000 0.000000 1.000000</float_array><technique_common><accessor source="#mixamorig_Spine-Matrix-animation-output-transform-array" count="60" stride="16"><param type="float4x4"/></accessor></technique_common></source><source id="mixamorig_Spine-Interpolations"><Name_array id="mixamorig_Spine-Interpolations-array" count="60">
 LINEAR LINEAR LINEAR LINEAR LINEAR LINEAR LINEAR LINEAR LINEAR LINEAR LINEAR
LINEAR LINEAR LINEAR LINEAR LINEAR LINEAR LINEAR LINEAR LINEAR LINEAR LINEAR LINEAR
LINEAR LINEAR LINEAR LINEAR LINEAR LINEAR LINEAR LINEAR LINEAR LINEAR LINEAR LINEAR
LINEAR LINEAR LINEAR LINEAR LINEAR LINEAR LINEAR LINEAR LINEAR LINEAR LINEAR LINEAR
LINEAR LINEAR LINEAR LINEAR LINEAR LINEAR LINEAR LINEAR LINEAR LINEAR LINEAR LINEAR
LINEAR</Name_array><technique_common><accessor source="#mixamorig_Spine-Interpolations-array" count="60"><param type="name"/></accessor></technique_common></source><sampler id="mixamorig_Spine-Matrix-animation-transform"><input semantic="INPUT" source="#mixamorig_Spine-Matrix-animation-input"/><input semantic="OUTPUT" source="#mixamorig_Spine-Matrix-animation-output-transform"/><input semantic="INTERPOLATION" source="#mixamorig_Spine-Interpolations"/></sampler><channel source="#mixamorig_Spine-Matrix-animation-transform" target="mixamorig_Spine/matrix"/></animation>
    <animation id="mixamorig_Spine1-anim" name="mixamorig_Spine1"><source id="mixamorig_Spine1-Matrix-animation-input"><float_array id="mixamorig_Spine1-Matrix-animation-input-array" count="60">

0.000000 0.033333 0.066667 0.100000 0.133333 0.166667 0.200000 0.233333 0.266667 0.300000 0.333333 0.366667 0.400000 0.433333 0.466667 0.500000
0.533333 0.566667 0.600000 0.633333 0.666667 0.700000 0.733333 0.766667 0.800000 0.833333 0.866667 0.900000 0.933333 0.966667 1.000000 1.033333
1.066667 1.100000 1.133333 1.166667 1.200000 1.233333 1.266667 1.300000 1.333333 1.366667 1.400000 1.433333 1.466667 1.500000 1.533333 1.566667
1.600000 1.633333 1.666667 1.700000 1.733333 1.766667 1.800000 1.833333 1.866667 1.900000 1.933333 1.966667</float_array><technique_common><accessor source="#mixamorig_Spine1-Matrix-animation-input-array" count="60"><param name="TIME" type="float"/></accessor></technique_common></source><source id="mixamorig_Spine1-Matrix-animation-output-transform"><float_array id="mixamorig_Spine1-Matrix-animation-output-transform-array" count="960">

0.986184 0.053092 0.156915 -0.044200 -0.020480 0.979057 -0.202553 11.072300 -0.164383 0.196541 0.966618 -1.624100 0.000000 0.000000 0.000000 1.000000
0.986184 0.053064 0.156923 -0.044200 -0.020467 0.979078 -0.202452 11.072300 -0.164382 0.196443 0.966638 -1.624100 0.000000 0.000000 0.000000 1.000000
0.986185 0.052995 0.156941 -0.044200 -0.020432 0.979124 -0.202237 11.072300 -0.164382 0.196236 0.966680 -1.624100 0.000000 0.000000 0.000000 1.000000
0.986204 0.052853 0.156871 -0.044200 -0.020362 0.979194 -0.201904 11.072300 -0.164278 0.195924 0.966761 -1.624100 0.000000 0.000000 0.000000 1.000000
0.986247 0.052629 0.156673 -0.044200 -0.020256 0.979290 -0.201448 11.072300 -0.164030 0.195504 0.966888 -1.624100 0.000000 0.000000 0.000000 1.000000
0.986341 0.052236 0.156217 -0.044200 -0.020054 0.979411 -0.200880 11.072300 -0.163493 0.195003 0.967080 -1.624100 0.000000 0.000000 0.000000 1.000000
0.986435 0.051839 0.155749 -0.044200 -0.019861 0.979546 -0.200238 11.072300 -0.162944 0.194429 0.967288 -1.624100 0.000000 0.000000 0.000000 1.000000
0.986492 0.051509 0.155501 -0.044200 -0.019706 0.979698 -0.199506 11.072300 -0.162621 0.193746 0.967480 -1.624100 0.000000 0.000000 0.000000 1.000000
0.986508 0.051242 0.155489 -0.044200 -0.019585 0.979872 -0.198663 11.072300 -0.162539 0.192938 0.967655 -1.624100 0.000000 0.000000 0.000000 1.000000
0.986494 0.051018 0.155650 -0.044200 -0.019494 0.980071 -0.197690 11.072300 -0.162634 0.191985 0.967828 -1.624100 0.000000 0.000000 0.000000 1.000000
0.986465 0.050809 0.155901 -0.044200 -0.019409 0.980278 -0.196668 11.072300 -0.162819 0.190980 0.967996 -1.624100 0.000000 0.000000 0.000000 1.000000
0.986433 0.050591 0.156173 -0.044200 -0.019301 0.980472 -0.195707 11.072300 -0.163024 0.190037 0.968147 -1.624100 0.000000 0.000000 0.000000 1.000000
0.986418 0.050325 0.156357 -0.044200 -0.019145 0.980647 -0.194845 11.072300 -0.163137 0.189205 0.968291 -1.624100 0.000000 0.000000 0.000000 1.000000
0.986440 0.049980 0.156329 -0.044200 -0.018944 0.980811 -0.194037 11.072300 -0.163028 0.188444 0.968458 -1.624100 0.000000 0.000000 0.000000 1.000000
0.986502 0.049557 0.156070 -0.044200 -0.018714 0.980980 -0.193206 11.072300 -0.162676 0.187678 0.968666 -1.624100 0.000000 0.000000 0.000000 1.000000
0.986563 0.049129 0.155817 -0.044200 -0.018489 0.981162 -0.192298 11.072300 -0.162329 0.186834 0.968887 -1.624100 0.000000 0.000000 0.000000 1.000000
0.986587 0.048753 0.155785 -0.044200 -0.018283 0.981355 -0.191332 11.072300 -0.162209 0.185917 0.969084 -1.624100 0.000000 0.000000 0.000000 1.000000
0.986569 0.048478 0.155985 -0.044200 -0.018132 0.981545 -0.190371 11.072300 -0.162335 0.184985 0.969241 -1.624100 0.000000 0.000000 0.000000 1.000000
0.986537 0.048268 0.156255 -0.044200 -0.018022 0.981720 -0.189475 11.072300 -0.162544 0.184108 0.969373 -1.624100 0.000000 0.000000 0.000000 1.000000
0.986519 0.048061 0.156433 -0.044200 -0.017913 0.981872 -0.188699 11.072300 -0.162666 0.183353 0.969495 -1.624100 0.000000 0.000000 0.000000 1.000000
0.986527 0.047835 0.156452 -0.044200 -0.017802 0.982008 -0.187996 11.072300 -0.162630 0.182678 0.969629 -1.624100 0.000000 0.000000 0.000000 1.000000
0.986550 0.047624 0.156368 -0.044200 -0.017719 0.982137 -0.187331 11.072300 -0.162497 0.182041 0.969771 -1.624100 0.000000 0.000000 0.000000 1.000000
0.986570 0.047449 0.156293 -0.044200 -0.017667 0.982262 -0.186682 11.072300 -0.162378 0.181413 0.969908 -1.624100 0.000000 0.000000 0.000000 1.000000
0.986578 0.047315 0.156287 -0.044200 -0.017636 0.982376 -0.186082 11.072300 -0.162337 0.180828 0.970025 -1.624100 0.000000 0.000000 0.000000 1.000000
0.986575 0.047223 0.156333 -0.044200 -0.017618 0.982470 -0.185588 11.072300 -0.162356 0.180342 0.970112 -1.624100 0.000000 0.000000 0.000000 1.000000
0.986563 0.047189 0.156417 -0.044200 -0.017624 0.982532 -0.185256 11.072300 -0.162427 0.180010 0.970162 -1.624100 0.000000 0.000000 0.000000 1.000000
0.986547 0.047238 0.156503 -0.044200 -0.017674 0.982550 -0.185158 11.072300 -0.162518 0.179901 0.970167 -1.624100 0.000000 0.000000 0.000000 1.000000
0.986530 0.047378 0.156566 -0.044200 -0.017772 0.982514 -0.185339 11.072300 -0.162609 0.180060 0.970122 -1.624100 0.000000 0.000000 0.000000 1.000000
0.986514 0.047577 0.156612 -0.044200 -0.017893 0.982435 -0.185746 11.072300 -0.162698 0.180439 0.970037 -1.624100 0.000000 0.000000 0.000000 1.000000
0.986495 0.047802 0.156659 -0.044200 -0.018022 0.982336 -0.186257 11.072300 -0.162795 0.180918 0.969931 -1.624100 0.000000 0.000000 0.000000 1.000000
0.986478 0.048017 0.156699 -0.044200 -0.018136 0.982228 -0.186815 11.072300 -0.162885 0.181447 0.969817 -1.624100 0.000000 0.000000 0.000000 1.000000
0.986473 0.048209 0.156676 -0.044200 -0.018218 0.982099 -0.187484 11.072300 -0.162910 0.182094 0.969692 -1.624100 0.000000 0.000000 0.000000 1.000000
0.986482 0.048378 0.156565 -0.044200 -0.018268 0.981940 -0.188310 11.072300 -0.162848 0.182904 0.969550 -1.624100 0.000000 0.000000 0.000000 1.000000
0.986498 0.048536 0.156414 -0.044200 -0.018310 0.981774 -0.189169 11.072300 -0.162744 0.183751 0.969407 -1.624100 0.000000 0.000000 0.000000 1.000000
0.986506 0.048712 0.156312 -0.044200 -0.018373 0.981622 -0.189950 11.072300 -0.162692 0.184515 0.969271 -1.624100 0.000000 0.000000 0.000000 1.000000
0.986493 0.048927 0.156327 -0.044200 -0.018472 0.981490 -0.190621 11.072300 -0.162760 0.185159 0.969136 -1.624100 0.000000 0.000000 0.000000 1.000000
0.986464 0.049179 0.156432 -0.044200 -0.018596 0.981365 -0.191252 11.072300 -0.162922 0.185755 0.968995 -1.624100 0.000000 0.000000 0.000000 1.000000
0.986437 0.049434 0.156520 -0.044200 -0.018723 0.981234 -0.191911 11.072300 -0.163069 0.186378 0.968851 -1.624100 0.000000 0.000000 0.000000 1.000000
0.986429 0.049634 0.156508 -0.044200 -0.018798 0.981086 -0.192660 11.072300 -0.163110 0.187103 0.968704 -1.624100 0.000000 0.000000 0.000000 1.000000
0.986439 0.049748 0.156405 -0.044200 -0.018798 0.980931 -0.193443 11.072300 -0.163046 0.187879 0.968565 -1.624100 0.000000 0.000000 0.000000 1.000000
0.986454 0.049882 0.156270 -0.044200 -0.018837 0.980789 -0.194159 11.072300 -0.162953 0.188586 0.968443 -1.624100 0.000000 0.000000 0.000000 1.000000
0.986455 0.050069 0.156206 -0.044200 -0.018935 0.980669 -0.194758 11.072300 -0.162937 0.189162 0.968333 -1.624100 0.000000 0.000000 0.000000 1.000000
0.986434 0.050307 0.156260 -0.044200 -0.019074 0.980563 -0.195276 11.072300 -0.163047 0.189646 0.968220 -1.624100 0.000000 0.000000 0.000000 1.000000
0.986397 0.050582 0.156407 -0.044200 -0.019231 0.980456 -0.195798 11.072300 -0.163254 0.190126 0.968091 -1.624100 0.000000 0.000000 0.000000 1.000000
0.986350 0.050887 0.156604 -0.044200 -0.019398 0.980336 -0.196380 11.072300 -0.163518 0.190662 0.967941 -1.624100 0.000000 0.000000 0.000000 1.000000
0.986305 0.051178 0.156793 -0.044200 -0.019544 0.980208 -0.197005 11.072300 -0.163772 0.191243 0.967784 -1.624100 0.000000 0.000000 0.000000 1.000000
0.986274 0.051431 0.156903 -0.044200 -0.019664 0.980075 -0.197653 11.072300 -0.163942 0.191855 0.967634 -1.624100 0.000000 0.000000 0.000000 1.000000
0.986257 0.051655 0.156936 -0.044200 -0.019771 0.979944 -0.198291 11.072300 -0.164031 0.192463 0.967498 -1.624100 0.000000 0.000000 0.000000 1.000000
0.986249 0.051851 0.156919 -0.044200 -0.019865 0.979817 -0.198906 11.072300 -0.164066 0.193054 0.967374 -1.624100 0.000000 0.000000 0.000000 1.000000
0.986245 0.052024 0.156889 -0.044200 -0.019945 0.979698 -0.199486 11.072300 -0.164082 0.193613 0.967260 -1.624100 0.000000 0.000000 0.000000 1.000000
0.986241 0.052178 0.156863 -0.044200 -0.020012 0.979586 -0.200026 11.072300 -0.164098 0.194135 0.967152 -1.624100 0.000000 0.000000 0.000000 1.000000
0.986234 0.052314 0.156863 -0.044200 -0.020063 0.979484 -0.200521 11.072300 -0.164135 0.194613 0.967050 -1.624100 0.000000 0.000000 0.000000 1.000000
0.986218 0.052421 0.156925 -0.044200 -0.020083 0.979395 -0.200955 11.072300 -0.164225 0.195034 0.966950 -1.624100 0.000000 0.000000 0.000000 1.000000
0.986201 0.052491 0.157010 -0.044200 -0.020072 0.979318 -0.201327 11.072300 -0.164330 0.195397 0.966859 -1.624100 0.000000 0.000000 0.000000 1.000000
0.986188 0.052553 0.157069 -0.044200 -0.020066 0.979251 -0.201655 11.072300 -0.164408 0.195718 0.966781 -1.624100 0.000000 0.000000 0.000000 1.000000
0.986184 0.052649 0.157067 -0.044200 -0.020110 0.979188 -0.201955 11.072300 -0.164431 0.196006 0.966718 -1.624100 0.000000 0.000000 0.000000 1.000000
0.986183 0.052746 0.157036 -0.044200 -0.020170 0.979135 -0.202206 11.072300 -0.164425 0.196245 0.966671 -1.624100 0.000000 0.000000 0.000000 1.000000
0.986183 0.052829 0.157009 -0.044200 -0.020224 0.979093 -0.202405 11.072300 -0.164420 0.196433 0.966633 -1.624100 0.000000 0.000000 0.000000 1.000000
0.986183 0.052881 0.156995 -0.044200 -0.020248 0.979055 -0.202586 11.072300 -0.164420 0.196608 0.966598 -1.624100 0.000000 0.000000 0.000000 1.000000
0.986182 0.052902 0.156989 -0.044200 -0.020257 0.979039 -0.202661 11.072300 -0.164420 0.196681 0.966583 -1.624100 0.000000 0.000000 0.000000 1.000000</float_array><technique_common><accessor source="#mixamorig_Spine1-Matrix-animation-output-transform-array" count="60" stride="16"><param type="float4x4"/></accessor></technique_common></source><source id="mixamorig_Spine1-Interpolations"><Name_array id="mixamorig_Spine1-Interpolations-array" count="60">
 LINEAR LINEAR LINEAR LINEAR LINEAR LINEAR LINEAR LINEAR LINEAR LINEAR LINEAR
LINEAR LINEAR LINEAR LINEAR LINEAR LINEAR LINEAR LINEAR LINEAR LINEAR LINEAR LINEAR
LINEAR LINEAR LINEAR LINEAR LINEAR LINEAR LINEAR LINEAR LINEAR LINEAR LINEAR LINEAR
LINEAR LINEAR LINEAR LINEAR LINEAR LINEAR LINEAR LINEAR LINEAR LINEAR LINEAR LINEAR
LINEAR LINEAR LINEAR LINEAR LINEAR LINEAR LINEAR LINEAR LINEAR LINEAR LINEAR LINEAR
LINEAR</Name_array><technique_common><accessor source="#mixamorig_Spine1-Interpolations-array" count="60"><param type="name"/></accessor></technique_common></source><sampler id="mixamorig_Spine1-Matrix-animation-transform"><input semantic="INPUT" source="#mixamorig_Spine1-Matrix-animation-input"/><input semantic="OUTPUT" source="#mixamorig_Spine1-Matrix-animation-output-transform"/><input semantic="INTERPOLATION" source="#mixamorig_Spine1-Interpolations"/></sampler><channel source="#mixamorig_Spine1-Matrix-animation-transform" target="mixamorig_Spine1/matrix"/></animation>
    <animation id="mixamorig_Spine2-anim" name="mixamorig_Spine2"><source id="mixamorig_Spine2-Matrix-animation-input"><float_array id="mixamorig_Spine2-Matrix-animation-input-array" count="60">

0.000000 0.033333 0.066667 0.100000 0.133333 0.166667 0.200000 0.233333 0.266667 0.300000 0.333333 0.366667 0.400000 0.433333 0.466667 0.500000
0.533333 0.566667 0.600000 0.633333 0.666667 0.700000 0.733333 0.766667 0.800000 0.833333 0.866667 0.900000 0.933333 0.966667 1.000000 1.033333
1.066667 1.100000 1.133333 1.166667 1.200000 1.233333 1.266667 1.300000 1.333333 1.366667 1.400000 1.433333 1.466667 1.500000 1.533333 1.566667
1.600000 1.633333 1.666667 1.700000 1.733333 1.766667 1.800000 1.833333 1.866667 1.900000 1.933333 1.966667</float_array><technique_common><accessor source="#mixamorig_Spine2-Matrix-animation-input-array" count="60"><param name="TIME" type="float"/></accessor></technique_common></source><source id="mixamorig_Spine2-Matrix-animation-output-transform"><float_array id="mixamorig_Spine2-Matrix-animation-output-transform-array" count="960">

0.986184 0.053092 0.156915 -0.050500 -0.020480 0.979057 -0.202553 12.654000 -0.164382 0.196541 0.966618 -1.856100 0.000000 0.000000 0.000000 1.000000
0.986184 0.053064 0.156923 -0.050500 -0.020467 0.979078 -0.202452 12.654000 -0.164382 0.196443 0.966638 -1.856100 0.000000 0.000000 0.000000 1.000000
0.986185 0.052995 0.156941 -0.050500 -0.020432 0.979124 -0.202237 12.654000 -0.164382 0.196236 0.966680 -1.856100 0.000000 0.000000 0.000000 1.000000
0.986204 0.052853 0.156870 -0.050500 -0.020362 0.979194 -0.201904 12.654000 -0.164278 0.195924 0.966761 -1.856100 0.000000 0.000000 0.000000 1.000000
0.986247 0.052629 0.156673 -0.050500 -0.020256 0.979290 -0.201448 12.654000 -0.164030 0.195504 0.966888 -1.856100 0.000000 0.000000 0.000000 1.000000
0.986341 0.052236 0.156217 -0.050500 -0.020054 0.979411 -0.200880 12.654000 -0.163493 0.195003 0.967080 -1.856100 0.000000 0.000000 0.000000 1.000000
0.986435 0.051839 0.155749 -0.050500 -0.019861 0.979546 -0.200238 12.654000 -0.162944 0.194429 0.967288 -1.856100 0.000000 0.000000 0.000000 1.000000
0.986492 0.051509 0.155501 -0.050500 -0.019706 0.979699 -0.199506 12.654000 -0.162621 0.193746 0.967480 -1.856100 0.000000 0.000000 0.000000 1.000000
0.986508 0.051242 0.155489 -0.050500 -0.019585 0.979872 -0.198663 12.654000 -0.162539 0.192938 0.967655 -1.856100 0.000000 0.000000 0.000000 1.000000
0.986494 0.051018 0.155651 -0.050500 -0.019494 0.980071 -0.197690 12.654000 -0.162634 0.191985 0.967828 -1.856100 0.000000 0.000000 0.000000 1.000000
0.986465 0.050809 0.155901 -0.050500 -0.019409 0.980278 -0.196668 12.654000 -0.162819 0.190980 0.967996 -1.856100 0.000000 0.000000 0.000000 1.000000
0.986433 0.050591 0.156173 -0.050500 -0.019301 0.980472 -0.195707 12.654000 -0.163024 0.190038 0.968147 -1.856100 0.000000 0.000000 0.000000 1.000000
0.986418 0.050324 0.156357 -0.050500 -0.019145 0.980647 -0.194845 12.654000 -0.163137 0.189205 0.968291 -1.856100 0.000000 0.000000 0.000000 1.000000
0.986440 0.049980 0.156330 -0.050500 -0.018944 0.980811 -0.194037 12.654000 -0.163028 0.188444 0.968458 -1.856100 0.000000 0.000000 0.000000 1.000000
0.986502 0.049557 0.156070 -0.050500 -0.018714 0.980980 -0.193206 12.654000 -0.162676 0.187678 0.968666 -1.856100 0.000000 0.000000 0.000000 1.000000
0.986563 0.049129 0.155817 -0.050500 -0.018489 0.981162 -0.192298 12.654000 -0.162329 0.186834 0.968887 -1.856100 0.000000 0.000000 0.000000 1.000000
0.986587 0.048753 0.155786 -0.050500 -0.018283 0.981355 -0.191332 12.654000 -0.162209 0.185917 0.969084 -1.856100 0.000000 0.000000 0.000000 1.000000
0.986569 0.048478 0.155985 -0.050500 -0.018132 0.981545 -0.190371 12.654000 -0.162335 0.184985 0.969241 -1.856100 0.000000 0.000000 0.000000 1.000000
0.986537 0.048268 0.156255 -0.050500 -0.018022 0.981720 -0.189475 12.654000 -0.162545 0.184108 0.969373 -1.856100 0.000000 0.000000 0.000000 1.000000
0.986519 0.048061 0.156433 -0.050500 -0.017913 0.981872 -0.188699 12.654000 -0.162666 0.183353 0.969495 -1.856100 0.000000 0.000000 0.000000 1.000000
0.986527 0.047835 0.156452 -0.050500 -0.017802 0.982008 -0.187996 12.654000 -0.162630 0.182678 0.969629 -1.856100 0.000000 0.000000 0.000000 1.000000
0.986550 0.047624 0.156368 -0.050500 -0.017719 0.982137 -0.187331 12.654000 -0.162497 0.182041 0.969771 -1.856100 0.000000 0.000000 0.000000 1.000000
0.986570 0.047449 0.156293 -0.050500 -0.017667 0.982262 -0.186682 12.654000 -0.162378 0.181413 0.969909 -1.856100 0.000000 0.000000 0.000000 1.000000
0.986578 0.047315 0.156287 -0.050500 -0.017636 0.982376 -0.186082 12.654000 -0.162338 0.180828 0.970025 -1.856100 0.000000 0.000000 0.000000 1.000000
0.986575 0.047223 0.156333 -0.050500 -0.017618 0.982470 -0.185587 12.654000 -0.162356 0.180342 0.970112 -1.856100 0.000000 0.000000 0.000000 1.000000
0.986563 0.047189 0.156417 -0.050500 -0.017624 0.982532 -0.185256 12.654000 -0.162427 0.180010 0.970162 -1.856100 0.000000 0.000000 0.000000 1.000000
0.986547 0.047238 0.156503 -0.050500 -0.017674 0.982550 -0.185158 12.654000 -0.162518 0.179901 0.970167 -1.856100 0.000000 0.000000 0.000000 1.000000
0.986530 0.047379 0.156566 -0.050500 -0.017772 0.982514 -0.185339 12.654000 -0.162610 0.180060 0.970122 -1.856100 0.000000 0.000000 0.000000 1.000000
0.986514 0.047577 0.156612 -0.050500 -0.017893 0.982435 -0.185746 12.654000 -0.162698 0.180439 0.970037 -1.856100 0.000000 0.000000 0.000000 1.000000
0.986495 0.047802 0.156659 -0.050500 -0.018022 0.982336 -0.186257 12.654000 -0.162795 0.180918 0.969931 -1.856100 0.000000 0.000000 0.000000 1.000000
