<?xml version="1.0" encoding="utf-8"?>
<COLLADA xmlns="http://www.collada.org/2005/11/COLLADASchema" version="1.4.1">
  <asset><contributor><author>Mixamo</author><authoring_tool>COLLADA Mixamo exporter</authoring_tool><comments></comments></contributor><created>2018-10-29T14:01:14Z</created><modified>2018-10-29T14:01:14Z</modified><revision></revision><title></title><unit meter="0.010000"/><up_axis>Y_UP</up_axis></asset>
  <library_animations>
    <animation id="mixamorig_Hips-anim" name="mixamorig_Hips"><source id="mixamorig_Hips-Matrix-animation-input"><float_array id="mixamorig_Hips-Matrix-animation-input-array" count="29">

0.000000 0.033333 0.066667 0.100000 0.133333 0.166667 0.200000 0.233333 0.266667 0.300000 0.333333 0.366667 0.400000 0.433333 0.466667 0.500000
0.533333 0.566667 0.600000 0.633333 0.666667 0.700000 0.733333 0.766667 0.800000 0.833333 0.866667 0.900000 0.933333</float_array><technique_common><accessor source="#mixamorig_Hips-Matrix-animation-input-array" count="29"><param name="TIME" type="float"/></accessor></technique_common></source><source id="mixamorig_Hips-Matrix-animation-output-transform"><float_array id="mixamorig_Hips-Matrix-animation-output-transform-array" count="464">

0.992225 0.064795 -0.106260 0.157924 -0.058079 0.996185 0.065127 105.020882 0.110075 -0.058449 0.992203 1.036386 0.000000 0.000000 0.000000 1.000000
0.997738 0.054631 -0.039181 0.031035 -0.052581 0.997284 0.051572 104.788918 0.041892 -0.049395 0.997900 0.240354 0.000000 0.000000 0.000000 1.000000
0.998216 0.048758 0.034449 -0.249200 -0.050184 0.997863 0.041833 104.482368 -0.032336 -0.043488 0.998531 -0.593415 0.000000 0.000000 0.000000 1.000000
0.993335 0.042266 0.107231 -0.721805 -0.046377 0.998270 0.036139 104.426399 -0.105518 -0.040871 0.993577 -1.563085 0.000000 0.000000 0.000000 1.000000
0.984285 0.035210 0.173041 -1.363898 -0.041695 0.998552 0.033988 104.600021 -0.171594 -0.040669 0.984328 -2.597286 0.000000 0.000000 0.000000 1.000000
0.972679 0.030319 0.230167 -2.076793 -0.039313 0.998628 0.034592 104.699989 -0.228802 -0.042696 0.972536 -3.617424 0.000000 0.000000 0.000000 1.000000
0.959890 0.029826 0.278786 -2.762790 -0.041722 0.998450 0.036833 104.575081 -0.277255 -0.046987 0.959647 -4.589052 0.000000 0.000000 0.000000 1.000000
0.946164 0.032703 0.322030 -3.379859 -0.047791 0.998093 0.039057 104.310341 -0.320139 -0.052345 0.945923 -5.531407 0.000000 0.000000 0.000000 1.000000
0.930041 0.035751 0.365712 -3.915203 -0.054575 0.997657 0.041260 104.013718 -0.363380 -0.058332 0.929813 -6.467452 0.000000 0.000000 0.000000 1.000000
0.911303 0.036373 0.410127 -4.331592 -0.060348 0.997133 0.045660 103.797951 -0.407291 -0.066360 0.910885 -7.356626 0.000000 0.000000 0.000000 1.000000
0.892549 0.033154 0.449730 -4.553143 -0.063577 0.996584 0.052708 103.766891 -0.446446 -0.075637 0.891608 -8.166786 0.000000 0.000000 0.000000 1.000000
0.875894 0.027206 0.481736 -4.484391 -0.064150 0.996112 0.060382 103.849968 -0.478220 -0.083792 0.874234 -8.944514 0.000000 0.000000 0.000000 1.000000
0.859790 0.019224 0.510286 -4.216283 -0.062028 0.995823 0.066995 103.901184 -0.506867 -0.089253 0.857391 -9.744029 0.000000 0.000000 0.000000 1.000000
0.840200 0.003819 0.542263 -4.023718 -0.051119 0.996080 0.072190 103.637825 -0.539862 -0.088374 0.837102 -10.465714 0.000000 0.000000 0.000000 1.000000
0.813760 -0.010428 0.581108 -3.974419 -0.043271 0.995977 0.078467 103.203674 -0.579588 -0.088998 0.810035 -11.025610 0.000000 0.000000 0.000000 1.000000
0.778595 -0.019436 0.627225 -3.963452 -0.044569 0.995283 0.086166 102.905228 -0.625942 -0.095044 0.774057 -11.412801 0.000000 0.000000 0.000000 1.000000
0.731704 -0.024171 0.681194 -3.989961 -0.051987 0.994481 0.091129 102.931793 -0.679637 -0.102092 0.726409 -11.563702 0.000000 0.000000 0.000000 1.000000
0.674880 -0.029746 0.737328 -4.022474 -0.058226 0.993925 0.093393 103.162956 -0.735627 -0.105961 0.669048 -11.431908 0.000000 0.000000 0.000000 1.000000
0.612894 -0.037115 0.789293 -3.943536 -0.063350 0.993373 0.095904 103.508064 -0.787622 -0.108780 0.606480 -11.074689 0.000000 0.000000 0.000000 1.000000
0.543327 -0.042344 0.838452 -3.766932 -0.071829 0.992720 0.096681 103.954193 -0.836443 -0.112755 0.536330 -10.543043 0.000000 0.000000 0.000000 1.000000
0.460919 -0.048093 0.886138 -3.502902 -0.079037 0.992338 0.094967 104.302696 -0.883916 -0.113810 0.453586 -9.834008 0.000000 0.000000 0.000000 1.000000
0.366423 -0.058094 0.928633 -3.090061 -0.079339 0.992463 0.093393 104.434555 -0.927060 -0.107898 0.359052 -8.921375 0.000000 0.000000 0.000000 1.000000
0.264096 -0.071141 0.961869 -2.479016 -0.073121 0.992929 0.093515 104.289101 -0.961721 -0.095030 0.257026 -7.780171 0.000000 0.000000 0.000000 1.000000
0.153264 -0.082896 0.984702 -1.716894 -0.061404 0.993751 0.093215 103.917381 -0.986276 -0.074751 0.147216 -6.476806 0.000000 0.000000 0.000000 1.000000
0.030779 -0.088160 0.995631 -0.980216 -0.053295 0.994541 0.089711 103.738159 -0.998104 -0.055823 0.025913 -5.232132 0.000000 0.000000 0.000000 1.000000
-0.098222 -0.090533 0.991038 -0.357432 -0.049636 0.995060 0.085981 103.927414 -0.993926 -0.040746 -0.102231 -4.111481 0.000000 0.000000 0.000000 1.000000
-0.222735 -0.092527 0.970478 0.172278 -0.049183 0.995285 0.083604 104.355309 -0.973638 -0.029109 -0.226235 -2.994362 0.000000 0.000000 0.000000 1.000000
-0.336856 -0.091166 0.937132 0.578447 -0.053104 0.995557 0.077762 104.754265 -0.940057 -0.023571 -0.340200 -1.840027 0.000000 0.000000 0.000000 1.000000
-0.441226 -0.084134 0.893444 0.788500 -0.058079 0.996185 0.065127 105.020882 -0.895515 -0.023155 -0.444429 -0.690872 0.000000 0.000000 0.000000 1.000000</float_array><technique_common><accessor source="#mixamorig_Hips-Matrix-animation-output-transform-array" count="29" stride="16"><param type="float4x4"/></accessor></technique_common></source><source id="mixamorig_Hips-Interpolations"><Name_array id="mixamorig_Hips-Interpolations-array" count="29">
 LINEAR LINEAR LINEAR LINEAR LINEAR LINEAR LINEAR LINEAR LINEAR LINEAR LINEAR
LINEAR LINEAR LINEAR LINEAR LINEAR LINEAR LINEAR LINEAR LINEAR LINEAR LINEAR LINEAR
LINEAR LINEAR LINEAR LINEAR LINEAR LINEAR</Name_array><technique_common><accessor source="#mixamorig_Hips-Interpolations-array" count="29"><param type="name"/></accessor></technique_common></source><sampler id="mixamorig_Hips-Matrix-animation-transform"><input semantic="INPUT" source="#mixamorig_Hips-Matrix-animation-input"/><input semantic="OUTPUT" source="#mixamorig_Hips-Matrix-animation-output-transform"/><input semantic="INTERPOLATION" source="#mixamorig_Hips-Interpolations"/></sampler><channel source="#mixamorig_Hips-Matrix-animation-transform" target="mixamorig_Hips/matrix"/></animation>
    <animation id="mixamorig_Spine-anim" name="mixamorig_Spine"><source id="mixamorig_Spine-Matrix-animation-input"><float_array id="mixamorig_Spine-Matrix-animation-input-array" count="29">

0.000000 0.033333 0.066667 0.100000 0.133333 0.166667 0.200000 0.233333 0.266667 0.300000 0.333333 0.366667 0.400000 0.433333 0.466667 0.500000
0.533333 0.566667 0.600000 0.633333 0.666667 0.700000 0.733333 0.766667 0.800000 0.833333 0.866667 0.900000 0.933333</float_array><technique_common><accessor source="#mixamorig_Spine-Matrix-animation-input-array" count="29"><param name="TIME" type="float"/></accessor></technique_common></source><source id="mixamorig_Spine-Matrix-animation-output-transform"><float_array id="mixamorig_Spine-Matrix-animation-output-transform-array" count="464">

0.998570 -0.046241 0.026843 -0.038100 0.047723 0.997206 -0.057469 9.490500 -0.024111 0.058668 0.997986 -1.392100 0.000000 0.000000 0.000000 1.000000
0.998385 -0.047662 0.030922 -0.038100 0.049436 0.997010 -0.059386 9.490500 -0.027999 0.060819 0.997756 -1.392100 0.000000 0.000000 0.000000 1.000000
0.998084 -0.051559 0.034197 -0.038100 0.053590 0.996672 -0.061420 9.490500 -0.030916 0.063135 0.997526 -1.392100 0.000000 0.000000 0.000000 1.000000
0.998001 -0.051118 0.037169 -0.038100 0.053413 0.996543 -0.063636 9.490500 -0.033788 0.065494 0.997281 -1.392100 0.000000 0.000000 0.000000 1.000000
0.998150 -0.045573 0.040258 -0.038100 0.048153 0.996681 -0.065630 9.490500 -0.037133 0.067447 0.997032 -1.392100 0.000000 0.000000 0.000000 1.000000
0.998287 -0.038818 0.043782 -0.038100 0.041679 0.996919 -0.066446 9.490500 -0.041068 0.068157 0.996829 -1.392100 0.000000 0.000000 0.000000 1.000000
0.998204 -0.035633 0.048149 -0.038100 0.038744 0.997113 -0.065303 9.490500 -0.045683 0.067051 0.996703 -1.392100 0.000000 0.000000 0.000000 1.000000
0.997996 -0.036108 0.051955 -0.038100 0.039327 0.997280 -0.062339 9.490500 -0.049562 0.064257 0.996702 -1.392100 0.000000 0.000000 0.000000 1.000000
0.997886 -0.037425 0.053133 -0.038100 0.040535 0.997451 -0.058716 9.490500 -0.050800 0.060746 0.996860 -1.392100 0.000000 0.000000 0.000000 1.000000
0.997829 -0.038104 0.053711 -0.038100 0.041101 0.997594 -0.055837 9.490500 -0.051454 0.057923 0.996994 -1.392100 0.000000 0.000000 0.000000 1.000000
0.997731 -0.036512 0.056569 -0.038100 0.039555 0.997776 -0.053650 9.490500 -0.054484 0.055765 0.996956 -1.392100 0.000000 0.000000 0.000000 1.000000
0.997498 -0.034554 0.061679 -0.038100 0.037715 0.997994 -0.050849 9.490500 -0.059799 0.053048 0.996800 -1.392100 0.000000 0.000000 0.000000 1.000000
0.997246 -0.035037 0.065365 -0.038100 0.038216 0.998114 -0.048041 9.490500 -0.063558 0.050407 0.996704 -1.392100 0.000000 0.000000 0.000000 1.000000
0.997523 -0.028322 0.064392 -0.038100 0.031418 0.998373 -0.047586 9.490500 -0.062939 0.049491 0.996789 -1.392100 0.000000 0.000000 0.000000 1.000000
0.997978 -0.021685 0.059755 -0.038100 0.024655 0.998473 -0.049425 9.490500 -0.058592 0.050798 0.996989 -1.392100 0.000000 0.000000 0.000000 1.000000
0.998315 -0.021994 0.053704 -0.038100 0.024783 0.998348 -0.051838 9.490500 -0.052475 0.053081 0.997210 -1.392100 0.000000 0.000000 0.000000 1.000000
0.998525 -0.027066 0.047066 -0.038100 0.029543 0.998170 -0.052756 9.490500 -0.045552 0.054069 0.997498 -1.392100 0.000000 0.000000 0.000000 1.000000
0.998704 -0.028673 0.042061 -0.038100 0.030929 0.998062 -0.054005 9.490500 -0.040431 0.055236 0.997654 -1.392100 0.000000 0.000000 0.000000 1.000000
0.998824 -0.027398 0.039990 -0.038100 0.029660 0.997927 -0.057109 9.490500 -0.038342 0.058228 0.997567 -1.392100 0.000000 0.000000 0.000000 1.000000
0.998895 -0.028436 0.037427 -0.038100 0.030645 0.997738 -0.059830 9.490500 -0.035641 0.060911 0.997507 -1.392100 0.000000 0.000000 0.000000 1.000000
0.999073 -0.029481 0.031384 -0.038100 0.031380 0.997593 -0.061841 9.490500 -0.029485 0.062769 0.997592 -1.392100 0.000000 0.000000 0.000000 1.000000
0.999389 -0.025927 0.023439 -0.038100 0.027385 0.997561 -0.064204 9.490500 -0.021717 0.064806 0.997662 -1.392100 0.000000 0.000000 0.000000 1.000000
0.999734 -0.016555 0.016086 -0.038100 0.017584 0.997660 -0.066074 9.490500 -0.014955 0.066339 0.997685 -1.392100 0.000000 0.000000 0.000000 1.000000
0.999958 -0.002389 0.008797 -0.038100 0.002965 0.997817 -0.065968 9.490500 -0.008620 0.065992 0.997783 -1.392100 0.000000 0.000000 0.000000 1.000000
0.999995 0.002903 0.001293 -0.038100 -0.002814 0.997936 -0.064150 9.490500 -0.001476 0.064146 0.997939 -1.392100 0.000000 0.000000 0.000000 1.000000
0.999989 -0.003927 -0.002649 -0.038100 0.003752 0.998011 -0.062921 9.490500 0.002891 0.062910 0.998015 -1.392100 0.000000 0.000000 0.000000 1.000000
0.999855 -0.016947 0.001699 -0.038100 0.017020 0.997898 -0.062523 9.490500 -0.000636 0.062543 0.998042 -1.392100 0.000000 0.000000 0.000000 1.000000
0.999404 -0.031676 0.013699 -0.038100 0.032456 0.997608 -0.061026 9.490500 -0.011733 0.061434 0.998042 -1.392100 0.000000 0.000000 0.000000 1.000000
0.998570 -0.046242 0.026842 -0.038100 0.047723 0.997206 -0.057469 9.490500 -0.024110 0.058668 0.997986 -1.392100 0.000000 0.000000 0.000000 1.000000</float_array><technique_common><accessor source="#mixamorig_Spine-Matrix-animation-output-transform-array" count="29" stride="16"><param type="float4x4"/></accessor></technique_common></source><source id="mixamorig_Spine-Interpolations"><Name_array id="mixamorig_Spine-Interpolations-array" count="29">
 LINEAR LINEAR LINEAR LINEAR LINEAR LINEAR LINEAR LINEAR LINEAR LINEAR LINEAR
LINEAR LINEAR LINEAR LINEAR LINEAR LINEAR LINEAR LINEAR LINEAR LINEAR LINEAR LINEAR
LINEAR LINEAR LINEAR LINEAR LINEAR LINEAR</Name_array><technique_common><accessor source="#mixamorig_Spine-Interpolations-array" count="29"><param type="name"/></accessor></technique_common></source><sampler id="mixamorig_Spine-Matrix-animation-transform"><input semantic="INPUT" source="#mixamorig_Spine-Matrix-animation-input"/><input semantic="OUTPUT" source="#mixamorig_Spine-Matrix-animation-output-transform"/><input semantic="INTERPOLATION" source="#mixamorig_Spine-Interpolations"/></sampler><channel source="#mixamorig_Spine-Matrix-animation-transform" target="mixamorig_Spine/matrix"/></animation>
    <animation id="mixamorig_Spine1-anim" name="mixamorig_Spine1"><source id="mixamorig_Spine1-Matrix-animation-input"><float_array id="mixamorig_Spine1-Matrix-animation-input-array" count="29">

0.000000 0.033333 0.066667 0.100000 0.133333 0.166667 0.200000 0.233333 0.266667 0.300000 0.333333 0.366667 0.400000 0.433333 0.466667 0.500000
0.533333 0.566667 0.600000 0.633333 0.666667 0.700000 0.733333 0.766667 0.800000 0.833333 0.866667 0.900000 0.933333</float_array><technique_common><accessor source="#mixamorig_Spine1-Matrix-animation-input-array" count="29"><param name="TIME" type="float"/></accessor></technique_common></source><source id="mixamorig_Spine1-Matrix-animation-output-transform"><float_array id="mixamorig_Spine1-Matrix-animation-output-transform-array" count="464">

0.999615 -0.027098 0.005925 -0.044200 0.027212 0.999428 -0.020103 11.072300 -0.005376 0.020256 0.999780 -1.624100 0.000000 0.000000 0.000000 1.000000
0.999594 -0.027142 0.008620 -0.044200 0.027324 0.999389 -0.021783 11.072300 -0.008023 0.022010 0.999726 -1.624100 0.000000 0.000000 0.000000 1.000000
0.999517 -0.029181 0.010651 -0.044200 0.029425 0.999291 -0.023502 11.072300 -0.009957 0.023804 0.999667 -1.624100 0.000000 0.000000 0.000000 1.000000
0.999376 -0.032782 0.013116 -0.044200 0.033107 0.999131 -0.025328 11.072300 -0.012274 0.025747 0.999593 -1.624100 0.000000 0.000000 0.000000 1.000000
0.999183 -0.036888 0.016536 -0.044200 0.037326 0.998937 -0.027058 11.072300 -0.015520 0.027653 0.999497 -1.624100 0.000000 0.000000 0.000000 1.000000
0.998931 -0.041390 0.020564 -0.044200 0.041953 0.998734 -0.027760 11.072300 -0.019389 0.028593 0.999403 -1.624100 0.000000 0.000000 0.000000 1.000000
0.998591 -0.046872 0.024899 -0.044200 0.047534 0.998512 -0.026713 11.072300 -0.023610 0.027859 0.999333 -1.624100 0.000000 0.000000 0.000000 1.000000
0.998161 -0.053453 0.028607 -0.044200 0.054148 0.998242 -0.024119 11.072300 -0.027268 0.025624 0.999300 -1.624100 0.000000 0.000000 0.000000 1.000000
0.997702 -0.060561 0.030385 -0.044200 0.061211 0.997905 -0.020948 11.072300 -0.029053 0.022759 0.999319 -1.624100 0.000000 0.000000 0.000000 1.000000
0.997212 -0.067492 0.031825 -0.044200 0.068095 0.997512 -0.018246 11.072300 -0.030514 0.020362 0.999327 -1.624100 0.000000 0.000000 0.000000 1.000000
0.996614 -0.074365 0.035081 -0.044200 0.074958 0.997060 -0.015921 11.072300 -0.033794 0.018497 0.999258 -1.624100 0.000000 0.000000 0.000000 1.000000
0.995892 -0.081333 0.039798 -0.044200 0.081909 0.996554 -0.013060 11.072300 -0.038598 0.016266 0.999122 -1.624100 0.000000 0.000000 0.000000 1.000000
0.995305 -0.086567 0.043298 -0.044200 0.087091 0.996146 -0.010367 11.072300 -0.042234 0.014089 0.999008 -1.624100 0.000000 0.000000 0.000000 1.000000
0.995057 -0.089635 0.042754 -0.044200 0.090113 0.995887 -0.009398 11.072300 -0.041736 0.013205 0.999041 -1.624100 0.000000 0.000000 0.000000 1.000000
0.994836 -0.093632 0.039165 -0.044200 0.094108 0.995507 -0.010489 11.072300 -0.038007 0.014121 0.999178 -1.624100 0.000000 0.000000 0.000000 1.000000
0.994500 -0.098890 0.034511 -0.044200 0.099374 0.994971 -0.012591 11.072300 -0.033092 0.015951 0.999325 -1.624100 0.000000 0.000000 0.000000 1.000000
0.994252 -0.102992 0.029243 -0.044200 0.103428 0.994541 -0.013805 11.072300 -0.027661 0.016751 0.999477 -1.624100 0.000000 0.000000 0.000000 1.000000
0.994347 -0.103167 0.025133 -0.044200 0.103565 0.994508 -0.015088 11.072300 -0.023438 0.017605 0.999570 -1.624100 0.000000 0.000000 0.000000 1.000000
0.994658 -0.100534 0.023402 -0.044200 0.100956 0.994735 -0.017608 11.072300 -0.021509 0.019877 0.999571 -1.624100 0.000000 0.000000 0.000000 1.000000
0.995059 -0.097002 0.021183 -0.044200 0.097425 0.995042 -0.019987 11.072300 -0.019139 0.021952 0.999576 -1.624100 0.000000 0.000000 0.000000 1.000000
0.995692 -0.091305 0.016134 -0.044200 0.091648 0.995550 -0.021946 11.072300 -0.014059 0.023330 0.999629 -1.624100 0.000000 0.000000 0.000000 1.000000
0.996564 -0.082262 0.009685 -0.044200 0.082474 0.996303 -0.024042 11.072300 -0.007671 0.024758 0.999664 -1.624100 0.000000 0.000000 0.000000 1.000000
0.997437 -0.071448 0.003938 -0.044200 0.071525 0.997113 -0.025502 11.072300 -0.002105 0.025718 0.999667 -1.624100 0.000000 0.000000 0.000000 1.000000
0.998213 -0.059740 -0.001515 -0.044200 0.059683 0.997896 -0.025314 11.072300 0.003024 0.025179 0.999678 -1.624100 0.000000 0.000000 0.000000 1.000000
0.998788 -0.048565 -0.007995 -0.044200 0.048360 0.998539 -0.024112 11.072300 0.009155 0.023696 0.999677 -1.624100 0.000000 0.000000 0.000000 1.000000
0.999184 -0.038283 -0.012870 -0.044200 0.037972 0.999000 -0.023585 11.072300 0.013760 0.023077 0.999639 -1.624100 0.000000 0.000000 0.000000 1.000000
0.999493 -0.029708 -0.011424 -0.044200 0.029432 0.999288 -0.023610 11.072300 0.012118 0.023262 0.999656 -1.624100 0.000000 0.000000 0.000000 1.000000
0.999660 -0.025868 -0.003340 -0.044200 0.025786 0.999411 -0.022662 11.072300 0.003925 0.022568 0.999738 -1.624100 0.000000 0.000000 0.000000 1.000000
0.999615 -0.027098 0.005925 -0.044200 0.027212 0.999428 -0.020103 11.072300 -0.005377 0.020256 0.999780 -1.624100 0.000000 0.000000 0.000000 1.000000</float_array><technique_common><accessor source="#mixamorig_Spine1-Matrix-animation-output-transform-array" count="29" stride="16"><param type="float4x4"/></accessor></technique_common></source><source id="mixamorig_Spine1-Interpolations"><Name_array id="mixamorig_Spine1-Interpolations-array" count="29">
 LINEAR LINEAR LINEAR LINEAR LINEAR LINEAR LINEAR LINEAR LINEAR LINEAR LINEAR
LINEAR LINEAR LINEAR LINEAR LINEAR LINEAR LINEAR LINEAR LINEAR LINEAR LINEAR LINEAR
LINEAR LINEAR LINEAR LINEAR LINEAR LINEAR</Name_array><technique_common><accessor source="#mixamorig_Spine1-Interpolations-array" count="29"><param type="name"/></accessor></technique_common></source><sampler id="mixamorig_Spine1-Matrix-animation-transform"><input semantic="INPUT" source="#mixamorig_Spine1-Matrix-animation-input"/><input semantic="OUTPUT" source="#mixamorig_Spine1-Matrix-animation-output-transform"/><input semantic="INTERPOLATION" source="#mixamorig_Spine1-Interpolations"/></sampler><channel source="#mixamorig_Spine1-Matrix-animation-transform" target="mixamorig_Spine1/matrix"/></animation>
    <animation id="mixamorig_Spine2-anim" name="mixamorig_Spine2"><source id="mixamorig_Spine2-Matrix-animation-input"><float_array id="mixamorig_Spine2-Matrix-animation-input-array" count="29">

0.000000 0.033333 0.066667 0.100000 0.133333 0.166667 0.200000 0.233333 0.266667 0.300000 0.333333 0.366667 0.400000 0.433333 0.466667 0.500000
0.533333 0.566667 0.600000 0.633333 0.666667 0.700000 0.733333 0.766667 0.800000 0.833333 0.866667 0.900000 0.933333</float_array><technique_common><accessor source="#mixamorig_Spine2-Matrix-animation-input-array" count="29"><param name="TIME" type="float"/></accessor></technique_common></source><source id="mixamorig_Spine2-Matrix-animation-output-transform"><float_array id="mixamorig_Spine2-Matrix-animation-output-transform-array" count="464">

0.999611 -0.027151 0.006310 -0.050500 0.027271 0.999435 -0.019651 12.654000 -0.005773 0.019815 0.999787 -1.856100 0.000000 0.000000 0.000000 1.000000
0.999608 -0.026481 0.009039 -0.050500 0.026668 0.999418 -0.021272 12.654000 -0.008470 0.021505 0.999733 -1.856100 0.000000 0.000000 0.000000 1.000000
0.999592 -0.026388 0.010959 -0.050500 0.026634 0.999382 -0.022946 12.654000 -0.010346 0.023229 0.999677 -1.856100 0.000000 0.000000 0.000000 1.000000
0.999558 -0.026683 0.013145 -0.050500 0.027002 0.999329 -0.024753 12.654000 -0.012476 0.025097 0.999607 -1.856100 0.000000 0.000000 0.000000 1.000000
0.999518 -0.026526 0.016127 -0.050500 0.026947 0.999286 -0.026493 12.654000 -0.015413 0.026915 0.999519 -1.856100 0.000000 0.000000 0.000000 1.000000
0.999470 -0.025970 0.019604 -0.050500 0.026499 0.999278 -0.027225 12.654000 -0.018883 0.027731 0.999437 -1.856100 0.000000 0.000000 0.000000 1.000000
0.999396 -0.025748 0.023328 -0.050500 0.026357 0.999309 -0.026212 12.654000 -0.022637 0.026811 0.999384 -1.856100 0.000000 0.000000 0.000000 1.000000
0.999310 -0.026153 0.026377 -0.050500 0.026779 0.999361 -0.023663 12.654000 -0.025741 0.024353 0.999372 -1.856100 0.000000 0.000000 0.000000 1.000000
0.999264 -0.026785 0.027477 -0.050500 0.027355 0.999414 -0.020553 12.654000 -0.026910 0.021290 0.999411 -1.856100 0.000000 0.000000 0.000000 1.000000
0.999232 -0.027163 0.028248 -0.050500 0.027675 0.999456 -0.017920 12.654000 -0.027745 0.018688 0.999440 -1.856100 0.000000 0.000000 0.000000 1.000000
0.999142 -0.027644 0.030839 -0.050500 0.028137 0.999481 -0.015663 12.654000 -0.030390 0.016518 0.999402 -1.856100 0.000000 0.000000 0.000000 1.000000
0.998982 -0.028571 0.034915 -0.050500 0.029035 0.999496 -0.012867 12.654000 -0.034529 0.013868 0.999307 -1.856100 0.000000 0.000000 0.000000 1.000000
0.998884 -0.028238 0.037871 -0.050500 0.028644 0.999537 -0.010227 12.654000 -0.037565 0.011301 0.999230 -1.856100 0.000000 0.000000 0.000000 1.000000
0.998972 -0.026361 0.036892 -0.050500 0.026721 0.999600 -0.009303 12.654000 -0.036632 0.010279 0.999276 -1.856100 0.000000 0.000000 0.000000 1.000000
0.999111 -0.026263 0.032968 -0.050500 0.026620 0.999591 -0.010417 12.654000 -0.032681 0.011286 0.999402 -1.856100 0.000000 0.000000 0.000000 1.000000
0.999200 -0.028499 0.028066 -0.050500 0.028860 0.999505 -0.012558 12.654000 -0.027694 0.013358 0.999527 -1.856100 0.000000 0.000000 0.000000 1.000000
0.999270 -0.030834 0.022574 -0.050500 0.031152 0.999419 -0.013850 12.654000 -0.022134 0.014543 0.999649 -1.856100 0.000000 0.000000 0.000000 1.000000
0.999361 -0.030704 0.018310 -0.050500 0.030984 0.999405 -0.015169 12.654000 -0.017833 0.015727 0.999717 -1.856100 0.000000 0.000000 0.000000 1.000000
0.999423 -0.029627 0.016641 -0.050500 0.029920 0.999396 -0.017661 12.654000 -0.016108 0.018148 0.999706 -1.856100 0.000000 0.000000 0.000000 1.000000
0.999426 -0.030488 0.014773 -0.050500 0.030780 0.999326 -0.019979 12.654000 -0.014154 0.020423 0.999691 -1.856100 0.000000 0.000000 0.000000 1.000000
0.999450 -0.031537 0.010279 -0.050500 0.031756 0.999257 -0.021844 12.654000 -0.009583 0.022158 0.999709 -1.856100 0.000000 0.000000 0.000000 1.000000
0.999511 -0.030945 0.004553 -0.050500 0.031045 0.999234 -0.023806 12.654000 -0.003813 0.023936 0.999706 -1.856100 0.000000 0.000000 0.000000 1.000000
0.999560 -0.029667 -0.000382 -0.050500 0.029648 0.999245 -0.025114 12.654000 0.001126 0.025091 0.999685 -1.856100 0.000000 0.000000 0.000000 1.000000
0.999598 -0.027900 -0.005011 -0.050500 0.027768 0.999308 -0.024754 12.654000 0.005698 0.024605 0.999681 -1.856100 0.000000 0.000000 0.000000 1.000000
0.999598 -0.026324 -0.010574 -0.050500 0.026071 0.999386 -0.023420 12.654000 0.011184 0.023135 0.999670 -1.856100 0.000000 0.000000 0.000000 1.000000
0.999592 -0.024628 -0.014439 -0.050500 0.024294 0.999443 -0.022883 12.654000 0.014995 0.022523 0.999634 -1.856100 0.000000 0.000000 0.000000 1.000000
0.999661 -0.023067 -0.012064 -0.050500 0.022785 0.999476 -0.022997 12.654000 0.012588 0.022714 0.999663 -1.856100 0.000000 0.000000 0.000000 1.000000
0.999705 -0.024055 -0.003310 -0.050500 0.023976 0.999467 -0.022147 12.654000 0.003841 0.022061 0.999749 -1.856100 0.000000 0.000000 0.000000 1.000000
0.999611 -0.027151 0.006310 -0.050500 0.027271 0.999435 -0.019651 12.654000 -0.005773 0.019815 0.999787 -1.856100 0.000000 0.000000 0.000000 1.000000</float_array><technique_common><accessor source="#mixamorig_Spine2-Matrix-animation-output-transform-array" count="29" stride="16"><param type="float4x4"/></accessor></technique_common></source><source id="mixamorig_Spine2-Interpolations"><Name_array id="mixamorig_Spine2-Interpolations-array" count="29">
 LINEAR LINEAR LINEAR LINEAR LINEAR LINEAR LINEAR LINEAR LINEAR LINEAR LINEAR
LINEAR LINEAR LINEAR LINEAR LINEAR LINEAR LINEAR LINEAR LINEAR LINEAR LINEAR LINEAR
LINEAR LINEAR LINEAR LINEAR LINEAR LINEAR</Name_array><technique_common><accessor source="#mixamorig_Spine2-Interpolations-array" count="29"><param type="name"/></accessor></technique_common></source><sampler id="mixamorig_Spine2-Matrix-animation-transform"><input semantic="INPUT" source="#mixamorig_Spine2-Matrix-animation-input"/><input semantic="OUTPUT" source="#mixamorig_Spine2-Matrix-animation-output-transform"/><input semantic="INTERPOLATION" source="#mixamorig_Spine2-Interpolations"/></sampler><channel source="#mixamorig_Spine2-Matrix-animation-transform" target="mixamorig_Spine2/matrix"/></animation>
    <animation id="mixamorig_Neck-anim" name="mixamorig_Neck"><source id="mixamorig_Neck-Matrix-animation-input"><float_array id="mixamorig_Neck-Matrix-animation-input-array" count="29">

0.000000 0.033333 0.066667 0.100000 0.133333 0.166667 0.200000 0.233333 0.266667 0.300000 0.333333 0.366667 0.400000 0.433333 0.466667 0.500000
0.533333 0.566667 0.600000 0.633333 0.666667 0.700000 0.733333 0.766667 0.800000 0.833333 0.866667 0.900000 0.933333</float_array><technique_common><accessor source="#mixamorig_Neck-Matrix-animation-input-array" count="29"><param name="TIME" type="float"/></accessor></technique_common></source><source id="mixamorig_Neck-Matrix-animation-output-transform"><float_array id="mixamorig_Neck-Matrix-animation-output-transform-array" count="464">

0.999968 -0.007936 -0.001378 -0.056900 0.007762 0.995152 -0.098040 14.235800 0.002149 0.098026 0.995182 -2.088100 0.000000 0.000000 0.000000 1.000000
0.999950 -0.002117 0.009811 -0.056900 0.003049 0.995380 -0.095967 14.235800 -0.009562 0.095992 0.995336 -2.088100 0.000000 0.000000 0.000000 1.000000
0.999466 0.007777 0.031730 -0.056900 -0.004599 0.995077 -0.098998 14.235800 -0.032344 0.098800 0.994582 -2.088100 0.000000 0.000000 0.000000 1.000000
0.998032 0.019233 0.059693 -0.056900 -0.012756 0.994172 -0.107048 14.235800 -0.061404 0.106076 0.992460 -2.088100 0.000000 0.000000 0.000000 1.000000
0.995511 0.030249 0.089684 -0.056900 -0.019564 0.992855 -0.117711 14.235800 -0.092604 0.115428 0.988990 -2.088100 0.000000 0.000000 0.000000 1.000000
0.992330 0.038561 0.117448 -0.056900 -0.023358 0.991477 -0.128169 14.235800 -0.121389 0.124443 0.984773 -2.088100 0.000000 0.000000 0.000000 1.000000
0.989408 0.043615 0.138457 -0.056900 -0.024556 0.990338 -0.136485 14.235800 -0.143072 0.131639 0.980919 -2.088100 0.000000 0.000000 0.000000 1.000000
0.987725 0.045711 0.149366 -0.056900 -0.024465 0.989693 -0.141100 14.235800 -0.154276 0.135713 0.978663 -2.088100 0.000000 0.000000 0.000000 1.000000
0.986741 0.046805 0.155405 -0.056900 -0.024395 0.989408 -0.143094 14.235800 -0.160456 0.137405 0.977432 -2.088100 0.000000 0.000000 0.000000 1.000000
0.986397 0.047547 0.157354 -0.056900 -0.024815 0.989354 -0.143397 14.235800 -0.162497 0.137542 0.977076 -2.088100 0.000000 0.000000 0.000000 1.000000
0.986660 0.047707 0.155647 -0.056900 -0.025190 0.989323 -0.143548 14.235800 -0.160834 0.137713 0.977327 -2.088100 0.000000 0.000000 0.000000 1.000000
0.987304 0.047250 0.151654 -0.056900 -0.025153 0.989193 -0.144447 14.235800 -0.156840 0.138799 0.977822 -2.088100 0.000000 0.000000 0.000000 1.000000
0.988109 0.046643 0.146506 -0.056900 -0.025213 0.989131 -0.144857 14.235800 -0.151671 0.139441 0.978546 -2.088100 0.000000 0.000000 0.000000 1.000000
0.989096 0.044726 0.140314 -0.056900 -0.024481 0.989446 -0.142821 14.235800 -0.145221 0.137829 0.979752 -2.088100 0.000000 0.000000 0.000000 1.000000
0.990369 0.039371 0.132735 -0.056900 -0.020763 0.990108 -0.138761 14.235800 -0.136885 0.134668 0.981390 -2.088100 0.000000 0.000000 0.000000 1.000000
0.991825 0.032783 0.123325 -0.056900 -0.015948 0.990705 -0.135089 14.235800 -0.126607 0.132018 0.983129 -2.088100 0.000000 0.000000 0.000000 1.000000
0.993318 0.028600 0.111813 -0.056900 -0.013578 0.991042 -0.132862 14.235800 -0.114611 0.130456 0.984807 -2.088100 0.000000 0.000000 0.000000 1.000000
0.994787 0.025092 0.098839 -0.056900 -0.012099 0.991450 -0.129925 14.235800 -0.101254 0.128052 0.986585 -2.088100 0.000000 0.000000 0.000000 1.000000
0.996152 0.019380 0.085470 -0.056900 -0.008579 0.992122 -0.124981 14.235800 -0.087219 0.123766 0.988471 -2.088100 0.000000 0.000000 0.000000 1.000000
0.997325 0.011621 0.072160 -0.056900 -0.002962 0.992896 -0.118950 14.235800 -0.073030 0.118418 0.990275 -2.088100 0.000000 0.000000 0.000000 1.000000
0.998242 0.003795 0.059154 -0.056900 0.002885 0.993654 -0.112446 14.235800 -0.059205 0.112419 0.991896 -2.088100 0.000000 0.000000 0.000000 1.000000
0.998897 -0.003390 0.046826 -0.056900 0.008349 0.994318 -0.106126 14.235800 -0.046200 0.106400 0.993249 -2.088100 0.000000 0.000000 0.000000 1.000000
0.999325 -0.009531 0.035483 -0.056900 0.013096 0.994736 -0.101627 14.235800 -0.034328 0.102023 0.994190 -2.088100 0.000000 0.000000 0.000000 1.000000
0.999582 -0.013921 0.025336 -0.056900 0.016375 0.994916 -0.099364 14.235800 -0.023824 0.099737 0.994729 -2.088100 0.000000 0.000000 0.000000 1.000000
0.999724 -0.016624 0.016592 -0.056900 0.018176 0.994996 -0.098244 14.235800 -0.014876 0.098518 0.995024 -2.088100 0.000000 0.000000 0.000000 1.000000
0.999808 -0.017092 0.009554 -0.056900 0.017949 0.994999 -0.098257 14.235800 -0.007827 0.098410 0.995115 -2.088100 0.000000 0.000000 0.000000 1.000000
0.999878 -0.014931 0.004521 -0.056900 0.015307 0.994912 -0.099581 14.235800 -0.003011 0.099638 0.995019 -2.088100 0.000000 0.000000 0.000000 1.000000
0.999934 -0.011464 0.000574 -0.056900 0.011464 0.994899 -0.100221 14.235800 0.000578 0.100221 0.994965 -2.088100 0.000000 0.000000 0.000000 1.000000
0.999968 -0.007936 -0.001378 -0.056900 0.007762 0.995152 -0.098040 14.235800 0.002149 0.098026 0.995182 -2.088100 0.000000 0.000000 0.000000 1.000000</float_array><technique_common><accessor source="#mixamorig_Neck-Matrix-animation-output-transform-array" count="29" stride="16"><param type="float4x4"/></accessor></technique_common></source><source id="mixamorig_Neck-Interpolations"><Name_array id="mixamorig_Neck-Interpolations-array" count="29">
 LINEAR LINEAR LINEAR LINEAR LINEAR LINEAR LINEAR LINEAR LINEAR LINEAR LINEAR
LINEAR LINEAR LINEAR LINEAR LINEAR LINEAR LINEAR LINEAR LINEAR LINEAR LINEAR LINEAR
LINEAR LINEAR LINEAR LINEAR LINEAR LINEAR</Name_array><technique_common><accessor source="#mixamorig_Neck-Interpolations-array" count="29"><param type="name"/></accessor></technique_common></source><sampler id="mixamorig_Neck-Matrix-animation-transform"><input semantic="INPUT" source="#mixamorig_Neck-Matrix-animation-input"/><input semantic="OUTPUT" source="#mixamorig_Neck-Matrix-animation-output-transform"/><input semantic="INTERPOLATION" source="#mixamorig_Neck-Interpolations"/></sampler><channel source="#mixamorig_Neck-Matrix-animation-transform" target="mixamorig_Neck/matrix"/></animation>
    <animation id="mixamorig_Head-anim" name="mixamorig_Head"><source id="mixamorig_Head-Matrix-animation-input"><float_array id="mixamorig_Head-Matrix-animation-input-array" count="29">

0.000000 0.033333 0.066667 0.100000 0.133333 0.166667 0.200000 0.233333 0.266667 0.300000 0.333333 0.366667 0.400000 0.433333 0.466667 0.500000
0.533333 0.566667 0.600000 0.633333 0.666667 0.700000 0.733333 0.766667 0.800000 0.833333 0.866667 0.900000 0.933333</float_array><technique_common><accessor source="#mixamorig_Head-Matrix-animation-input-array" count="29"><param name="TIME" type="float"/></accessor></technique_common></source><source id="mixamorig_Head-Matrix-animation-output-transform"><float_array id="mixamorig_Head-Matrix-animation-output-transform-array" count="464">

0.999711 0.001406 0.024009 0.000000 -0.004554 0.991295 0.131584 3.280200 -0.023615 -0.131656 0.991014 0.313300 0.000000 0.000000 0.000000 1.000000
0.998101 0.010682 0.060663 0.000000 -0.018953 0.990326 0.137461 3.280200 -0.058608 -0.138350 0.988648 0.313300 0.000000 0.000000 0.000000 1.000000
0.992665 0.025130 0.118258 0.000000 -0.040959 0.990218 0.133384 3.280200 -0.113749 -0.137249 0.983984 0.313300 0.000000 0.000000 0.000000 1.000000
0.981432 0.042325 0.187082 0.000000 -0.065575 0.990620 0.119887 3.280200 -0.180253 -0.129928 0.975001 0.313300 0.000000 0.000000 0.000000 1.000000
0.964111 0.058909 0.258883 0.000000 -0.086109 0.991746 0.095005 3.280200 -0.251150 -0.113887 0.961225 0.313300 0.000000 0.000000 0.000000 1.000000
0.942361 0.074683 0.326157 -0.000000 -0.100118 0.993049 0.061883 3.280200 -0.319268 -0.090970 0.943288 0.313300 0.000000 0.000000 0.000000 1.000000
0.920477 0.089200 0.380480 -0.000000 -0.108870 0.993590 0.030446 3.280200 -0.375325 -0.069448 0.924288 0.313300 0.000000 0.000000 0.000000 1.000000
0.903933 0.101453 0.415467 -0.000000 -0.115758 0.993234 0.009316 3.280200 -0.411711 -0.056515 0.909561 0.313300 0.000000 0.000000 0.000000 1.000000
0.890733 0.113718 0.440072 0.000000 -0.123983 0.992269 -0.005461 3.280200 -0.437290 -0.049698 0.897946 0.313300 0.000000 0.000000 0.000000 1.000000
0.882658 0.124627 0.453192 -0.000000 -0.132525 0.991075 -0.014432 3.280200 -0.450946 -0.047320 0.891296 0.313300 0.000000 0.000000 0.000000 1.000000
0.880005 0.132698 0.456050 -0.000000 -0.139486 0.990043 -0.018919 3.280200 -0.454020 -0.046964 0.889753 0.313300 0.000000 0.000000 0.000000 1.000000
0.880030 0.138372 0.454314 -0.000000 -0.144335 0.989290 -0.021726 3.280200 -0.452455 -0.046454 0.890577 0.313300 0.000000 0.000000 0.000000 1.000000
0.880781 0.141879 0.451769 0.000000 -0.147206 0.988826 -0.023546 3.280200 -0.450061 -0.045764 0.891824 0.313300 0.000000 0.000000 0.000000 1.000000
0.882091 0.143717 0.448620 0.000000 -0.148837 0.988569 -0.024044 3.280200 -0.446948 -0.045562 0.893399 0.313300 0.000000 0.000000 0.000000 1.000000
0.883675 0.145408 0.444944 0.000000 -0.151230 0.988240 -0.022609 3.280200 -0.442999 -0.047310 0.895273 0.313300 0.000000 0.000000 0.000000 1.000000
0.886818 0.148595 0.437577 0.000000 -0.156785 0.987476 -0.017582 3.280200 -0.434709 -0.053013 0.899009 0.313300 0.000000 0.000000 0.000000 1.000000
0.894466 0.151827 0.420570 0.000000 -0.163370 0.986527 -0.008684 3.280200 -0.416222 -0.060941 0.907219 0.313300 0.000000 0.000000 0.000000 1.000000
0.907312 0.148255 0.393454 0.000000 -0.162427 0.986717 0.002760 3.280200 -0.387819 -0.066412 0.919340 0.313300 0.000000 0.000000 0.000000 1.000000
0.922897 0.134572 0.360765 -0.000000 -0.149839 0.988603 0.014548 3.280200 -0.354696 -0.067483 0.932543 0.313300 0.000000 0.000000 0.000000 1.000000
0.938191 0.116265 0.326007 0.000000 -0.132061 0.990883 0.026666 3.280200 -0.319934 -0.068071 0.944991 0.313300 0.000000 0.000000 0.000000 1.000000
0.952021 0.097412 0.290114 -0.000000 -0.114777 0.992442 0.043411 3.280200 -0.283693 -0.074627 0.956007 0.313300 0.000000 0.000000 0.000000 1.000000
0.964211 0.078157 0.253355 0.000000 -0.097413 0.993161 0.064352 3.280200 -0.246592 -0.086729 0.965231 0.313300 0.000000 0.000000 0.000000 1.000000
0.974468 0.060240 0.216294 0.000000 -0.079915 0.993307 0.083396 3.280200 -0.209822 -0.098552 0.972760 0.313300 0.000000 0.000000 0.000000 1.000000
0.982833 0.044972 0.178935 -0.000000 -0.063177 0.993240 0.097384 3.280200 -0.173346 -0.107016 0.979029 0.313300 0.000000 0.000000 0.000000 1.000000
0.989360 0.032359 0.141842 0.000000 -0.047840 0.993094 0.107129 3.280200 -0.137396 -0.112775 0.984075 0.313300 0.000000 0.000000 0.000000 1.000000
0.994097 0.023371 0.105949 -0.000000 -0.035460 0.992883 0.113695 3.280200 -0.102538 -0.116781 0.987850 0.313300 0.000000 0.000000 0.000000 1.000000
0.997228 0.016969 0.072447 0.000000 -0.025489 0.992644 0.118356 3.280200 -0.069905 -0.119874 0.990325 0.313300 0.000000 0.000000 0.000000 1.000000
0.999050 0.009540 0.042522 0.000000 -0.014779 0.992088 0.124672 3.280200 -0.040996 -0.125182 0.991286 0.313300 0.000000 0.000000 0.000000 1.000000
0.999711 0.001406 0.024009 0.000000 -0.004554 0.991295 0.131584 3.280200 -0.023615 -0.131656 0.991014 0.313300 0.000000 0.000000 0.000000 1.000000</float_array><technique_common><accessor source="#mixamorig_Head-Matrix-animation-output-transform-array" count="29" stride="16"><param type="float4x4"/></accessor></technique_common></source><source id="mixamorig_Head-Interpolations"><Name_array id="mixamorig_Head-Interpolations-array" count="29">
 LINEAR LINEAR LINEAR LINEAR LINEAR LINEAR LINEAR LINEAR LINEAR LINEAR LINEAR
LINEAR LINEAR LINEAR LINEAR LINEAR LINEAR LINEAR LINEAR LINEAR LINEAR LINEAR LINEAR
LINEAR LINEAR LINEAR LINEAR LINEAR LINEAR</Name_array><technique_common><accessor source="#mixamorig_Head-Interpolations-array" count="29"><param type="name"/></accessor></technique_common></source><sampler id="mixamorig_Head-Matrix-animation-transform"><input semantic="INPUT" source="#mixamorig_Head-Matrix-animation-input"/><input semantic="OUTPUT" source="#mixamorig_Head-Matrix-animation-output-transform"/><input semantic="INTERPOLATION" source="#mixamorig_Head-Interpolations"/></sampler><channel source="#mixamorig_Head-Matrix-animation-transform" target="mixamorig_Head/matrix"/></animation>
    <animation id="mixamorig_LeftShoulder-anim" name="mixamorig_LeftShoulder"><source id="mixamorig_LeftShoulder-Matrix-animation-input"><float_array id="mixamorig_LeftShoulder-Matrix-animation-input-array" count="29">

0.000000 0.033333 0.066667 0.100000 0.133333 0.166667 0.200000 0.233333 0.266667 0.300000 0.333333 0.366667 0.400000 0.433333 0.466667 0.500000
0.533333 0.566667 0.600000 0.633333 0.666667 0.700000 0.733333 0.766667 0.800000 0.833333 0.866667 0.900000 0.933333</float_array><technique_common><accessor source="#mixamorig_LeftShoulder-Matrix-animation-input-array" count="29"><param name="TIME" type="float"/></accessor></technique_common></source><source id="mixamorig_LeftShoulder-Matrix-animation-output-transform"><float_array id="mixamorig_LeftShoulder-Matrix-animation-output-transform-array" count="464">

0.932017 0.203713 -0.299741 6.728800 -0.218859 0.975600 -0.017473 11.756600 0.288868 0.081886 0.953860 -2.058500 0.000000 0.000000 0.000000 1.000000
0.931118 0.205790 -0.301113 6.728800 -0.220995 0.975128 -0.016940 11.756600 0.290138 0.082318 0.953438 -2.058500 0.000000 0.000000 0.000000 1.000000
0.929893 0.208203 -0.303234 6.728800 -0.223521 0.974563 -0.016305 11.756600 0.292126 0.082941 0.952776 -2.058500 0.000000 0.000000 0.000000 1.000000
0.929047 0.209979 -0.304599 6.728800 -0.225365 0.974146 -0.015840 11.756600 0.293398 0.083362 0.952349 -2.058500 0.000000 0.000000 0.000000 1.000000
0.929582 0.209460 -0.303321 6.728800 -0.224756 0.974284 -0.016007 11.756600 0.292168 0.083053 0.952754 -2.058500 0.000000 0.000000 0.000000 1.000000
0.931104 0.206653 -0.300566 6.728800 -0.221795 0.974949 -0.016762 11.756600 0.289572 0.082272 0.953614 -2.058500 0.000000 0.000000 0.000000 1.000000
0.932660 0.203434 -0.297927 6.728800 -0.218443 0.975691 -0.017602 11.756600 0.287104 0.081497 0.954426 -2.058500 0.000000 0.000000 0.000000 1.000000
0.934005 0.201173 -0.295235 6.728800 -0.216020 0.976219 -0.018205 11.756600 0.284551 0.080780 0.955251 -2.058500 0.000000 0.000000 0.000000 1.000000
0.935368 0.199057 -0.292342 6.728800 -0.213722 0.976714 -0.018769 11.756600 0.281798 0.080035 0.956130 -2.058500 0.000000 0.000000 0.000000 1.000000
0.936169 0.197225 -0.291015 6.728800 -0.211828 0.977118 -0.019226 11.756600 0.280564 0.079643 0.956525 -2.058500 0.000000 0.000000 0.000000 1.000000
