<?xml version="1.0" encoding="utf-8"?>
<COLLADA xmlns="http://www.collada.org/2005/11/COLLADASchema" version="1.4.1">
  <asset><contributor><author>Mixamo</author><authoring_tool>COLLADA Mixamo exporter</authoring_tool><comments></comments></contributor><created>2018-12-17T15:40:15Z</created><modified>2018-12-17T15:40:15Z</modified><revision></revision><title></title><unit meter="0.010000"/><up_axis>Y_UP</up_axis></asset>
  <library_animations>
    <animation id="mixamorig_Hips-anim" name="mixamorig_Hips"><source id="mixamorig_Hips-Matrix-animation-input"><float_array id="mixamorig_Hips-Matrix-animation-input-array" count="72">

0.000000 0.033333 0.066667 0.100000 0.133333 0.166667 0.200000 0.233333 0.266667 0.300000 0.333333 0.366667 0.400000 0.433333 0.466667 0.500000
0.533333 0.566667 0.600000 0.633333 0.666667 0.700000 0.733333 0.766667 0.800000 0.833333 0.866667 0.900000 0.933333 0.966667 1.000000 1.033333
1.066667 1.100000 1.133333 1.166667 1.200000 1.233333 1.266667 1.300000 1.333333 1.366667 1.400000 1.433333 1.466667 1.500000 1.533333 1.566667
1.600000 1.633333 1.666667 1.700000 1.733333 1.766667 1.800000 1.833333 1.866667 1.900000 1.933333 1.966667 2.000000 2.033333 2.066667 2.100000
2.133333 2.166667 2.200000 2.233333 2.266667 2.300000 2.333333 2.366667</float_array><technique_common><accessor source="#mixamorig_Hips-Matrix-animation-input-array" count="72"><param name="TIME" type="float"/></accessor></technique_common></source><source id="mixamorig_Hips-Matrix-animation-output-transform"><float_array id="mixamorig_Hips-Matrix-animation-output-transform-array" count="1152">

0.728542 0.049979 -0.683175 -0.632462 0.004291 0.996982 0.077511 97.941154 0.684987 -0.059402 0.726129 0.722264 0.000000 0.000000 0.000000 1.000000
0.745709 0.028844 -0.665648 -0.685557 -0.003606 0.999223 0.039258 97.252647 0.666263 -0.026875 0.745233 2.683512 0.000000 0.000000 0.000000 1.000000
0.760197 0.007184 -0.649653 -0.644879 -0.011134 0.999936 -0.001971 96.357635 0.649598 0.008732 0.760228 5.085847 0.000000 0.000000 0.000000 1.000000
0.772344 -0.016778 -0.634982 -0.607678 -0.015118 0.998882 -0.044781 95.467041 0.635024 0.044186 0.771228 8.058168 0.000000 0.000000 0.000000 1.000000
0.786780 -0.043266 -0.615716 -0.684219 -0.013754 0.996064 -0.087568 94.755829 0.617081 0.077366 0.783087 11.660623 0.000000 0.000000 0.000000 1.000000
0.809729 -0.060303 -0.583697 -0.885631 -0.017054 0.991867 -0.126129 94.312897 0.586556 0.112085 0.802115 15.956074 0.000000 0.000000 0.000000 1.000000
0.837310 -0.067615 -0.542532 -0.903273 -0.031250 0.984782 -0.170962 94.151093 0.545835 0.160103 0.822454 20.468435 0.000000 0.000000 0.000000 1.000000
0.858378 -0.072547 -0.507862 -0.468573 -0.051088 0.972942 -0.225330 94.289757 0.510467 0.219364 0.831446 24.566225 0.000000 0.000000 0.000000 1.000000
0.871899 -0.080845 -0.482965 0.042989 -0.067889 0.956796 -0.282722 94.003174 0.484956 0.279293 0.828742 27.707251 0.000000 0.000000 0.000000 1.000000
0.895973 -0.076870 -0.437405 0.528527 -0.099397 0.925212 -0.366202 92.937363 0.432842 0.371584 0.821324 30.492077 0.000000 0.000000 0.000000 1.000000
0.923397 -0.059834 -0.379154 0.874905 -0.136115 0.872544 -0.469191 90.846786 0.358902 0.484858 0.797560 32.794624 0.000000 0.000000 0.000000 1.000000
0.933757 -0.042734 -0.355347 0.689370 -0.173987 0.813441 -0.555016 88.767876 0.312772 0.580076 0.752121 36.008816 0.000000 0.000000 0.000000 1.000000
0.928727 -0.025212 -0.369906 0.458398 -0.231870 0.739015 -0.632529 87.014496 0.289314 0.673217 0.680497 39.676189 0.000000 0.000000 0.000000 1.000000
0.921901 -0.009719 -0.387304 -0.187261 -0.279165 0.676506 -0.681474 84.457703 0.268636 0.736373 0.620958 43.724258 0.000000 0.000000 0.000000 1.000000
0.920455 0.013328 -0.390621 -1.264398 -0.305568 0.647697 -0.697937 81.149490 0.243702 0.761781 0.600249 49.074539 0.000000 0.000000 0.000000 1.000000
0.925152 0.038295 -0.377660 -2.204442 -0.318326 0.620253 -0.716906 77.970978 0.206791 0.783466 0.586019 55.396835 0.000000 0.000000 0.000000 1.000000
0.937755 0.041239 -0.344841 -2.869220 -0.304908 0.573135 -0.760623 75.628342 0.166273 0.818423 0.550034 62.854225 0.000000 0.000000 0.000000 1.000000
0.943681 0.031955 -0.329311 -3.241284 -0.299755 0.503887 -0.810090 75.788033 0.140049 0.863178 0.485087 71.312988 0.000000 0.000000 0.000000 1.000000
0.943084 0.026801 -0.331473 -3.729937 -0.309255 0.437202 -0.844521 78.111473 0.122287 0.898964 0.420607 82.016693 0.000000 0.000000 0.000000 1.000000
0.945802 0.016765 -0.324310 -4.568120 -0.305849 0.381662 -0.872233 81.308777 0.109154 0.924150 0.366105 95.801865 0.000000 0.000000 0.000000 1.000000
0.950283 0.001730 -0.311383 -5.499907 -0.296279 0.312730 -0.902451 84.347969 0.095818 0.949840 0.297695 112.562798 0.000000 0.000000 0.000000 1.000000
0.951261 0.024933 -0.307377 -6.426291 -0.304741 0.228810 -0.924543 86.097870 0.047279 0.973152 0.225256 127.455116 0.000000 0.000000 0.000000 1.000000
0.960827 0.023868 -0.276120 -7.266634 -0.276969 0.118678 -0.953522 88.235703 0.010011 0.992646 0.120640 141.820541 0.000000 0.000000 0.000000 1.000000
0.972018 -0.005347 -0.234846 -8.082026 -0.234901 -0.015052 -0.971903 90.634239 0.001662 0.999872 -0.015887 156.523102 0.000000 0.000000 0.000000 1.000000
0.979211 -0.040680 -0.198723 -8.956251 -0.202654 -0.153810 -0.967095 91.613144 0.008776 0.987263 -0.158857 171.399597 0.000000 0.000000 0.000000 1.000000
0.982319 -0.065132 -0.175518 -9.764478 -0.186801 -0.278864 -0.941987 90.836647 0.012408 0.958119 -0.286100 186.724960 0.000000 0.000000 0.000000 1.000000
0.979827 -0.078963 -0.183587 -10.162687 -0.199829 -0.399924 -0.894499 88.514900 -0.002789 0.913141 -0.407635 202.574799 0.000000 0.000000 0.000000 1.000000
0.966554 -0.103516 -0.234642 -9.690516 -0.253093 -0.532806 -0.807503 85.165070 -0.041429 0.839882 -0.541185 218.506622 0.000000 0.000000 0.000000 1.000000
0.938889 -0.168140 -0.300359 -8.633204 -0.335527 -0.641892 -0.689490 81.021423 -0.076868 0.748134 -0.659081 234.006302 0.000000 0.000000 0.000000 1.000000
0.892095 -0.234252 -0.386384 -7.014246 -0.428076 -0.711869 -0.556771 75.977905 -0.144630 0.662095 -0.735332 249.245667 0.000000 0.000000 0.000000 1.000000
0.828250 -0.298881 -0.473996 -4.917237 -0.506281 -0.761677 -0.404385 69.841751 -0.240169 0.574907 -0.782177 264.348602 0.000000 0.000000 0.000000 1.000000
0.754299 -0.364631 -0.545964 -2.953395 -0.549634 -0.805540 -0.221378 62.577133 -0.359075 0.467066 -0.808031 279.468658 0.000000 0.000000 0.000000 1.000000
0.674215 -0.426892 -0.602659 -1.450515 -0.548759 -0.835692 -0.021955 53.847801 -0.494265 0.345517 -0.797697 294.455902 0.000000 0.000000 0.000000 1.000000
0.589679 -0.480960 -0.648811 -0.377303 -0.502739 -0.847317 0.171191 43.568192 -0.632085 0.225235 -0.741443 308.863525 0.000000 0.000000 0.000000 1.000000
0.502544 -0.570900 -0.649248 0.507030 -0.366451 -0.820828 0.438127 33.600235 -0.783047 0.017740 -0.621709 322.488617 0.000000 0.000000 0.000000 1.000000
0.449755 -0.677214 -0.582324 2.115529 -0.135336 -0.696133 0.705041 25.722904 -0.882839 -0.238287 -0.404741 334.777954 0.000000 0.000000 0.000000 1.000000
0.441502 -0.761225 -0.474987 2.928802 0.099119 -0.484757 0.869014 20.510502 -0.891769 -0.430751 -0.138569 344.708282 0.000000 0.000000 0.000000 1.000000
0.462721 -0.758845 -0.458305 2.304327 0.325730 -0.335282 0.884017 18.378416 -0.824494 -0.558337 0.092036 353.554047 0.000000 0.000000 0.000000 1.000000
0.493844 -0.673341 -0.550209 -0.618546 0.554929 -0.243100 0.795585 18.683659 -0.669456 -0.698222 0.253603 361.645386 0.000000 0.000000 0.000000 1.000000
0.503112 -0.540549 -0.674303 -4.420533 0.744274 -0.125552 0.655967 21.548889 -0.439243 -0.831891 0.339150 369.490448 0.000000 0.000000 0.000000 1.000000
0.529949 -0.466490 -0.708196 -5.528819 0.820981 0.072987 0.566271 21.704372 -0.212471 -0.881510 0.421659 376.750305 0.000000 0.000000 0.000000 1.000000
0.578736 -0.448447 -0.681146 -4.673206 0.815515 0.318300 0.483343 20.237249 0.000055 -0.835213 0.549927 382.690674 0.000000 0.000000 0.000000 1.000000
0.569401 -0.456048 -0.683961 -1.228183 0.798477 0.504678 0.328229 20.606022 0.195492 -0.733021 0.651508 388.081421 0.000000 0.000000 0.000000 1.000000
0.520519 -0.490057 -0.699217 2.504112 0.769543 0.624055 0.135493 23.267946 0.369951 -0.608604 0.701952 394.301636 0.000000 0.000000 0.000000 1.000000
0.510651 -0.494457 -0.703383 5.192149 0.690135 0.723640 -0.007665 26.239981 0.512786 -0.481515 0.710770 401.606598 0.000000 0.000000 0.000000 1.000000
0.536245 -0.432711 -0.724708 6.606970 0.570175 0.818788 -0.066986 29.871737 0.622368 -0.377290 0.685792 409.586792 0.000000 0.000000 0.000000 1.000000
0.544379 -0.378219 -0.748734 8.309048 0.473641 0.875274 -0.097771 34.309719 0.692326 -0.301407 0.655620 417.542053 0.000000 0.000000 0.000000 1.000000
0.528368 -0.359345 -0.769219 10.134592 0.412141 0.900662 -0.137654 39.228645 0.742272 -0.244295 0.623981 424.433777 0.000000 0.000000 0.000000 1.000000
0.541900 -0.325983 -0.774648 10.700188 0.349858 0.925553 -0.144744 44.826126 0.764162 -0.192580 0.615605 430.563995 0.000000 0.000000 0.000000 1.000000
0.578261 -0.289316 -0.762830 10.123395 0.291042 0.946646 -0.138408 50.484200 0.762174 -0.141979 0.631612 436.155151 0.000000 0.000000 0.000000 1.000000
0.603083 -0.267641 -0.751438 9.106721 0.239429 0.959331 -0.149527 55.712761 0.760897 -0.089739 0.642637 440.652161 0.000000 0.000000 0.000000 1.000000
0.608119 -0.246740 -0.754527 8.011847 0.192598 0.967930 -0.161299 61.109772 0.770128 -0.047231 0.636138 444.356506 0.000000 0.000000 0.000000 1.000000
0.598629 -0.220344 -0.770124 7.206639 0.155484 0.975100 -0.158131 66.568932 0.785791 -0.025080 0.617983 447.617218 0.000000 0.000000 0.000000 1.000000
0.591623 -0.187463 -0.784117 6.620366 0.120266 0.982230 -0.144085 71.916351 0.797194 -0.009059 0.603656 450.595490 0.000000 0.000000 0.000000 1.000000
0.589634 -0.155465 -0.792567 6.148276 0.088057 0.987824 -0.128255 76.910500 0.802856 0.005833 0.596145 453.300964 0.000000 0.000000 0.000000 1.000000
0.578723 -0.135148 -0.804248 5.803866 0.064046 0.990659 -0.120386 81.377670 0.813005 0.018162 0.581973 455.503723 0.000000 0.000000 0.000000 1.000000
0.564766 -0.117342 -0.816866 5.481861 0.041734 0.992634 -0.113737 85.508995 0.824195 0.030144 0.565503 457.154205 0.000000 0.000000 0.000000 1.000000
0.556827 -0.095438 -0.825128 5.060775 0.019196 0.994590 -0.102085 89.466217 0.830407 0.041005 0.555647 458.453064 0.000000 0.000000 0.000000 1.000000
0.554191 -0.077672 -0.828757 4.569121 0.003331 0.995836 -0.091104 93.013550 0.832383 0.047728 0.552142 459.464325 0.000000 0.000000 0.000000 1.000000
0.556489 -0.062011 -0.828538 3.919401 -0.003500 0.997027 -0.076972 95.792305 0.830848 0.045734 0.554618 460.072571 0.000000 0.000000 0.000000 1.000000
0.569266 -0.042272 -0.821066 2.971648 -0.004655 0.998496 -0.054635 97.585632 0.822140 0.034924 0.568213 460.164856 0.000000 0.000000 0.000000 1.000000
0.597122 -0.020020 -0.801901 1.834603 -0.008141 0.999486 -0.031014 98.658554 0.802109 0.025047 0.596652 460.079376 0.000000 0.000000 0.000000 1.000000
0.630180 -0.004225 -0.776438 0.800819 -0.011269 0.999830 -0.014586 99.339165 0.776367 0.017941 0.630025 460.125397 0.000000 0.000000 0.000000 1.000000
0.654289 0.004720 -0.756230 -0.058351 -0.009379 0.999954 -0.001874 99.555153 0.756187 0.008319 0.654303 460.236511 0.000000 0.000000 0.000000 1.000000
0.669371 0.012773 -0.742818 -0.648197 -0.006134 0.999913 0.011666 99.401260 0.742903 -0.003252 0.669392 460.412109 0.000000 0.000000 0.000000 1.000000
0.680095 0.018911 -0.732880 -0.927844 -0.003550 0.999740 0.022503 99.139404 0.733116 -0.012703 0.679985 460.617950 0.000000 0.000000 0.000000 1.000000
0.690080 0.023614 -0.723348 -0.985414 -0.003149 0.999556 0.029627 98.826897 0.723726 -0.018168 0.689848 460.795837 0.000000 0.000000 0.000000 1.000000
0.701922 0.030040 -0.711620 -0.918795 -0.004339 0.999272 0.037903 98.448128 0.712241 -0.023517 0.701541 460.977966 0.000000 0.000000 0.000000 1.000000
0.711184 0.037575 -0.702001 -0.832307 -0.003533 0.998749 0.049879 98.176338 0.702997 -0.032993 0.710427 461.195099 0.000000 0.000000 0.000000 1.000000
0.714890 0.042853 -0.697923 -0.774821 -0.000166 0.998131 0.061116 98.081230 0.699237 -0.043576 0.713560 461.422974 0.000000 0.000000 0.000000 1.000000
0.719048 0.046393 -0.693411 -0.721207 0.002850 0.997564 0.069697 98.027588 0.694955 -0.052092 0.717164 461.623657 0.000000 0.000000 0.000000 1.000000
0.728542 0.049978 -0.683175 -0.632465 0.004291 0.996982 0.077511 97.941116 0.684988 -0.059401 0.726129 461.775360 0.000000 0.000000 0.000000 1.000000</float_array><technique_common><accessor source="#mixamorig_Hips-Matrix-animation-output-transform-array" count="72" stride="16"><param type="float4x4"/></accessor></technique_common></source><source id="mixamorig_Hips-Interpolations"><Name_array id="mixamorig_Hips-Interpolations-array" count="72">
 LINEAR LINEAR LINEAR LINEAR LINEAR LINEAR LINEAR LINEAR LINEAR LINEAR LINEAR
LINEAR LINEAR LINEAR LINEAR LINEAR LINEAR LINEAR LINEAR LINEAR LINEAR LINEAR LINEAR
LINEAR LINEAR LINEAR LINEAR LINEAR LINEAR LINEAR LINEAR LINEAR LINEAR LINEAR LINEAR
LINEAR LINEAR LINEAR LINEAR LINEAR LINEAR LINEAR LINEAR LINEAR LINEAR LINEAR LINEAR
LINEAR LINEAR LINEAR LINEAR LINEAR LINEAR LINEAR LINEAR LINEAR LINEAR LINEAR LINEAR
LINEAR LINEAR LINEAR LINEAR LINEAR LINEAR LINEAR LINEAR LINEAR LINEAR LINEAR LINEAR
LINEAR</Name_array><technique_common><accessor source="#mixamorig_Hips-Interpolations-array" count="72"><param type="name"/></accessor></technique_common></source><sampler id="mixamorig_Hips-Matrix-animation-transform"><input semantic="INPUT" source="#mixamorig_Hips-Matrix-animation-input"/><input semantic="OUTPUT" source="#mixamorig_Hips-Matrix-animation-output-transform"/><input semantic="INTERPOLATION" source="#mixamorig_Hips-Interpolations"/></sampler><channel source="#mixamorig_Hips-Matrix-animation-transform" target="mixamorig_Hips/matrix"/></animation>
    <animation id="mixamorig_Spine-anim" name="mixamorig_Spine"><source id="mixamorig_Spine-Matrix-animation-input"><float_array id="mixamorig_Spine-Matrix-animation-input-array" count="72">

0.000000 0.033333 0.066667 0.100000 0.133333 0.166667 0.200000 0.233333 0.266667 0.300000 0.333333 0.366667 0.400000 0.433333 0.466667 0.500000
0.533333 0.566667 0.600000 0.633333 0.666667 0.700000 0.733333 0.766667 0.800000 0.833333 0.866667 0.900000 0.933333 0.966667 1.000000 1.033333
1.066667 1.100000 1.133333 1.166667 1.200000 1.233333 1.266667 1.300000 1.333333 1.366667 1.400000 1.433333 1.466667 1.500000 1.533333 1.566667
1.600000 1.633333 1.666667 1.700000 1.733333 1.766667 1.800000 1.833333 1.866667 1.900000 1.933333 1.966667 2.000000 2.033333 2.066667 2.100000
2.133333 2.166667 2.200000 2.233333 2.266667 2.300000 2.333333 2.366667</float_array><technique_common><accessor source="#mixamorig_Spine-Matrix-animation-input-array" count="72"><param name="TIME" type="float"/></accessor></technique_common></source><source id="mixamorig_Spine-Matrix-animation-output-transform"><float_array id="mixamorig_Spine-Matrix-animation-output-transform-array" count="1152">

0.996373 0.023415 0.081810 -0.038100 -0.015046 0.994727 -0.101453 9.490500 -0.083754 0.099854 0.991471 -1.392100 0.000000 0.000000 0.000000 1.000000
0.997179 0.020043 0.072341 -0.038100 -0.013319 0.995645 -0.092265 9.490500 -0.073875 0.091041 0.993103 -1.392100 0.000000 0.000000 0.000000 1.000000
0.997819 0.015825 0.064083 -0.038100 -0.010442 0.996455 -0.083481 9.490500 -0.065177 0.082630 0.994447 -1.392100 0.000000 0.000000 0.000000 1.000000
0.998281 0.013080 0.057136 -0.038100 -0.008793 0.997171 -0.074652 9.490500 -0.057951 0.074021 0.995571 -1.392100 0.000000 0.000000 0.000000 1.000000
0.998662 0.014066 0.049771 -0.038100 -0.010805 0.997813 -0.065205 9.490500 -0.050580 0.064580 0.996630 -1.392100 0.000000 0.000000 0.000000 1.000000
0.999043 0.012916 0.041797 -0.038100 -0.010508 0.998300 -0.057333 9.490500 -0.042467 0.056839 0.997480 -1.392100 0.000000 0.000000 0.000000 1.000000
0.999346 0.007378 0.035396 -0.038100 -0.005525 0.998623 -0.052166 9.490500 -0.035732 0.051936 0.998011 -1.392100 0.000000 0.000000 0.000000 1.000000
0.999545 0.002103 0.030105 -0.038100 -0.000450 0.998497 -0.054807 9.490500 -0.030175 0.054769 0.998043 -1.392100 0.000000 0.000000 0.000000 1.000000
0.999714 0.006583 0.022988 -0.038100 -0.005066 0.997845 -0.065426 9.490500 -0.023369 0.065291 0.997593 -1.392100 0.000000 0.000000 0.000000 1.000000
0.999894 0.007323 0.012570 -0.038100 -0.006430 0.997550 -0.069654 9.490500 -0.013050 0.069566 0.997492 -1.392100 0.000000 0.000000 0.000000 1.000000
0.999998 0.000238 0.002141 -0.038100 -0.000087 0.997510 -0.070521 9.490500 -0.002153 0.070521 0.997508 -1.392100 0.000000 0.000000 0.000000 1.000000
0.999970 -0.007328 0.002439 -0.038100 0.007491 0.997095 -0.075798 9.490500 -0.001876 0.075814 0.997120 -1.392100 0.000000 0.000000 0.000000 1.000000
0.999779 -0.014651 0.015091 -0.038100 0.015731 0.997124 -0.074140 9.490500 -0.013961 0.074361 0.997134 -1.392100 0.000000 0.000000 0.000000 1.000000
0.999477 -0.018580 0.026472 -0.038100 0.020458 0.997156 -0.072533 9.490500 -0.025049 0.073037 0.997015 -1.392100 0.000000 0.000000 0.000000 1.000000
0.999282 -0.021786 0.031008 -0.038100 0.024077 0.996851 -0.075549 9.490500 -0.029265 0.076241 0.996660 -1.392100 0.000000 0.000000 0.000000 1.000000
0.999052 -0.028604 0.032813 -0.038100 0.030950 0.996826 -0.073345 9.490500 -0.030611 0.074291 0.996767 -1.392100 0.000000 0.000000 0.000000 1.000000
0.999007 -0.032573 0.030397 -0.038100 0.034452 0.997388 -0.063487 9.490500 -0.028250 0.064471 0.997520 -1.392100 0.000000 0.000000 0.000000 1.000000
0.999030 -0.032679 0.029500 -0.038100 0.034302 0.997826 -0.056277 9.490500 -0.027597 0.057234 0.997979 -1.392100 0.000000 0.000000 0.000000 1.000000
0.999048 -0.031874 0.029787 -0.038100 0.033636 0.997592 -0.060646 9.490500 -0.027782 0.061591 0.997715 -1.392100 0.000000 0.000000 0.000000 1.000000
0.999139 -0.032567 0.025701 -0.038100 0.034263 0.997060 -0.068535 9.490500 -0.023394 0.069357 0.997318 -1.392100 0.000000 0.000000 0.000000 1.000000
0.998872 -0.041065 0.023824 -0.038100 0.042724 0.996350 -0.073905 9.490500 -0.020702 0.074839 0.996981 -1.392100 0.000000 0.000000 0.000000 1.000000
0.997569 -0.060765 0.034121 -0.038100 0.063317 0.994824 -0.079473 9.490500 -0.029115 0.081440 0.996253 -1.392100 0.000000 0.000000 0.000000 1.000000
0.996985 -0.068154 0.037104 -0.038100 0.070825 0.994572 -0.076220 9.490500 -0.031708 0.078618 0.996400 -1.392100 0.000000 0.000000 0.000000 1.000000
0.997120 -0.067329 0.034906 -0.038100 0.069599 0.995220 -0.068510 9.490500 -0.030127 0.070742 0.997040 -1.392100 0.000000 0.000000 0.000000 1.000000
0.997827 -0.059396 0.028524 -0.038100 0.061046 0.996272 -0.060954 9.490500 -0.024797 0.062563 0.997733 -1.392100 0.000000 0.000000 0.000000 1.000000
0.998194 -0.055761 0.022349 -0.038100 0.056949 0.996772 -0.056595 9.490500 -0.019121 0.057766 0.998147 -1.392100 0.000000 0.000000 0.000000 1.000000
0.998223 -0.058539 0.011122 -0.038100 0.059063 0.996753 -0.054735 9.490500 -0.007881 0.055294 0.998439 -1.392100 0.000000 0.000000 0.000000 1.000000
0.997807 -0.066176 0.001514 -0.038100 0.066164 0.996415 -0.052717 9.490500 0.001980 0.052702 0.998608 -1.392100 0.000000 0.000000 0.000000 1.000000
0.998016 -0.062928 -0.001969 -0.038100 0.062730 0.996570 -0.053970 9.490500 0.005359 0.053740 0.998541 -1.392100 0.000000 0.000000 0.000000 1.000000
0.998053 -0.062370 0.000031 -0.038100 0.062240 0.995954 -0.064815 9.490500 0.004011 0.064691 0.997897 -1.392100 0.000000 0.000000 0.000000 1.000000
0.997815 -0.066064 0.000607 -0.038100 0.065889 0.994414 -0.082464 9.490500 0.004844 0.082324 0.996594 -1.392100 0.000000 0.000000 0.000000 1.000000
0.997723 -0.067326 -0.003875 -0.038100 0.066567 0.992420 -0.103303 9.490500 0.010801 0.102810 0.994642 -1.392100 0.000000 0.000000 0.000000 1.000000
0.998028 -0.062198 -0.008440 -0.038100 0.060624 0.990026 -0.127176 9.490500 0.016265 0.126414 0.991844 -1.392100 0.000000 0.000000 0.000000 1.000000
0.999054 -0.040814 -0.014989 -0.038100 0.038052 0.987535 -0.152734 9.490500 0.021035 0.152019 0.988154 -1.392100 0.000000 0.000000 0.000000 1.000000
0.999555 -0.010175 -0.028039 -0.038100 0.005539 0.986989 -0.160692 9.490500 0.029309 0.160465 0.986606 -1.392100 0.000000 0.000000 0.000000 1.000000
0.999469 0.010565 -0.030829 -0.038100 -0.014908 0.989429 -0.144252 9.490500 0.028979 0.144635 0.989061 -1.392100 0.000000 0.000000 0.000000 1.000000
0.999335 0.026214 -0.025358 -0.038100 -0.028732 0.994094 -0.104648 9.490500 0.022465 0.105307 0.994186 -1.392100 0.000000 0.000000 0.000000 1.000000
0.999292 0.033049 -0.017995 -0.038100 -0.034443 0.995897 -0.083688 9.490500 0.015155 0.084248 0.996330 -1.392100 0.000000 0.000000 0.000000 1.000000
0.999474 0.031840 -0.006194 -0.038100 -0.032310 0.994123 -0.103322 9.490500 0.002868 0.103468 0.994629 -1.392100 0.000000 0.000000 0.000000 1.000000
0.999255 0.038294 0.004871 -0.038100 -0.037240 0.989509 -0.139587 9.490500 -0.010165 0.139301 0.990198 -1.392100 0.000000 0.000000 0.000000 1.000000
0.999142 0.040892 0.006511 -0.038100 -0.039390 0.987120 -0.155056 9.490500 -0.012767 0.154666 0.987884 -1.392100 0.000000 0.000000 0.000000 1.000000
0.999196 0.040088 -0.000447 -0.038100 -0.039688 0.987526 -0.152373 9.490500 -0.005667 0.152268 0.988323 -1.392100 0.000000 0.000000 0.000000 1.000000
0.998664 0.050664 -0.010179 -0.038100 -0.051617 0.987466 -0.149155 9.490500 0.002494 0.149481 0.988761 -1.392100 0.000000 0.000000 0.000000 1.000000
0.997528 0.068783 -0.014353 -0.038100 -0.070121 0.987564 -0.140716 9.490500 0.004495 0.141375 0.989946 -1.392100 0.000000 0.000000 0.000000 1.000000
0.996377 0.083547 -0.015895 -0.038100 -0.084894 0.988230 -0.127255 9.490500 0.005076 0.128143 0.991743 -1.392100 0.000000 0.000000 0.000000 1.000000
0.996105 0.087330 -0.012140 -0.038100 -0.088163 0.988303 -0.124436 9.490500 0.001131 0.125022 0.992153 -1.392100 0.000000 0.000000 0.000000 1.000000
0.996275 0.086168 -0.003229 -0.038100 -0.085890 0.988355 -0.125608 9.490500 -0.007632 0.125418 0.992075 -1.392100 0.000000 0.000000 0.000000 1.000000
0.996261 0.086212 0.005552 -0.038100 -0.084926 0.989129 -0.120047 9.490500 -0.015842 0.119127 0.992753 -1.392100 0.000000 0.000000 0.000000 1.000000
0.996470 0.082937 0.012973 -0.038100 -0.080954 0.990304 -0.112888 9.490500 -0.022210 0.111439 0.993523 -1.392100 0.000000 0.000000 0.000000 1.000000
0.996872 0.075341 0.023892 -0.038100 -0.072511 0.992048 -0.102869 9.490500 -0.031452 0.100815 0.994408 -1.392100 0.000000 0.000000 0.000000 1.000000
0.997105 0.067802 0.034426 -0.038100 -0.064397 0.993686 -0.091876 9.490500 -0.040438 0.089393 0.995175 -1.392100 0.000000 0.000000 0.000000 1.000000
0.996983 0.064521 0.043154 -0.038100 -0.060725 0.994601 -0.084145 9.490500 -0.048350 0.081271 0.995519 -1.392100 0.000000 0.000000 0.000000 1.000000
0.996471 0.065300 0.052730 -0.038100 -0.060836 0.994755 -0.082226 9.490500 -0.057823 0.078728 0.995218 -1.392100 0.000000 0.000000 0.000000 1.000000
0.995978 0.063944 0.062759 -0.038100 -0.058635 0.994818 -0.083064 9.490500 -0.067745 0.079050 0.994566 -1.392100 0.000000 0.000000 0.000000 1.000000
0.995644 0.060712 0.070765 -0.038100 -0.054848 0.995118 -0.082049 9.490500 -0.075401 0.077810 0.994113 -1.392100 0.000000 0.000000 0.000000 1.000000
0.995277 0.059727 0.076523 -0.038100 -0.053748 0.995508 -0.077941 9.490500 -0.080835 0.073460 0.994017 -1.392100 0.000000 0.000000 0.000000 1.000000
0.995166 0.056109 0.080598 -0.038100 -0.050225 0.996047 -0.073260 9.490500 -0.084390 0.068858 0.994051 -1.392100 0.000000 0.000000 0.000000 1.000000
0.995387 0.049123 0.082415 -0.038100 -0.043284 0.996522 -0.071202 9.490500 -0.085626 0.067306 0.994051 -1.392100 0.000000 0.000000 0.000000 1.000000
0.995601 0.043526 0.082973 -0.038100 -0.037672 0.996774 -0.070870 9.490500 -0.085790 0.067432 0.994029 -1.392100 0.000000 0.000000 0.000000 1.000000
0.995696 0.039545 0.083814 -0.038100 -0.033520 0.996833 -0.072115 9.490500 -0.086400 0.068995 0.993869 -1.392100 0.000000 0.000000 0.000000 1.000000
0.995719 0.037111 0.084655 -0.038100 -0.030762 0.996701 -0.075107 9.490500 -0.087163 0.072181 0.993576 -1.392100 0.000000 0.000000 0.000000 1.000000
0.995796 0.034601 0.084808 -0.038100 -0.028049 0.996616 -0.077261 9.490500 -0.087195 0.074557 0.993397 -1.392100 0.000000 0.000000 0.000000 1.000000
0.995869 0.032697 0.084712 -0.038100 -0.026217 0.996724 -0.076509 9.490500 -0.086936 0.073972 0.993464 -1.392100 0.000000 0.000000 0.000000 1.000000
0.995883 0.032669 0.084553 -0.038100 -0.026268 0.996782 -0.075734 9.490500 -0.086755 0.073201 0.993537 -1.392100 0.000000 0.000000 0.000000 1.000000
0.995892 0.033355 0.084185 -0.038100 -0.026841 0.996642 -0.077352 9.490500 -0.086482 0.074775 0.993443 -1.392100 0.000000 0.000000 0.000000 1.000000
0.995885 0.033534 0.084194 -0.038100 -0.026773 0.996420 -0.080186 9.490500 -0.086582 0.077602 0.993218 -1.392100 0.000000 0.000000 0.000000 1.000000
0.995895 0.032094 0.084637 -0.038100 -0.025059 0.996242 -0.082908 9.490500 -0.086980 0.080446 0.992957 -1.392100 0.000000 0.000000 0.000000 1.000000
0.996011 0.029349 0.084270 -0.038100 -0.022043 0.996021 -0.086350 9.490500 -0.086469 0.084148 0.992694 -1.392100 0.000000 0.000000 0.000000 1.000000
0.996143 0.027204 0.083419 -0.038100 -0.019568 0.995656 -0.091025 9.490500 -0.085533 0.089042 0.992349 -1.392100 0.000000 0.000000 0.000000 1.000000
0.996159 0.026397 0.083493 -0.038100 -0.018392 0.995285 -0.095231 9.490500 -0.085614 0.093330 0.991948 -1.392100 0.000000 0.000000 0.000000 1.000000
0.996201 0.025381 0.083300 -0.038100 -0.017131 0.995010 -0.098294 9.490500 -0.085379 0.096494 0.991665 -1.392100 0.000000 0.000000 0.000000 1.000000
0.996373 0.023415 0.081809 -0.038100 -0.015046 0.994727 -0.101453 9.490500 -0.083754 0.099854 0.991471 -1.392100 0.000000 0.000000 0.000000 1.000000</float_array><technique_common><accessor source="#mixamorig_Spine-Matrix-animation-output-transform-array" count="72" stride="16"><param type="float4x4"/></accessor></technique_common></source><source id="mixamorig_Spine-Interpolations"><Name_array id="mixamorig_Spine-Interpolations-array" count="72">
 LINEAR LINEAR LINEAR LINEAR LINEAR LINEAR LINEAR LINEAR LINEAR LINEAR LINEAR
LINEAR LINEAR LINEAR LINEAR LINEAR LINEAR LINEAR LINEAR LINEAR LINEAR LINEAR LINEAR
LINEAR LINEAR LINEAR LINEAR LINEAR LINEAR LINEAR LINEAR LINEAR LINEAR LINEAR LINEAR
LINEAR LINEAR LINEAR LINEAR LINEAR LINEAR LINEAR LINEAR LINEAR LINEAR LINEAR LINEAR
LINEAR LINEAR LINEAR LINEAR LINEAR LINEAR LINEAR LINEAR LINEAR LINEAR LINEAR LINEAR
LINEAR LINEAR LINEAR LINEAR LINEAR LINEAR LINEAR LINEAR LINEAR LINEAR LINEAR LINEAR
LINEAR</Name_array><technique_common><accessor source="#mixamorig_Spine-Interpolations-array" count="72"><param type="name"/></accessor></technique_common></source><sampler id="mixamorig_Spine-Matrix-animation-transform"><input semantic="INPUT" source="#mixamorig_Spine-Matrix-animation-input"/><input semantic="OUTPUT" source="#mixamorig_Spine-Matrix-animation-output-transform"/><input semantic="INTERPOLATION" source="#mixamorig_Spine-Interpolations"/></sampler><channel source="#mixamorig_Spine-Matrix-animation-transform" target="mixamorig_Spine/matrix"/></animation>
    <animation id="mixamorig_Spine1-anim" name="mixamorig_Spine1"><source id="mixamorig_Spine1-Matrix-animation-input"><float_array id="mixamorig_Spine1-Matrix-animation-input-array" count="72">

0.000000 0.033333 0.066667 0.100000 0.133333 0.166667 0.200000 0.233333 0.266667 0.300000 0.333333 0.366667 0.400000 0.433333 0.466667 0.500000
0.533333 0.566667 0.600000 0.633333 0.666667 0.700000 0.733333 0.766667 0.800000 0.833333 0.866667 0.900000 0.933333 0.966667 1.000000 1.033333
1.066667 1.100000 1.133333 1.166667 1.200000 1.233333 1.266667 1.300000 1.333333 1.366667 1.400000 1.433333 1.466667 1.500000 1.533333 1.566667
1.600000 1.633333 1.666667 1.700000 1.733333 1.766667 1.800000 1.833333 1.866667 1.900000 1.933333 1.966667 2.000000 2.033333 2.066667 2.100000
2.133333 2.166667 2.200000 2.233333 2.266667 2.300000 2.333333 2.366667</float_array><technique_common><accessor source="#mixamorig_Spine1-Matrix-animation-input-array" count="72"><param name="TIME" type="float"/></accessor></technique_common></source><source id="mixamorig_Spine1-Matrix-animation-output-transform"><float_array id="mixamorig_Spine1-Matrix-animation-output-transform-array" count="1152">

0.986155 0.053132 0.157083 -0.044200 -0.020481 0.979053 -0.202574 11.072300 -0.164555 0.196552 0.966586 -1.624100 0.000000 0.000000 0.000000 1.000000
0.989123 0.049675 0.138449 -0.044200 -0.023467 0.982485 -0.184860 11.072300 -0.145207 0.179600 0.972964 -1.624100 0.000000 0.000000 0.000000 1.000000
0.991487 0.045981 0.121815 -0.044200 -0.025080 0.985493 -0.167853 11.072300 -0.127766 0.163369 0.978257 -1.624100 0.000000 0.000000 0.000000 1.000000
0.993168 0.046059 0.107215 -0.044200 -0.029550 0.988129 -0.150757 11.072300 -0.112886 0.146559 0.982740 -1.624100 0.000000 0.000000 0.000000 1.000000
0.994516 0.050654 0.091503 -0.044200 -0.038287 0.990486 -0.132177 11.072300 -0.097327 0.127949 0.986994 -1.624100 0.000000 0.000000 0.000000 1.000000
0.995871 0.051538 0.074734 -0.044200 -0.042611 0.992279 -0.116480 11.072300 -0.080160 0.112814 0.990377 -1.624100 0.000000 0.000000 0.000000 1.000000
0.997197 0.043139 0.061132 -0.044200 -0.036493 0.993703 -0.105933 11.072300 -0.065317 0.103405 0.992492 -1.624100 0.000000 0.000000 0.000000 1.000000
0.998276 0.031575 0.049479 -0.044200 -0.025934 0.993507 -0.110776 11.072300 -0.052656 0.109302 0.992613 -1.624100 0.000000 0.000000 0.000000 1.000000
0.999006 0.024998 0.036913 -0.044200 -0.019958 0.991168 -0.131105 11.072300 -0.039864 0.130238 0.990681 -1.624100 0.000000 0.000000 0.000000 1.000000
0.999723 0.010480 0.021066 -0.044200 -0.007454 0.990277 -0.138908 11.072300 -0.022317 0.138713 0.990081 -1.624100 0.000000 0.000000 0.000000 1.000000
0.999909 -0.011599 0.006876 -0.044200 0.012450 0.990001 -0.140508 11.072300 -0.005177 0.140581 0.990056 -1.624100 0.000000 0.000000 0.000000 1.000000
0.999691 -0.022844 0.009833 -0.044200 0.024067 0.988244 -0.150980 11.072300 -0.006268 0.151170 0.988488 -1.624100 0.000000 0.000000 0.000000 1.000000
0.999274 -0.025401 0.028403 -0.044200 0.029329 0.988592 -0.147736 11.072300 -0.024326 0.148462 0.988619 -1.624100 0.000000 0.000000 0.000000 1.000000
0.998929 -0.022733 0.040291 -0.044200 0.028350 0.989046 -0.144857 11.072300 -0.036556 0.145844 0.988632 -1.624100 0.000000 0.000000 0.000000 1.000000
0.998817 -0.022748 0.042986 -0.044200 0.029007 0.988094 -0.151094 11.072300 -0.039038 0.152162 0.987584 -1.624100 0.000000 0.000000 0.000000 1.000000
0.998480 -0.032277 0.044664 -0.044200 0.038518 0.988418 -0.146786 11.072300 -0.039409 0.148283 0.988159 -1.624100 0.000000 0.000000 0.000000 1.000000
0.998170 -0.041656 0.043843 -0.044200 0.046928 0.990788 -0.127032 11.072300 -0.038148 0.128857 0.990929 -1.624100 0.000000 0.000000 0.000000 1.000000
0.997968 -0.044482 0.045610 -0.044200 0.049378 0.992420 -0.112538 11.072300 -0.040258 0.114562 0.992600 -1.624100 0.000000 0.000000 0.000000 1.000000
0.997740 -0.045425 0.049516 -0.044200 0.051142 0.991325 -0.121075 11.072300 -0.043587 0.123333 0.991408 -1.624100 0.000000 0.000000 0.000000 1.000000
0.997664 -0.051027 0.045428 -0.044200 0.056801 0.989005 -0.136537 11.072300 -0.037961 0.138799 0.989593 -1.624100 0.000000 0.000000 0.000000 1.000000
0.997469 -0.061037 0.036457 -0.044200 0.065778 0.986883 -0.147429 11.072300 -0.026980 0.149454 0.988401 -1.624100 0.000000 0.000000 0.000000 1.000000
0.995903 -0.079512 0.043068 -0.044200 0.085406 0.983564 -0.159081 11.072300 -0.029712 0.162108 0.986326 -1.624100 0.000000 0.000000 0.000000 1.000000
0.994589 -0.092073 0.048108 -0.044200 0.098415 0.983382 -0.152563 11.072300 -0.033262 0.156472 0.987122 -1.624100 0.000000 0.000000 0.000000 1.000000
0.994431 -0.094805 0.046030 -0.044200 0.100295 0.985473 -0.137057 11.072300 -0.032368 0.140910 0.989493 -1.624100 0.000000 0.000000 0.000000 1.000000
0.994298 -0.096661 0.045033 -0.044200 0.101485 0.987416 -0.121284 11.072300 -0.032743 0.125163 0.991596 -1.624100 0.000000 0.000000 0.000000 1.000000
0.993419 -0.105620 0.044306 -0.044200 0.109995 0.987610 -0.111930 11.072300 -0.031935 0.116067 0.992728 -1.624100 0.000000 0.000000 0.000000 1.000000
0.990801 -0.130144 0.037100 -0.044200 0.133439 0.985188 -0.107696 11.072300 -0.022534 0.111656 0.993491 -1.624100 0.000000 0.000000 0.000000 1.000000
0.986545 -0.160144 0.032913 -0.044200 0.162732 0.981239 -0.103381 11.072300 -0.015740 0.107346 0.994097 -1.624100 0.000000 0.000000 0.000000 1.000000
0.985303 -0.165363 0.042807 -0.044200 0.169038 0.979987 -0.105132 11.072300 -0.024565 0.110823 0.993537 -1.624100 0.000000 0.000000 0.000000 1.000000
0.984151 -0.167217 0.059043 -0.044200 0.173503 0.976789 -0.125616 11.072300 -0.036668 0.133869 0.990320 -1.624100 0.000000 0.000000 0.000000 1.000000
0.982561 -0.172402 0.069658 -0.044200 0.181584 0.970292 -0.159876 11.072300 -0.040026 0.169736 0.984676 -1.624100 0.000000 0.000000 0.000000 1.000000
0.983519 -0.168533 0.065479 -0.044200 0.178449 0.963091 -0.201525 11.072300 -0.029098 0.209888 0.977292 -1.624100 0.000000 0.000000 0.000000 1.000000
0.986919 -0.151358 0.055508 -0.044200 0.160491 0.955026 -0.249334 11.072300 -0.015273 0.254981 0.966825 -1.624100 0.000000 0.000000 0.000000 1.000000
0.993670 -0.105776 0.037827 -0.044200 0.112263 0.947174 -0.300429 11.072300 -0.004051 0.302774 0.953054 -1.624100 0.000000 0.000000 0.000000 1.000000
0.999222 -0.039443 0.000147 -0.044200 0.037451 0.947579 -0.317319 11.072300 0.012377 0.317077 0.948319 -1.624100 0.000000 0.000000 0.000000 1.000000
0.999773 0.009042 -0.019267 -0.044200 -0.014170 0.958253 -0.285570 11.072300 0.015880 0.285778 0.958164 -1.624100 0.000000 0.000000 0.000000 1.000000
0.998847 0.042022 -0.023211 -0.044200 -0.045938 0.977057 -0.207965 11.072300 0.013940 0.208792 0.977861 -1.624100 0.000000 0.000000 0.000000 1.000000
0.997976 0.053366 -0.034583 -0.044200 -0.058402 0.984335 -0.166354 11.072300 0.025164 0.168037 0.985459 -1.624100 0.000000 0.000000 0.000000 1.000000
0.997877 0.056609 -0.032198 -0.044200 -0.062029 0.976787 -0.205037 11.072300 0.019843 0.206599 0.978225 -1.624100 0.000000 0.000000 0.000000 1.000000
0.997375 0.071394 -0.012111 -0.044200 -0.071958 0.958402 -0.276201 11.072300 -0.008112 0.276347 0.961024 -1.624100 0.000000 0.000000 0.000000 1.000000
0.997078 0.076258 -0.004547 -0.044200 -0.073983 0.949077 -0.306233 11.072300 -0.019037 0.305675 0.951946 -1.624100 0.000000 0.000000 0.000000 1.000000
0.997748 0.066514 -0.008662 -0.044200 -0.066034 0.951357 -0.300930 11.072300 -0.011776 0.300825 0.953607 -1.624100 0.000000 0.000000 0.000000 1.000000
0.997208 0.073962 -0.010251 -0.044200 -0.073694 0.952754 -0.294669 11.072300 -0.012027 0.294601 0.955545 -1.624100 0.000000 0.000000 0.000000 1.000000
0.994649 0.103200 -0.004764 -0.044200 -0.100441 0.955207 -0.278371 11.072300 -0.024178 0.277360 0.960462 -1.624100 0.000000 0.000000 0.000000 1.000000
0.991754 0.128156 -0.000323 -0.044200 -0.124093 0.959674 -0.252245 11.072300 -0.032017 0.250205 0.967663 -1.624100 0.000000 0.000000 0.000000 1.000000
0.991322 0.131227 0.007745 -0.044200 -0.125276 0.960937 -0.246791 11.072300 -0.039828 0.243680 0.969038 -1.624100 0.000000 0.000000 0.000000 1.000000
0.991883 0.125097 0.022791 -0.044200 -0.115552 0.961573 -0.249047 11.072300 -0.053071 0.244392 0.968223 -1.624100 0.000000 0.000000 0.000000 1.000000
0.991847 0.121758 0.037596 -0.044200 -0.109447 0.965066 -0.238053 11.072300 -0.065268 0.231998 0.970524 -1.624100 0.000000 0.000000 0.000000 1.000000
0.992414 0.114549 0.044632 -0.044200 -0.101813 0.969292 -0.223848 11.072300 -0.068903 0.217606 0.973602 -1.624100 0.000000 0.000000 0.000000 1.000000
0.992647 0.108754 0.053143 -0.044200 -0.095798 0.974214 -0.204279 11.072300 -0.073989 0.197686 0.977469 -1.624100 0.000000 0.000000 0.000000 1.000000
0.992217 0.106985 0.063712 -0.044200 -0.093761 0.978612 -0.183103 11.072300 -0.081939 0.175704 0.981027 -1.624100 0.000000 0.000000 0.000000 1.000000
0.990986 0.110562 0.075654 -0.044200 -0.096582 0.980964 -0.168465 11.072300 -0.092840 0.159640 0.982800 -1.624100 0.000000 0.000000 0.000000 1.000000
0.988915 0.114933 0.094012 -0.044200 -0.098359 0.981360 -0.165100 11.072300 -0.111235 0.154023 0.981786 -1.624100 0.000000 0.000000 0.000000 1.000000
0.987361 0.108291 0.115716 -0.044200 -0.088204 0.982095 -0.166463 11.072300 -0.131671 0.154153 0.979234 -1.624100 0.000000 0.000000 0.000000 1.000000
0.986471 0.095201 0.133458 -0.044200 -0.072821 0.983843 -0.163553 11.072300 -0.146872 0.151622 0.977466 -1.624100 0.000000 0.000000 0.000000 1.000000
0.985395 0.087023 0.146372 -0.044200 -0.064104 0.985897 -0.154591 11.072300 -0.157760 0.142950 0.977076 -1.624100 0.000000 0.000000 0.000000 1.000000
0.984757 0.077154 0.155887 -0.044200 -0.054504 0.987977 -0.144678 11.072300 -0.165175 0.133976 0.977122 -1.624100 0.000000 0.000000 0.000000 1.000000
0.984810 0.065770 0.160699 -0.044200 -0.043160 0.989162 -0.140344 11.072300 -0.168188 0.131276 0.976975 -1.624100 0.000000 0.000000 0.000000 1.000000
0.984762 0.060566 0.163023 -0.044200 -0.037678 0.989435 -0.139993 11.072300 -0.169779 0.131717 0.976640 -1.624100 0.000000 0.000000 0.000000 1.000000
0.984489 0.059704 0.164978 -0.044200 -0.036013 0.989063 -0.143028 11.072300 -0.171713 0.134868 0.975872 -1.624100 0.000000 0.000000 0.000000 1.000000
0.984199 0.061859 0.165908 -0.044200 -0.036878 0.988054 -0.149629 11.072300 -0.173182 0.141146 0.974723 -1.624100 0.000000 0.000000 0.000000 1.000000
0.984318 0.061467 0.165347 -0.044200 -0.035743 0.987382 -0.154272 11.072300 -0.172743 0.145943 0.974095 -1.624100 0.000000 0.000000 0.000000 1.000000
0.984459 0.061324 0.164558 -0.044200 -0.035919 0.987552 -0.153139 11.072300 -0.171900 0.144848 0.974407 -1.624100 0.000000 0.000000 0.000000 1.000000
0.984317 0.065951 0.163616 -0.044200 -0.040856 0.987497 -0.152251 11.072300 -0.171612 0.143179 0.974705 -1.624100 0.000000 0.000000 0.000000 1.000000
0.984248 0.069726 0.162463 -0.044200 -0.044189 0.986799 -0.155805 11.072300 -0.171182 0.146171 0.974336 -1.624100 0.000000 0.000000 0.000000 1.000000
0.984242 0.070373 0.162219 -0.044200 -0.043888 0.985910 -0.161413 11.072300 -0.171292 0.151750 0.973463 -1.624100 0.000000 0.000000 0.000000 1.000000
0.984285 0.068023 0.162963 -0.044200 -0.040486 0.985177 -0.166696 11.072300 -0.171886 0.157479 0.972448 -1.624100 0.000000 0.000000 0.000000 1.000000
0.984729 0.063341 0.162162 -0.044200 -0.034770 0.984252 -0.173316 11.072300 -0.170587 0.165031 0.971424 -1.624100 0.000000 0.000000 0.000000 1.000000
0.985246 0.059745 0.160375 -0.044200 -0.029908 0.982773 -0.182381 11.072300 -0.168509 0.174893 0.970060 -1.624100 0.000000 0.000000 0.000000 1.000000
0.985316 0.058496 0.160406 -0.044200 -0.027231 0.981294 -0.190578 11.072300 -0.168553 0.183412 0.968478 -1.624100 0.000000 0.000000 0.000000 1.000000
0.985488 0.056716 0.159989 -0.044200 -0.024510 0.980196 -0.196508 11.072300 -0.167965 0.189735 0.967362 -1.624100 0.000000 0.000000 0.000000 1.000000
0.986155 0.053132 0.157083 -0.044200 -0.020481 0.979053 -0.202574 11.072300 -0.164555 0.196552 0.966586 -1.624100 0.000000 0.000000 0.000000 1.000000</float_array><technique_common><accessor source="#mixamorig_Spine1-Matrix-animation-output-transform-array" count="72" stride="16"><param type="float4x4"/></accessor></technique_common></source><source id="mixamorig_Spine1-Interpolations"><Name_array id="mixamorig_Spine1-Interpolations-array" count="72">
 LINEAR LINEAR LINEAR LINEAR LINEAR LINEAR LINEAR LINEAR LINEAR LINEAR LINEAR
LINEAR LINEAR LINEAR LINEAR LINEAR LINEAR LINEAR LINEAR LINEAR LINEAR LINEAR LINEAR
LINEAR LINEAR LINEAR LINEAR LINEAR LINEAR LINEAR LINEAR LINEAR LINEAR LINEAR LINEAR
LINEAR LINEAR LINEAR LINEAR LINEAR LINEAR LINEAR LINEAR LINEAR LINEAR LINEAR LINEAR
LINEAR LINEAR LINEAR LINEAR LINEAR LINEAR LINEAR LINEAR LINEAR LINEAR LINEAR LINEAR
LINEAR LINEAR LINEAR LINEAR LINEAR LINEAR LINEAR LINEAR LINEAR LINEAR LINEAR LINEAR
