<?xml version="1.0" encoding="utf-8"?>
<COLLADA xmlns="http://www.collada.org/2005/11/COLLADASchema" version="1.4.1">
  <asset><contributor><author>Mixamo</author><authoring_tool>COLLADA Mixamo exporter</authoring_tool><comments></comments></contributor><created>2018-10-29T19:41:58Z</created><modified>2018-10-29T19:41:58Z</modified><revision></revision><title></title><unit meter="0.010000"/><up_axis>Y_UP</up_axis></asset>
  <library_animations>
    <animation id="mixamorig_Hips-anim" name="mixamorig_Hips"><source id="mixamorig_Hips-Matrix-animation-input"><float_array id="mixamorig_Hips-Matrix-animation-input-array" count="94">

0.000000 0.033333 0.066667 0.100000 0.133333 0.166667 0.200000 0.233333 0.266667 0.300000 0.333333 0.366667 0.400000 0.433333 0.466667 0.500000
0.533333 0.566667 0.600000 0.633333 0.666667 0.700000 0.733333 0.766667 0.800000 0.833333 0.866667 0.900000 0.933333 0.966667 1.000000 1.033333
1.066667 1.100000 1.133333 1.166667 1.200000 1.233333 1.266667 1.300000 1.333333 1.366667 1.400000 1.433333 1.466667 1.500000 1.533333 1.566667
1.600000 1.633333 1.666667 1.700000 1.733333 1.766667 1.800000 1.833333 1.866667 1.900000 1.933333 1.966667 2.000000 2.033333 2.066667 2.100000
2.133333 2.166667 2.200000 2.233333 2.266667 2.300000 2.333333 2.366667 2.400000 2.433333 2.466667 2.500000 2.533333 2.566667 2.600000 2.633333
2.666667 2.700000 2.733333 2.766667 2.800000 2.833333 2.866667 2.900000 2.933333 2.966667 3.000000 3.033333 3.066667 3.100000</float_array><technique_common><accessor source="#mixamorig_Hips-Matrix-animation-input-array" count="94"><param name="TIME" type="float"/></accessor></technique_common></source><source id="mixamorig_Hips-Matrix-animation-output-transform"><float_array id="mixamorig_Hips-Matrix-animation-output-transform-array" count="1504">

0.467472 -0.084604 -0.879950 0.655240 0.031974 0.996377 -0.078812 95.067291 0.883429 0.008707 0.468484 -0.214886 0.000000 0.000000 0.000000 1.000000
0.475684 -0.042747 -0.878577 -0.548333 0.023742 0.999079 -0.035755 94.528038 0.879296 -0.003851 0.476260 0.032142 0.000000 0.000000 0.000000 1.000000
0.515260 0.084006 -0.852907 -2.823078 0.008688 0.994621 0.103212 93.538063 0.856990 -0.060591 0.511758 1.146031 0.000000 0.000000 0.000000 1.000000
0.591487 0.236793 -0.770760 -5.817347 -0.018469 0.959634 0.280646 92.916534 0.806103 -0.151763 0.571985 3.448053 0.000000 0.000000 0.000000 1.000000
0.616003 0.306919 -0.725493 -9.131220 -0.032893 0.930195 0.365589 93.714325 0.787057 -0.201340 0.583099 6.433388 0.000000 0.000000 0.000000 1.000000
0.603002 0.307898 -0.735926 -12.159346 -0.012485 0.926044 0.377210 96.047180 0.797642 -0.218271 0.562251 9.392883 0.000000 0.000000 0.000000 1.000000
0.608776 0.303465 -0.733008 -14.182751 -0.008468 0.926382 0.376490 98.729225 0.793297 -0.222991 0.566528 11.823874 0.000000 0.000000 0.000000 1.000000
0.623501 0.307572 -0.718781 -15.138354 -0.000832 0.919626 0.392794 101.020493 0.781822 -0.244309 0.573644 13.648909 0.000000 0.000000 0.000000 1.000000
0.642387 0.294352 -0.707599 -15.448868 0.013990 0.918642 0.394844 102.547539 0.766253 -0.263542 0.586006 14.300775 0.000000 0.000000 0.000000 1.000000
0.670583 0.295399 -0.680484 -15.539468 0.010486 0.913432 0.406857 103.260208 0.741761 -0.279967 0.609434 14.138668 0.000000 0.000000 0.000000 1.000000
0.686147 0.286740 -0.668568 -15.008762 0.018096 0.912028 0.409728 103.469330 0.727238 -0.293232 0.620597 13.930959 0.000000 0.000000 0.000000 1.000000
0.684006 0.266488 -0.679059 -14.116144 0.044004 0.914116 0.403058 103.013016 0.728148 -0.305575 0.613534 13.605087 0.000000 0.000000 0.000000 1.000000
0.681159 0.223604 -0.697154 -12.954948 0.062924 0.930816 0.360029 102.335548 0.729426 -0.289105 0.619964 12.856125 0.000000 0.000000 0.000000 1.000000
0.680713 0.177339 -0.710761 -11.836593 0.074829 0.948347 0.308284 101.690369 0.728718 -0.263038 0.632282 11.471230 0.000000 0.000000 0.000000 1.000000
0.685457 0.133772 -0.715719 -10.715570 0.085253 0.961471 0.261353 101.248062 0.723105 -0.240163 0.647643 9.368081 0.000000 0.000000 0.000000 1.000000
0.692935 0.109733 -0.712600 -9.523967 0.084447 0.969196 0.231362 100.932610 0.716037 -0.220496 0.662323 6.862523 0.000000 0.000000 0.000000 1.000000
0.713972 0.105220 -0.692223 -8.899691 0.067882 0.973585 0.218003 100.964775 0.696876 -0.202637 0.687970 4.416000 0.000000 0.000000 0.000000 1.000000
0.727408 0.092748 -0.679909 -8.450519 0.060641 0.978259 0.198323 101.072334 0.683521 -0.185492 0.705969 2.134373 0.000000 0.000000 0.000000 1.000000
0.714260 0.080380 -0.695249 -8.144127 0.062871 0.981998 0.178123 101.210304 0.697050 -0.170937 0.696349 -0.006055 0.000000 0.000000 0.000000 1.000000
0.687739 0.077152 -0.721847 -7.920208 0.069438 0.982786 0.171199 101.133575 0.722630 -0.167864 0.670543 -1.800556 0.000000 0.000000 0.000000 1.000000
0.661583 0.070474 -0.746553 -7.810613 0.081005 0.983031 0.164582 101.202805 0.745484 -0.169359 0.644649 -3.377840 0.000000 0.000000 0.000000 1.000000
0.633325 0.068095 -0.770884 -8.069154 0.089640 0.982961 0.160473 101.579453 0.768677 -0.170734 0.616430 -4.672879 0.000000 0.000000 0.000000 1.000000
0.601798 0.078152 -0.794815 -8.549463 0.086801 0.982905 0.162369 101.577148 0.793917 -0.166704 0.584727 -5.760637 0.000000 0.000000 0.000000 1.000000
0.574971 0.080416 -0.814213 -9.067354 0.090559 0.982789 0.161015 101.302048 0.813147 -0.166313 0.557792 -6.875763 0.000000 0.000000 0.000000 1.000000
0.559026 0.077207 -0.825548 -9.633763 0.092932 0.983547 0.154913 100.908020 0.823926 -0.163320 0.542653 -8.018744 0.000000 0.000000 0.000000 1.000000
0.545543 0.092110 -0.833006 -10.288943 0.091445 0.981465 0.168415 100.611107 0.833079 -0.168052 0.527009 -9.315842 0.000000 0.000000 0.000000 1.000000
0.539466 0.106273 -0.835274 -10.906410 0.094471 0.978100 0.185459 100.388008 0.836691 -0.178958 0.517612 -10.761569 0.000000 0.000000 0.000000 1.000000
0.549477 0.109859 -0.828255 -11.422430 0.102428 0.974983 0.197273 100.274467 0.829207 -0.193233 0.524478 -12.365098 0.000000 0.000000 0.000000 1.000000
0.553988 0.112967 -0.824824 -11.731626 0.112960 0.971389 0.208909 100.153549 0.824825 -0.208905 0.525378 -13.929727 0.000000 0.000000 0.000000 1.000000
0.533861 0.125790 -0.836163 -12.029812 0.125553 0.966119 0.225501 99.811172 0.836199 -0.225369 0.499980 -15.469596 0.000000 0.000000 0.000000 1.000000
0.497064 0.132151 -0.857592 -12.352661 0.143701 0.962150 0.231553 99.394218 0.855732 -0.238333 0.459260 -17.208727 0.000000 0.000000 0.000000 1.000000
0.459007 0.126352 -0.879402 -12.601971 0.161822 0.961387 0.222596 98.938499 0.873571 -0.244480 0.420837 -19.143688 0.000000 0.000000 0.000000 1.000000
0.423826 0.117461 -0.898095 -12.695728 0.180927 0.960592 0.211017 98.256203 0.887489 -0.251924 0.385872 -21.318123 0.000000 0.000000 0.000000 1.000000
0.395188 0.110991 -0.911870 -12.839605 0.197211 0.959276 0.202229 97.340576 0.897181 -0.259749 0.357206 -23.795828 0.000000 0.000000 0.000000 1.000000
0.370277 0.101829 -0.923323 -12.998230 0.210756 0.958844 0.190265 96.273636 0.904697 -0.265047 0.333577 -26.449680 0.000000 0.000000 0.000000 1.000000
0.343246 0.094619 -0.934467 -13.083045 0.233227 0.955166 0.182383 94.904388 0.909828 -0.280545 0.305789 -29.361235 0.000000 0.000000 0.000000 1.000000
0.319426 0.091233 -0.943209 -13.076621 0.257277 0.949618 0.178982 93.190132 0.912017 -0.299838 0.279861 -32.551731 0.000000 0.000000 0.000000 1.000000
0.294962 0.079944 -0.952159 -12.881181 0.280133 0.945471 0.166163 90.904366 0.913522 -0.315742 0.256483 -35.708973 0.000000 0.000000 0.000000 1.000000
0.268167 0.067705 -0.960990 -12.579887 0.302937 0.940999 0.150832 88.153564 0.914503 -0.331568 0.231834 -39.030769 0.000000 0.000000 0.000000 1.000000
0.237792 0.051883 -0.969929 -12.241517 0.323212 0.937440 0.129386 84.926842 0.915963 -0.344260 0.206147 -42.483025 0.000000 0.000000 0.000000 1.000000
0.208078 0.029873 -0.977656 -11.804502 0.344673 0.933179 0.101872 81.352753 0.915371 -0.358169 0.183878 -46.034676 0.000000 0.000000 0.000000 1.000000
0.179035 0.009506 -0.983797 -11.199835 0.365575 0.927715 0.075493 77.259872 0.913401 -0.373168 0.162619 -49.932846 0.000000 0.000000 0.000000 1.000000
0.155749 -0.005793 -0.987780 -10.538367 0.382733 0.922224 0.054939 72.509003 0.910636 -0.386613 0.145852 -54.084106 0.000000 0.000000 0.000000 1.000000
0.133109 -0.029473 -0.990663 -9.784842 0.411202 0.911110 0.028144 67.350685 0.901773 -0.411109 0.133397 -58.181564 0.000000 0.000000 0.000000 1.000000
0.114226 -0.044426 -0.992461 -9.006906 0.452066 0.891902 0.012105 61.342335 0.884640 -0.450041 0.121962 -62.326542 0.000000 0.000000 0.000000 1.000000
0.091753 -0.063848 -0.993733 -8.457777 0.505492 0.862787 -0.008762 54.111679 0.857939 -0.501520 0.111438 -66.170212 0.000000 0.000000 0.000000 1.000000
0.078313 -0.078255 -0.993853 -7.922433 0.557972 0.829585 -0.021354 46.213871 0.826156 -0.552870 0.108631 -69.651909 0.000000 0.000000 0.000000 1.000000
0.060950 -0.074325 -0.995370 -7.045972 0.612352 0.790293 -0.021515 37.318211 0.788233 -0.608205 0.093682 -72.420631 0.000000 0.000000 0.000000 1.000000
0.088952 -0.051607 -0.994698 -4.238338 0.697789 0.715858 0.025260 28.328125 0.710759 -0.696336 0.099688 -75.673363 0.000000 0.000000 0.000000 1.000000
0.244325 -0.001874 -0.969692 -1.648935 0.777605 0.597825 0.194771 21.030876 0.579341 -0.801624 0.147521 -79.768425 0.000000 0.000000 0.000000 1.000000
0.385737 0.063230 -0.920439 0.605122 0.854143 0.352671 0.382181 19.087452 0.348777 -0.933609 0.082031 -82.876457 0.000000 0.000000 0.000000 1.000000
0.460549 0.233108 -0.856479 2.364437 0.879375 0.011502 0.475991 19.145977 0.120809 -0.972383 -0.199692 -86.995750 0.000000 0.000000 0.000000 1.000000
0.485116 0.133110 -0.864259 1.910375 0.868149 0.045114 0.494248 18.918299 0.104779 -0.990074 -0.093674 -92.313614 0.000000 0.000000 0.000000 1.000000
0.551114 0.102835 -0.828069 3.209154 0.833285 -0.119779 0.539711 20.211626 -0.043684 -0.987460 -0.151702 -96.799904 0.000000 0.000000 0.000000 1.000000
0.563972 0.058301 -0.823733 5.787233 0.805471 -0.258775 0.533153 22.081902 -0.182078 -0.964177 -0.192901 -99.741592 0.000000 0.000000 0.000000 1.000000
0.575898 -0.028200 -0.817035 6.437872 0.806991 -0.140286 0.573660 23.221539 -0.130795 -0.989709 -0.058033 -104.356926 0.000000 0.000000 0.000000 1.000000
0.592739 -0.015110 -0.805253 7.238636 0.800362 -0.100545 0.591025 24.149601 -0.089894 -0.994818 -0.047503 -108.451935 0.000000 0.000000 0.000000 1.000000
0.615985 0.012427 -0.787660 8.270269 0.779451 -0.154432 0.607130 24.414753 -0.114095 -0.987925 -0.104814 -111.625557 0.000000 0.000000 0.000000 1.000000
0.638005 0.004622 -0.770018 9.578473 0.752945 -0.213236 0.622579 24.536831 -0.161318 -0.976990 -0.139526 -113.744202 0.000000 0.000000 0.000000 1.000000
0.666884 -0.030059 -0.744555 11.030816 0.722214 -0.219981 0.655755 24.320362 -0.183499 -0.975041 -0.124993 -115.472412 0.000000 0.000000 0.000000 1.000000
0.709317 -0.042510 -0.703607 12.260715 0.676888 -0.237472 0.696728 23.985493 -0.196705 -0.970464 -0.139668 -116.752266 0.000000 0.000000 0.000000 1.000000
0.748295 -0.024805 -0.662902 13.152557 0.632599 -0.274119 0.724346 24.004271 -0.199681 -0.961376 -0.189431 -117.528313 0.000000 0.000000 0.000000 1.000000
0.775888 -0.002524 -0.630866 13.809300 0.604445 -0.283418 0.744527 24.191526 -0.180678 -0.958993 -0.218374 -118.084061 0.000000 0.000000 0.000000 1.000000
0.798945 0.015722 -0.601199 14.594560 0.576736 -0.303399 0.758501 24.129803 -0.170478 -0.952734 -0.251466 -118.847237 0.000000 0.000000 0.000000 1.000000
0.822289 0.020112 -0.568714 15.381676 0.547179 -0.302465 0.780455 23.438267 -0.156320 -0.952948 -0.259718 -119.364090 0.000000 0.000000 0.000000 1.000000
0.843202 0.019648 -0.537238 16.080608 0.519882 -0.284231 0.805565 22.561197 -0.136872 -0.958555 -0.249879 -119.368446 0.000000 0.000000 0.000000 1.000000
0.860760 0.011303 -0.508885 16.666571 0.492908 -0.267984 0.827784 21.869257 -0.127017 -0.963357 -0.236242 -119.052788 0.000000 0.000000 0.000000 1.000000
0.871720 -0.006580 -0.489961 17.066059 0.473158 -0.248636 0.845164 21.309622 -0.127383 -0.968575 -0.213628 -118.539207 0.000000 0.000000 0.000000 1.000000
0.878860 -0.020799 -0.476627 17.480886 0.460056 -0.227552 0.858235 20.843325 -0.126308 -0.973544 -0.190418 -117.989082 0.000000 0.000000 0.000000 1.000000
0.887184 -0.027054 -0.460621 17.827984 0.445346 -0.210953 0.870153 20.586838 -0.120710 -0.977122 -0.175106 -117.306091 0.000000 0.000000 0.000000 1.000000
0.902612 -0.033714 -0.429132 18.307129 0.413000 -0.213179 0.885430 20.305084 -0.121333 -0.976431 -0.178494 -116.475655 0.000000 0.000000 0.000000 1.000000
0.921056 -0.043866 -0.386951 18.894993 0.372680 -0.188990 0.908511 19.312622 -0.112983 -0.980999 -0.157722 -115.809204 0.000000 0.000000 0.000000 1.000000
0.937488 -0.054976 -0.343647 19.513241 0.332970 -0.145523 0.931641 17.916397 -0.101227 -0.987826 -0.118121 -115.119568 0.000000 0.000000 0.000000 1.000000
0.951520 -0.062385 -0.301194 20.129539 0.294670 -0.095910 0.950774 16.688557 -0.088202 -0.993433 -0.072877 -114.366653 0.000000 0.000000 0.000000 1.000000
0.965506 -0.067050 -0.251598 20.700748 0.248851 -0.046717 0.967414 15.379545 -0.076619 -0.996655 -0.028420 -113.698250 0.000000 0.000000 0.000000 1.000000
0.977433 -0.071839 -0.198657 21.187618 0.199297 0.001786 0.979937 14.464739 -0.070043 -0.997415 0.016063 -113.089348 0.000000 0.000000 0.000000 1.000000
0.987441 -0.080554 -0.135912 21.695328 0.139778 0.044450 0.989185 14.541119 -0.073642 -0.995759 0.055151 -112.530373 0.000000 0.000000 0.000000 1.000000
0.991261 -0.092173 -0.094368 22.113424 0.098004 0.035747 0.994544 14.787111 -0.088297 -0.995101 0.044468 -112.295547 0.000000 0.000000 0.000000 1.000000
0.990130 -0.100654 -0.097530 22.328337 0.099155 0.011266 0.995008 15.032528 -0.099052 -0.994858 0.021136 -112.337219 0.000000 0.000000 0.000000 1.000000
0.987662 -0.119297 -0.101453 22.268559 0.103834 0.013896 0.994498 15.022331 -0.117231 -0.992761 0.026112 -112.369644 0.000000 0.000000 0.000000 1.000000
0.986715 -0.130601 -0.096628 22.234032 0.099937 0.019012 0.994812 14.963833 -0.128086 -0.991253 0.031811 -112.338425 0.000000 0.000000 0.000000 1.000000
0.986494 -0.133731 -0.094585 22.293192 0.097299 0.013895 0.995158 14.813102 -0.131769 -0.990920 0.026719 -112.214729 0.000000 0.000000 0.000000 1.000000
0.986076 -0.136120 -0.095522 22.325060 0.098201 0.013087 0.995081 14.622491 -0.134201 -0.990606 0.026272 -112.160629 0.000000 0.000000 0.000000 1.000000
0.985140 -0.139265 -0.100521 22.299011 0.102459 0.006798 0.994714 14.359905 -0.137845 -0.990232 0.020966 -112.213676 0.000000 0.000000 0.000000 1.000000
0.984721 -0.139705 -0.103953 22.324310 0.105278 0.002102 0.994441 14.082983 -0.138710 -0.990191 0.016778 -112.201836 0.000000 0.000000 0.000000 1.000000
0.984435 -0.141692 -0.103973 22.275665 0.105228 0.001376 0.994447 13.830946 -0.140762 -0.989910 0.016265 -112.307114 0.000000 0.000000 0.000000 1.000000
0.984333 -0.142399 -0.103979 22.273697 0.105185 0.000945 0.994452 13.767227 -0.141510 -0.989809 0.015909 -112.336929 0.000000 0.000000 0.000000 1.000000
0.984262 -0.142882 -0.103990 22.282091 0.105161 0.000652 0.994455 13.751722 -0.142022 -0.989739 0.015667 -112.352715 0.000000 0.000000 0.000000 1.000000
0.984189 -0.143365 -0.104012 22.285683 0.105161 0.000441 0.994455 13.738863 -0.142524 -0.989670 0.015510 -112.372643 0.000000 0.000000 0.000000 1.000000
0.984133 -0.143741 -0.104026 22.289373 0.105161 0.000298 0.994455 13.728450 -0.142913 -0.989615 0.015409 -112.387161 0.000000 0.000000 0.000000 1.000000
0.984077 -0.144117 -0.104038 22.289816 0.105161 0.000176 0.994455 13.719839 -0.143299 -0.989561 0.015329 -112.405365 0.000000 0.000000 0.000000 1.000000
0.984029 -0.144430 -0.104050 22.288158 0.105161 0.000061 0.994455 13.713681 -0.143623 -0.989515 0.015248 -112.421539 0.000000 0.000000 0.000000 1.000000
0.983997 -0.144637 -0.104066 22.286377 0.105161 -0.000074 0.994455 13.709779 -0.143842 -0.989485 0.015138 -112.433670 0.000000 0.000000 0.000000 1.000000
0.983986 -0.144691 -0.104093 22.284363 0.105162 -0.000261 0.994455 13.707790 -0.143916 -0.989477 0.014959 -112.440056 0.000000 0.000000 0.000000 1.000000</float_array><technique_common><accessor source="#mixamorig_Hips-Matrix-animation-output-transform-array" count="94" stride="16"><param type="float4x4"/></accessor></technique_common></source><source id="mixamorig_Hips-Interpolations"><Name_array id="mixamorig_Hips-Interpolations-array" count="94">
 LINEAR LINEAR LINEAR LINEAR LINEAR LINEAR LINEAR LINEAR LINEAR LINEAR LINEAR
LINEAR LINEAR LINEAR LINEAR LINEAR LINEAR LINEAR LINEAR LINEAR LINEAR LINEAR LINEAR
LINEAR LINEAR LINEAR LINEAR LINEAR LINEAR LINEAR LINEAR LINEAR LINEAR LINEAR LINEAR
LINEAR LINEAR LINEAR LINEAR LINEAR LINEAR LINEAR LINEAR LINEAR LINEAR LINEAR LINEAR
LINEAR LINEAR LINEAR LINEAR LINEAR LINEAR LINEAR LINEAR LINEAR LINEAR LINEAR LINEAR
LINEAR LINEAR LINEAR LINEAR LINEAR LINEAR LINEAR LINEAR LINEAR LINEAR LINEAR LINEAR
LINEAR LINEAR LINEAR LINEAR LINEAR LINEAR LINEAR LINEAR LINEAR LINEAR LINEAR LINEAR
LINEAR LINEAR LINEAR LINEAR LINEAR LINEAR LINEAR LINEAR LINEAR LINEAR LINEAR</Name_array><technique_common><accessor source="#mixamorig_Hips-Interpolations-array" count="94"><param type="name"/></accessor></technique_common></source><sampler id="mixamorig_Hips-Matrix-animation-transform"><input semantic="INPUT" source="#mixamorig_Hips-Matrix-animation-input"/><input semantic="OUTPUT" source="#mixamorig_Hips-Matrix-animation-output-transform"/><input semantic="INTERPOLATION" source="#mixamorig_Hips-Interpolations"/></sampler><channel source="#mixamorig_Hips-Matrix-animation-transform" target="mixamorig_Hips/matrix"/></animation>
    <animation id="mixamorig_Spine-anim" name="mixamorig_Spine"><source id="mixamorig_Spine-Matrix-animation-input"><float_array id="mixamorig_Spine-Matrix-animation-input-array" count="94">

0.000000 0.033333 0.066667 0.100000 0.133333 0.166667 0.200000 0.233333 0.266667 0.300000 0.333333 0.366667 0.400000 0.433333 0.466667 0.500000
0.533333 0.566667 0.600000 0.633333 0.666667 0.700000 0.733333 0.766667 0.800000 0.833333 0.866667 0.900000 0.933333 0.966667 1.000000 1.033333
1.066667 1.100000 1.133333 1.166667 1.200000 1.233333 1.266667 1.300000 1.333333 1.366667 1.400000 1.433333 1.466667 1.500000 1.533333 1.566667
1.600000 1.633333 1.666667 1.700000 1.733333 1.766667 1.800000 1.833333 1.866667 1.900000 1.933333 1.966667 2.000000 2.033333 2.066667 2.100000
2.133333 2.166667 2.200000 2.233333 2.266667 2.300000 2.333333 2.366667 2.400000 2.433333 2.466667 2.500000 2.533333 2.566667 2.600000 2.633333
2.666667 2.700000 2.733333 2.766667 2.800000 2.833333 2.866667 2.900000 2.933333 2.966667 3.000000 3.033333 3.066667 3.100000</float_array><technique_common><accessor source="#mixamorig_Spine-Matrix-animation-input-array" count="94"><param name="TIME" type="float"/></accessor></technique_common></source><source id="mixamorig_Spine-Matrix-animation-output-transform"><float_array id="mixamorig_Spine-Matrix-animation-output-transform-array" count="1504">

0.997051 0.076523 -0.005800 -0.038100 -0.075397 0.962673 -0.259954 9.490500 -0.014309 0.259625 0.965603 -1.392100 0.000000 0.000000 0.000000 1.000000
0.997437 0.071190 -0.007183 -0.038100 -0.069847 0.946980 -0.313609 9.490500 -0.015524 0.313307 0.949525 -1.392100 0.000000 0.000000 0.000000 1.000000
0.998171 0.060155 -0.006042 -0.038100 -0.058291 0.931062 -0.360174 9.490500 -0.016040 0.359867 0.932866 -1.392100 0.000000 0.000000 0.000000 1.000000
0.998660 0.051486 0.005165 -0.038100 -0.046378 0.934891 -0.351892 9.490500 -0.022946 0.351181 0.936026 -1.392100 0.000000 0.000000 0.000000 1.000000
0.997817 0.051539 0.041287 -0.038100 -0.041916 0.977420 -0.207106 9.490500 -0.051029 0.204923 0.977447 -1.392100 0.000000 0.000000 0.000000 1.000000
0.991958 0.073062 0.103349 -0.038100 -0.072322 0.997322 -0.010888 9.490500 -0.103868 0.003326 0.994586 -1.392100 0.000000 0.000000 0.000000 1.000000
0.994385 0.065425 0.083175 -0.038100 -0.077914 0.984509 0.157072 9.490500 -0.071610 -0.162670 0.984078 -1.392100 0.000000 0.000000 0.000000 1.000000
0.996894 0.056487 0.054881 -0.038100 -0.067925 0.969348 0.236114 9.490500 -0.039862 -0.239108 0.970174 -1.392100 0.000000 0.000000 0.000000 1.000000
0.995710 0.079244 0.047774 -0.038100 -0.089147 0.959900 0.265791 9.490500 -0.024796 -0.268909 0.962846 -1.392100 0.000000 0.000000 0.000000 1.000000
0.995600 0.083669 0.042183 -0.038100 -0.091605 0.963801 0.250391 9.490500 -0.019706 -0.253153 0.967225 -1.392100 0.000000 0.000000 0.000000 1.000000
0.994676 0.078787 0.066423 -0.038100 -0.092087 0.968879 0.229770 9.490500 -0.046253 -0.234663 0.970976 -1.392100 0.000000 0.000000 0.000000 1.000000
0.993237 0.057918 0.100628 -0.038100 -0.076374 0.978707 0.190526 9.490500 -0.087450 -0.196923 0.976511 -1.392100 0.000000 0.000000 0.000000 1.000000
0.992388 0.023395 0.120905 -0.038100 -0.044675 0.983300 0.176424 9.490500 -0.114759 -0.180483 0.976860 -1.392100 0.000000 0.000000 0.000000 1.000000
0.991653 0.009854 0.128562 -0.038100 -0.031885 0.984849 0.170459 9.490500 -0.124934 -0.173135 0.976942 -1.392100 0.000000 0.000000 0.000000 1.000000
0.992474 0.011511 0.121913 -0.038100 -0.029439 0.988802 0.146299 9.490500 -0.118864 -0.148786 0.981700 -1.392100 0.000000 0.000000 0.000000 1.000000
0.995833 0.009116 0.090735 -0.038100 -0.016579 0.996508 0.081837 9.490500 -0.089672 -0.083000 0.992507 -1.392100 0.000000 0.000000 0.000000 1.000000
0.998745 -0.010103 0.049058 -0.038100 0.009400 0.999850 0.014547 9.490500 -0.049197 -0.014067 0.998690 -1.392100 0.000000 0.000000 0.000000 1.000000
0.998981 -0.016699 0.041922 -0.038100 0.017841 0.999476 -0.027007 9.490500 -0.041449 0.027728 0.998756 -1.392100 0.000000 0.000000 0.000000 1.000000
0.997812 -0.006742 0.065771 -0.038100 0.010395 0.998413 -0.055356 9.490500 -0.065293 0.055918 0.996298 -1.392100 0.000000 0.000000 0.000000 1.000000
0.996597 0.009595 0.081874 -0.038100 -0.002690 0.996460 -0.084029 9.490500 -0.082390 0.083523 0.993094 -1.392100 0.000000 0.000000 0.000000 1.000000
0.996397 0.034440 0.077504 -0.038100 -0.025900 0.993746 -0.108618 9.490500 -0.080760 0.106219 0.991058 -1.392100 0.000000 0.000000 0.000000 1.000000
0.995120 0.058208 0.079676 -0.038100 -0.047833 0.990821 -0.126436 9.490500 -0.086304 0.122008 0.988770 -1.392100 0.000000 0.000000 0.000000 1.000000
0.994051 0.064350 0.087878 -0.038100 -0.052959 0.990577 -0.126306 9.490500 -0.095178 0.120901 0.988091 -1.392100 0.000000 0.000000 0.000000 1.000000
0.993514 0.069671 0.089866 -0.038100 -0.060823 0.993357 -0.097689 9.490500 -0.096075 0.091589 0.991151 -1.392100 0.000000 0.000000 0.000000 1.000000
0.993698 0.072097 0.085823 -0.038100 -0.067443 0.996153 -0.055947 9.490500 -0.089526 0.049806 0.994738 -1.392100 0.000000 0.000000 0.000000 1.000000
0.993793 0.068813 0.087408 -0.038100 -0.066127 0.997257 -0.033266 9.490500 -0.089457 0.027279 0.995617 -1.392100 0.000000 0.000000 0.000000 1.000000
0.994206 0.063481 0.086746 -0.038100 -0.062461 0.997943 -0.014433 9.490500 -0.087484 0.008931 0.996126 -1.392100 0.000000 0.000000 0.000000 1.000000
0.995261 0.069693 0.067816 -0.038100 -0.070591 0.997445 0.010929 9.490500 -0.066881 -0.015664 0.997638 -1.392100 0.000000 0.000000 0.000000 1.000000
0.995367 0.073929 0.061467 -0.038100 -0.076123 0.996514 0.034146 9.490500 -0.058728 -0.038667 0.997525 -1.392100 0.000000 0.000000 0.000000 1.000000
0.994712 0.072876 0.072372 -0.038100 -0.075930 0.996295 0.040383 9.490500 -0.069161 -0.045665 0.996560 -1.392100 0.000000 0.000000 0.000000 1.000000
0.993643 0.071023 0.087343 -0.038100 -0.074889 0.996315 0.041806 9.490500 -0.084052 -0.048081 0.995301 -1.392100 0.000000 0.000000 0.000000 1.000000
0.992865 0.069724 0.096731 -0.038100 -0.074773 0.995967 0.049586 9.490500 -0.092884 -0.056465 0.994075 -1.392100 0.000000 0.000000 0.000000 1.000000
0.992447 0.075832 0.096429 -0.038100 -0.080979 0.995429 0.050635 9.490500 -0.092148 -0.058062 0.994051 -1.392100 0.000000 0.000000 0.000000 1.000000
0.992295 0.087121 0.088097 -0.038100 -0.091098 0.994948 0.042176 9.490500 -0.083977 -0.049876 0.995219 -1.392100 0.000000 0.000000 0.000000 1.000000
0.991879 0.097400 0.081782 -0.038100 -0.100302 0.994438 0.032144 9.490500 -0.078197 -0.040086 0.996132 -1.392100 0.000000 0.000000 0.000000 1.000000
0.989473 0.122778 0.076603 -0.038100 -0.124216 0.992152 0.014292 9.490500 -0.074247 -0.023657 0.996959 -1.392100 0.000000 0.000000 0.000000 1.000000
0.985387 0.154448 0.071818 -0.038100 -0.154035 0.988001 -0.011299 9.490500 -0.072701 0.000071 0.997354 -1.392100 0.000000 0.000000 0.000000 1.000000
0.980533 0.183490 0.069904 -0.038100 -0.182039 0.982930 -0.026648 9.490500 -0.073600 0.013404 0.997198 -1.392100 0.000000 0.000000 0.000000 1.000000
0.975167 0.209808 0.070924 -0.038100 -0.207176 0.977371 -0.042717 9.490500 -0.078281 0.026963 0.996567 -1.392100 0.000000 0.000000 0.000000 1.000000
0.970872 0.226612 0.077815 -0.038100 -0.222731 0.973299 -0.055494 9.490500 -0.088313 0.036546 0.995422 -1.392100 0.000000 0.000000 0.000000 1.000000
0.965154 0.247559 0.084810 -0.038100 -0.243163 0.968195 -0.058903 9.490500 -0.096695 0.036228 0.994655 -1.392100 0.000000 0.000000 0.000000 1.000000
0.958752 0.270033 0.088750 -0.038100 -0.264944 0.962066 -0.065062 9.490500 -0.102952 0.038864 0.993927 -1.392100 0.000000 0.000000 0.000000 1.000000
0.956186 0.278441 0.090433 -0.038100 -0.271624 0.959008 -0.080768 9.490500 -0.109215 0.052666 0.992622 -1.392100 0.000000 0.000000 0.000000 1.000000
0.952499 0.290247 0.092207 -0.038100 -0.282342 0.955098 -0.089832 9.490500 -0.114140 0.059531 0.991679 -1.392100 0.000000 0.000000 0.000000 1.000000
0.948561 0.303956 0.088561 -0.038100 -0.294175 0.949594 -0.108314 9.490500 -0.117020 0.076690 0.990164 -1.392100 0.000000 0.000000 0.000000 1.000000
0.946654 0.311757 0.081577 -0.038100 -0.301682 0.946355 -0.115762 9.490500 -0.113290 0.084976 0.989921 -1.392100 0.000000 0.000000 0.000000 1.000000
0.951806 0.299589 0.065661 -0.038100 -0.290692 0.949473 -0.118320 9.490500 -0.097790 0.093531 0.990802 -1.392100 0.000000 0.000000 0.000000 1.000000
0.957304 0.283062 0.058686 -0.038100 -0.274807 0.954089 -0.119145 9.490500 -0.089717 0.097930 0.991141 -1.392100 0.000000 0.000000 0.000000 1.000000
0.954480 0.298268 0.001920 -0.038100 -0.293391 0.939996 -0.174153 9.490500 -0.053749 0.165663 0.984717 -1.392100 0.000000 0.000000 0.000000 1.000000
0.942808 0.320233 -0.092542 -0.038100 -0.333290 0.900986 -0.277745 9.490500 -0.005564 0.292703 0.956187 -1.392100 0.000000 0.000000 0.000000 1.000000
0.948110 0.310245 -0.069535 -0.038100 -0.309577 0.850981 -0.424256 9.490500 -0.072450 0.423768 0.902869 -1.392100 0.000000 0.000000 0.000000 1.000000
0.944263 0.299421 -0.136803 -0.038100 -0.320348 0.740102 -0.591292 9.490500 -0.075797 0.602159 0.794770 -1.392100 0.000000 0.000000 0.000000 1.000000
0.989207 0.092335 -0.113773 -0.038100 -0.130058 0.910939 -0.391503 9.490500 0.067490 0.402075 0.913116 -1.392100 0.000000 0.000000 0.000000 1.000000
0.986449 0.030796 -0.161154 -0.038100 -0.098698 0.896013 -0.432919 9.490500 0.131064 0.442958 0.886910 -1.392100 0.000000 0.000000 0.000000 1.000000
0.997231 0.073201 -0.013129 -0.038100 -0.071996 0.906009 -0.417089 9.490500 -0.018636 0.416879 0.908771 -1.392100 0.000000 0.000000 0.000000 1.000000
0.995551 -0.063618 0.069513 -0.038100 0.078603 0.967518 -0.240273 9.490500 -0.051969 0.244668 0.968213 -1.392100 0.000000 0.000000 0.000000 1.000000
0.987400 -0.149294 0.052460 -0.038100 0.156678 0.968854 -0.191767 9.490500 -0.022197 0.197570 0.980037 -1.392100 0.000000 0.000000 0.000000 1.000000
0.985906 -0.164730 0.029216 -0.038100 0.167177 0.963311 -0.209961 9.490500 0.006442 0.211886 0.977273 -1.392100 0.000000 0.000000 0.000000 1.000000
0.992031 -0.113918 0.053831 -0.038100 0.122897 0.969055 -0.214078 9.490500 -0.027778 0.218988 0.975332 -1.392100 0.000000 0.000000 0.000000 1.000000
0.992400 -0.088600 0.085399 -0.038100 0.103908 0.975120 -0.195818 9.490500 -0.065925 0.203203 0.976915 -1.392100 0.000000 0.000000 0.000000 1.000000
0.994287 -0.060929 0.087644 -0.038100 0.078050 0.975103 -0.207562 9.490500 -0.072815 0.213216 0.974288 -1.392100 0.000000 0.000000 0.000000 1.000000
0.995987 -0.016332 0.087997 -0.038100 0.040630 0.958567 -0.281955 9.490500 -0.079746 0.284399 0.955384 -1.392100 0.000000 0.000000 0.000000 1.000000
0.991178 -0.047671 0.123668 -0.038100 0.085780 0.942027 -0.324386 9.490500 -0.101035 0.332133 0.937806 -1.392100 0.000000 0.000000 0.000000 1.000000
0.981958 -0.097574 0.161982 -0.038100 0.150871 0.920665 -0.360019 9.490500 -0.114003 0.377962 0.918775 -1.392100 0.000000 0.000000 0.000000 1.000000
0.977243 -0.107819 0.182676 -0.038100 0.171586 0.908127 -0.381922 9.490500 -0.124715 0.404575 0.905961 -1.392100 0.000000 0.000000 0.000000 1.000000
0.971295 -0.132030 0.197876 -0.038100 0.201320 0.899351 -0.388120 9.490500 -0.126717 0.416816 0.900115 -1.392100 0.000000 0.000000 0.000000 1.000000
0.977329 -0.106107 0.183221 -0.038100 0.168945 0.912410 -0.372782 9.490500 -0.127618 0.395285 0.909650 -1.392100 0.000000 0.000000 0.000000 1.000000
0.981664 -0.081752 0.172196 -0.038100 0.137746 0.928674 -0.344371 9.490500 -0.131761 0.361776 0.922907 -1.392100 0.000000 0.000000 0.000000 1.000000
0.980681 -0.082425 0.177402 -0.038100 0.135480 0.940365 -0.312023 9.490500 -0.141104 0.330029 0.933365 -1.392100 0.000000 0.000000 0.000000 1.000000
0.971105 -0.132710 0.198353 -0.038100 0.186552 0.940472 -0.284095 9.490500 -0.148844 0.312889 0.938054 -1.392100 0.000000 0.000000 0.000000 1.000000
0.962734 -0.177850 0.203744 -0.038100 0.232444 0.929237 -0.287207 9.490500 -0.138247 0.323863 0.935949 -1.392100 0.000000 0.000000 0.000000 1.000000
0.963817 -0.192372 0.184525 -0.038100 0.238410 0.931738 -0.273907 9.490500 -0.119236 0.307989 0.943889 -1.392100 0.000000 0.000000 0.000000 1.000000
0.968377 -0.185007 0.167385 -0.038100 0.223695 0.940939 -0.254153 9.490500 -0.110479 0.283560 0.952569 -1.392100 0.000000 0.000000 0.000000 1.000000
0.970226 -0.187632 0.153155 -0.038100 0.218517 0.950851 -0.219393 9.490500 -0.104462 0.246327 0.963541 -1.392100 0.000000 0.000000 0.000000 1.000000
0.971798 -0.195122 0.132424 -0.038100 0.218280 0.956803 -0.192044 9.490500 -0.089232 0.215534 0.972411 -1.392100 0.000000 0.000000 0.000000 1.000000
0.972806 -0.206065 0.105758 -0.038100 0.220549 0.963588 -0.151184 9.490500 -0.070753 0.170397 0.982832 -1.392100 0.000000 0.000000 0.000000 1.000000
0.973313 -0.223013 0.054098 -0.038100 0.226575 0.971299 -0.072403 9.490500 -0.036399 0.082728 0.995907 -1.392100 0.000000 0.000000 0.000000 1.000000
0.972234 -0.232361 0.027748 -0.038100 0.233818 0.969401 -0.074778 9.490500 -0.009523 0.079189 0.996814 -1.392100 0.000000 0.000000 0.000000 1.000000
0.969188 -0.242469 0.043402 -0.038100 0.245737 0.963902 -0.102500 9.490500 -0.016982 0.110008 0.993786 -1.392100 0.000000 0.000000 0.000000 1.000000
0.974524 -0.218843 0.049090 -0.038100 0.222745 0.969955 -0.097832 9.490500 -0.026206 0.106274 0.993992 -1.392100 0.000000 0.000000 0.000000 1.000000
0.980860 -0.190016 0.042513 -0.038100 0.193301 0.976507 -0.095228 9.490500 -0.023419 0.101623 0.994547 -1.392100 0.000000 0.000000 0.000000 1.000000
0.983127 -0.178056 0.041917 -0.038100 0.181800 0.976450 -0.116166 9.490500 -0.020246 0.121826 0.992345 -1.392100 0.000000 0.000000 0.000000 1.000000
0.985239 -0.165709 0.042957 -0.038100 0.169994 0.976634 -0.131484 9.490500 -0.020165 0.136846 0.990387 -1.392100 0.000000 0.000000 0.000000 1.000000
0.987616 -0.149112 0.048789 -0.038100 0.155056 0.975091 -0.158601 9.490500 -0.023924 0.164202 0.986137 -1.392100 0.000000 0.000000 0.000000 1.000000
0.990210 -0.130513 0.049497 -0.038100 0.137474 0.973290 -0.183870 9.490500 -0.024177 0.188874 0.981704 -1.392100 0.000000 0.000000 0.000000 1.000000
0.992549 -0.113839 0.043452 -0.038100 0.120295 0.972248 -0.200656 9.490500 -0.019404 0.204388 0.978698 -1.392100 0.000000 0.000000 0.000000 1.000000
0.993886 -0.104868 0.034553 -0.038100 0.109787 0.971911 -0.208173 9.490500 -0.011752 0.210694 0.977481 -1.392100 0.000000 0.000000 0.000000 1.000000
0.994402 -0.099636 0.035190 -0.038100 0.104853 0.971677 -0.211778 9.490500 -0.013092 0.214282 0.976684 -1.392100 0.000000 0.000000 0.000000 1.000000
0.994215 -0.099730 0.039882 -0.038100 0.106013 0.970802 -0.215183 9.490500 -0.017257 0.218166 0.975759 -1.392100 0.000000 0.000000 0.000000 1.000000
0.993749 -0.103737 0.041258 -0.038100 0.110292 0.969505 -0.218849 9.490500 -0.017297 0.222032 0.974886 -1.392100 0.000000 0.000000 0.000000 1.000000
0.993139 -0.109150 0.041959 -0.038100 0.115787 0.968090 -0.222250 9.490500 -0.016362 0.225583 0.974086 -1.392100 0.000000 0.000000 0.000000 1.000000
0.992501 -0.114663 0.042355 -0.038100 0.121294 0.966769 -0.225044 9.490500 -0.015144 0.228494 0.973427 -1.392100 0.000000 0.000000 0.000000 1.000000
0.991987 -0.118963 0.042536 -0.038100 0.125551 0.965784 -0.226934 9.490500 -0.014084 0.230456 0.972981 -1.392100 0.000000 0.000000 0.000000 1.000000
0.991778 -0.120667 0.042605 -0.038100 0.127236 0.965397 -0.227639 9.490500 -0.013662 0.231188 0.972813 -1.392100 0.000000 0.000000 0.000000 1.000000</float_array><technique_common><accessor source="#mixamorig_Spine-Matrix-animation-output-transform-array" count="94" stride="16"><param type="float4x4"/></accessor></technique_common></source><source id="mixamorig_Spine-Interpolations"><Name_array id="mixamorig_Spine-Interpolations-array" count="94">
 LINEAR LINEAR LINEAR LINEAR LINEAR LINEAR LINEAR LINEAR LINEAR LINEAR LINEAR
LINEAR LINEAR LINEAR LINEAR LINEAR LINEAR LINEAR LINEAR LINEAR LINEAR LINEAR LINEAR
LINEAR LINEAR LINEAR LINEAR LINEAR LINEAR LINEAR LINEAR LINEAR LINEAR LINEAR LINEAR
LINEAR LINEAR LINEAR LINEAR LINEAR LINEAR LINEAR LINEAR LINEAR LINEAR LINEAR LINEAR
LINEAR LINEAR LINEAR LINEAR LINEAR LINEAR LINEAR LINEAR LINEAR LINEAR LINEAR LINEAR
LINEAR LINEAR LINEAR LINEAR LINEAR LINEAR LINEAR LINEAR LINEAR LINEAR LINEAR LINEAR
LINEAR LINEAR LINEAR LINEAR LINEAR LINEAR LINEAR LINEAR LINEAR LINEAR LINEAR LINEAR
LINEAR LINEAR LINEAR LINEAR LINEAR LINEAR LINEAR LINEAR LINEAR LINEAR LINEAR</Name_array><technique_common><accessor source="#mixamorig_Spine-Interpolations-array" count="94"><param type="name"/></accessor></technique_common></source><sampler id="mixamorig_Spine-Matrix-animation-transform"><input semantic="INPUT" source="#mixamorig_Spine-Matrix-animation-input"/><input semantic="OUTPUT" source="#mixamorig_Spine-Matrix-animation-output-transform"/><input semantic="INTERPOLATION" source="#mixamorig_Spine-Interpolations"/></sampler><channel source="#mixamorig_Spine-Matrix-animation-transform" target="mixamorig_Spine/matrix"/></animation>
    <animation id="mixamorig_Spine1-anim" name="mixamorig_Spine1"><source id="mixamorig_Spine1-Matrix-animation-input"><float_array id="mixamorig_Spine1-Matrix-animation-input-array" count="94">

0.000000 0.033333 0.066667 0.100000 0.133333 0.166667 0.200000 0.233333 0.266667 0.300000 0.333333 0.366667 0.400000 0.433333 0.466667 0.500000
0.533333 0.566667 0.600000 0.633333 0.666667 0.700000 0.733333 0.766667 0.800000 0.833333 0.866667 0.900000 0.933333 0.966667 1.000000 1.033333
1.066667 1.100000 1.133333 1.166667 1.200000 1.233333 1.266667 1.300000 1.333333 1.366667 1.400000 1.433333 1.466667 1.500000 1.533333 1.566667
1.600000 1.633333 1.666667 1.700000 1.733333 1.766667 1.800000 1.833333 1.866667 1.900000 1.933333 1.966667 2.000000 2.033333 2.066667 2.100000
2.133333 2.166667 2.200000 2.233333 2.266667 2.300000 2.333333 2.366667 2.400000 2.433333 2.466667 2.500000 2.533333 2.566667 2.600000 2.633333
2.666667 2.700000 2.733333 2.766667 2.800000 2.833333 2.866667 2.900000 2.933333 2.966667 3.000000 3.033333 3.066667 3.100000</float_array><technique_common><accessor source="#mixamorig_Spine1-Matrix-animation-input-array" count="94"><param name="TIME" type="float"/></accessor></technique_common></source><source id="mixamorig_Spine1-Matrix-animation-output-transform"><float_array id="mixamorig_Spine1-Matrix-animation-output-transform-array" count="1504">

0.998755 0.048874 0.009971 -0.044200 -0.047600 0.993612 -0.102315 11.072300 -0.014908 0.101713 0.994702 -1.624100 0.000000 0.000000 0.000000 1.000000
0.998891 0.046209 0.009070 -0.044200 -0.044911 0.992735 -0.111627 11.072300 -0.014162 0.111096 0.993709 -1.624100 0.000000 0.000000 0.000000 1.000000
0.999158 0.040278 0.007824 -0.044200 -0.039056 0.992056 -0.119584 11.072300 -0.012578 0.119178 0.992793 -1.624100 0.000000 0.000000 0.000000 1.000000
0.999386 0.034029 0.008405 -0.044200 -0.032861 0.993039 -0.113108 11.072300 -0.012195 0.112762 0.993547 -1.624100 0.000000 0.000000 0.000000 1.000000
0.999420 0.030810 0.014498 -0.044200 -0.029760 0.997259 -0.067742 11.072300 -0.016546 0.067271 0.997598 -1.624100 0.000000 0.000000 0.000000 1.000000
0.998783 0.036129 0.033587 -0.044200 -0.035982 0.999340 -0.004974 11.072300 -0.033744 0.003759 0.999423 -1.624100 0.000000 0.000000 0.000000 1.000000
0.999193 0.031076 0.025432 -0.044200 -0.032228 0.998410 0.046245 11.072300 -0.023955 -0.047027 0.998606 -1.624100 0.000000 0.000000 0.000000 1.000000
0.999480 0.028345 0.015351 -0.044200 -0.029393 0.996895 0.073053 11.072300 -0.013232 -0.073466 0.997210 -1.624100 0.000000 0.000000 0.000000 1.000000
0.999271 0.036222 0.012062 -0.044200 -0.037094 0.995917 0.082303 11.072300 -0.009031 -0.082691 0.996534 -1.624100 0.000000 0.000000 0.000000 1.000000
0.999276 0.036596 0.010365 -0.044200 -0.037282 0.996385 0.076336 11.072300 -0.007534 -0.076667 0.997028 -1.624100 0.000000 0.000000 0.000000 1.000000
0.999167 0.036121 0.018999 -0.044200 -0.037361 0.996879 0.069548 11.072300 -0.016428 -0.070199 0.997398 -1.624100 0.000000 0.000000 0.000000 1.000000
0.999048 0.030239 0.031458 -0.044200 -0.031969 0.997916 0.056052 11.072300 -0.029698 -0.057004 0.997932 -1.624100 0.000000 0.000000 0.000000 1.000000
0.999009 0.021829 0.038797 -0.044200 -0.023788 0.998427 0.050776 11.072300 -0.037627 -0.051648 0.997956 -1.624100 0.000000 0.000000 0.000000 1.000000
0.998961 0.018835 0.041506 -0.044200 -0.020810 0.998646 0.047680 11.072300 -0.040552 -0.048494 0.998000 -1.624100 0.000000 0.000000 0.000000 1.000000
0.999037 0.019717 0.039187 -0.044200 -0.021234 0.999026 0.038671 11.072300 -0.038386 -0.039465 0.998483 -1.624100 0.000000 0.000000 0.000000 1.000000
0.999434 0.017162 0.028934 -0.044200 -0.017713 0.999665 0.018874 11.072300 -0.028601 -0.019375 0.999403 -1.624100 0.000000 0.000000 0.000000 1.000000
0.999807 0.012952 0.014792 -0.044200 -0.012932 0.999915 -0.001454 11.072300 -0.014810 0.001263 0.999890 -1.624100 0.000000 0.000000 0.000000 1.000000
0.999815 0.015070 0.011977 -0.044200 -0.014880 0.999764 -0.015805 11.072300 -0.012212 0.015624 0.999803 -1.624100 0.000000 0.000000 0.000000 1.000000
0.999611 0.019393 0.020032 -0.044200 -0.018878 0.999494 -0.025594 11.072300 -0.020518 0.025206 0.999472 -1.624100 0.000000 0.000000 0.000000 1.000000
0.999351 0.025287 0.025659 -0.044200 -0.024417 0.999135 -0.033660 11.072300 -0.026488 0.033012 0.999104 -1.624100 0.000000 0.000000 0.000000 1.000000
0.999145 0.033198 0.024644 -0.044200 -0.032186 0.998667 -0.040355 11.072300 -0.025951 0.039527 0.998881 -1.624100 0.000000 0.000000 0.000000 1.000000
0.998876 0.039649 0.025966 -0.044200 -0.038440 0.998225 -0.045489 11.072300 -0.027724 0.044440 0.998627 -1.624100 0.000000 0.000000 0.000000 1.000000
0.998708 0.041856 0.028823 -0.044200 -0.040545 0.998180 -0.044640 11.072300 -0.030639 0.043414 0.998587 -1.624100 0.000000 0.000000 0.000000 1.000000
0.998536 0.045599 0.029110 -0.044200 -0.044579 0.998400 -0.034794 11.072300 -0.030650 0.033446 0.998970 -1.624100 0.000000 0.000000 0.000000 1.000000
0.998380 0.050109 0.026946 -0.044200 -0.049555 0.998553 -0.020869 11.072300 -0.027953 0.019499 0.999419 -1.624100 0.000000 0.000000 0.000000 1.000000
0.998376 0.050074 0.027175 -0.044200 -0.049750 0.998684 -0.012471 11.072300 -0.027763 0.011098 0.999553 -1.624100 0.000000 0.000000 0.000000 1.000000
0.998432 0.049208 0.026704 -0.044200 -0.049066 0.998778 -0.005945 11.072300 -0.026964 0.004625 0.999626 -1.624100 0.000000 0.000000 0.000000 1.000000
