<?xml version="1.0" encoding="utf-8"?>
<COLLADA xmlns="http://www.collada.org/2005/11/COLLADASchema" version="1.4.1">
  <asset><contributor><author>Mixamo</author><authoring_tool>COLLADA Mixamo exporter</authoring_tool><comments></comments></contributor><created>2018-10-29T14:08:34Z</created><modified>2018-10-29T14:08:34Z</modified><revision></revision><title></title><unit meter="0.010000"/><up_axis>Y_UP</up_axis></asset>
  <library_animations>
    <animation id="mixamorig_Hips-anim" name="mixamorig_Hips"><source id="mixamorig_Hips-Matrix-animation-input"><float_array id="mixamorig_Hips-Matrix-animation-input-array" count="37">

0.000000 0.033333 0.066667 0.100000 0.133333 0.166667 0.200000 0.233333 0.266667 0.300000 0.333333 0.366667 0.400000 0.433333 0.466667 0.500000
0.533333 0.566667 0.600000 0.633333 0.666667 0.700000 0.733333 0.766667 0.800000 0.833333 0.866667 0.900000 0.933333 0.966667 1.000000 1.033333
1.066667 1.100000 1.133333 1.166667 1.200000</float_array><technique_common><accessor source="#mixamorig_Hips-Matrix-animation-input-array" count="37"><param name="TIME" type="float"/></accessor></technique_common></source><source id="mixamorig_Hips-Matrix-animation-output-transform"><float_array id="mixamorig_Hips-Matrix-animation-output-transform-array" count="592">

0.999487 -0.006359 0.031397 0.275901 0.002340 0.991971 0.126444 100.721573 -0.031949 -0.126306 0.991477 0.795296 0.000000 0.000000 0.000000 1.000000
0.998400 -0.010869 0.055488 0.100079 0.003035 0.990237 0.139358 100.360794 -0.056461 -0.138967 0.988686 -2.025491 0.000000 0.000000 0.000000 1.000000
0.996783 -0.008598 0.079685 -0.021396 -0.003598 0.988426 0.151662 99.632431 -0.080066 -0.151461 0.985215 -4.940332 0.000000 0.000000 0.000000 1.000000
0.994781 -0.003213 0.101982 -0.078614 -0.013549 0.986493 0.163240 98.761551 -0.101129 -0.163770 0.981301 -7.906820 0.000000 0.000000 0.000000 1.000000
0.992667 -0.000340 0.120883 -0.070880 -0.020934 0.984404 0.174672 98.048103 -0.119057 -0.175922 0.977178 -10.930622 0.000000 0.000000 0.000000 1.000000
0.990365 -0.002690 0.138459 0.029162 -0.023207 0.982448 0.185085 97.519974 -0.136526 -0.186515 0.972920 -14.157017 0.000000 0.000000 0.000000 1.000000
0.987319 -0.009903 0.158441 0.286351 -0.020691 0.981511 0.190283 97.073555 -0.157396 -0.191148 0.968860 -17.911352 0.000000 0.000000 0.000000 1.000000
0.983401 -0.019828 0.180360 0.742441 -0.014423 0.982324 0.186631 96.815506 -0.180872 -0.186134 0.965733 -22.436317 0.000000 0.000000 0.000000 1.000000
0.979385 -0.030516 0.199682 1.387751 -0.005023 0.984538 0.175098 96.744522 -0.201938 -0.172492 0.964089 -27.705641 0.000000 0.000000 0.000000 1.000000
0.975913 -0.045538 0.213356 2.101432 0.010450 0.986608 0.162775 96.687332 -0.217911 -0.156624 0.963319 -33.430828 0.000000 0.000000 0.000000 1.000000
0.973333 -0.070944 0.218150 2.714513 0.036707 0.986890 0.157165 96.472008 -0.226440 -0.144967 0.963177 -39.094830 0.000000 0.000000 0.000000 1.000000
0.972175 -0.095755 0.213790 3.257292 0.063452 0.986163 0.153157 96.139046 -0.225497 -0.135330 0.964799 -44.498390 0.000000 0.000000 0.000000 1.000000
0.973837 -0.103808 0.202152 3.795849 0.075602 0.986892 0.142581 96.177925 -0.214303 -0.123567 0.968920 -49.632870 0.000000 0.000000 0.000000 1.000000
0.981146 -0.082651 0.174703 4.405570 0.059746 0.989376 0.132532 97.199539 -0.183801 -0.119595 0.975661 -54.308445 0.000000 0.000000 0.000000 1.000000
0.990957 -0.036356 0.129159 5.058034 0.019162 0.991072 0.131946 98.969284 -0.132803 -0.128278 0.982806 -58.348782 0.000000 0.000000 0.000000 1.000000
0.996385 0.002397 0.084922 5.491345 -0.013990 0.990586 0.136175 100.621422 -0.083796 -0.136871 0.987038 -61.723885 0.000000 0.000000 0.000000 1.000000
0.998393 0.022841 0.051862 5.644390 -0.029930 0.989656 0.140306 101.608826 -0.048120 -0.141633 0.988749 -64.708626 0.000000 0.000000 0.000000 1.000000
0.998899 0.040262 0.024088 5.686095 -0.043377 0.988167 0.147121 101.998978 -0.017880 -0.148004 0.988825 -67.578621 0.000000 0.000000 0.000000 1.000000
0.998460 0.055476 -0.000486 5.667994 -0.054727 0.986339 0.155372 101.960777 0.009099 -0.155106 0.987856 -70.438690 0.000000 0.000000 0.000000 1.000000
0.997817 0.062720 -0.020690 5.569937 -0.058548 0.984996 0.162342 101.578339 0.030562 -0.160776 0.986518 -73.319969 0.000000 0.000000 0.000000 1.000000
0.997461 0.061273 -0.036304 5.435756 -0.054312 0.984154 0.168793 100.936935 0.046071 -0.166393 0.984983 -76.194084 0.000000 0.000000 0.000000 1.000000
0.997316 0.054679 -0.048696 5.314765 -0.045396 0.983578 0.174684 100.239304 0.057448 -0.172004 0.983420 -79.054108 0.000000 0.000000 0.000000 1.000000
0.996925 0.047363 -0.062426 5.195107 -0.035540 0.983302 0.178477 99.523354 0.069836 -0.175709 0.981962 -82.007088 0.000000 0.000000 0.000000 1.000000
0.995787 0.041905 -0.081559 5.044212 -0.026857 0.983748 0.177534 98.685394 0.087673 -0.174596 0.980729 -85.274368 0.000000 0.000000 0.000000 1.000000
0.993780 0.040537 -0.103716 4.818149 -0.022323 0.985002 0.171090 97.839928 0.109096 -0.167711 0.979781 -88.966774 0.000000 0.000000 0.000000 1.000000
0.991388 0.046538 -0.122406 4.531553 -0.026244 0.986367 0.162456 97.252098 0.128297 -0.157845 0.979094 -93.007874 0.000000 0.000000 0.000000 1.000000
0.989169 0.062318 -0.132894 4.243573 -0.041922 0.987630 0.151091 96.852478 0.140666 -0.143884 0.979546 -97.462654 0.000000 0.000000 0.000000 1.000000
0.986386 0.088669 -0.138496 3.934693 -0.069891 0.988375 0.135019 96.404350 0.148858 -0.123501 0.981116 -102.487251 0.000000 0.000000 0.000000 1.000000
0.981904 0.121491 -0.145275 3.544220 -0.104537 0.987357 0.119152 95.998055 0.157915 -0.101809 0.982190 -107.877022 0.000000 0.000000 0.000000 1.000000
0.977089 0.150717 -0.150268 3.109753 -0.135801 0.985149 0.105069 95.686661 0.163872 -0.082255 0.983046 -113.233765 0.000000 0.000000 0.000000 1.000000
0.975582 0.163471 -0.146688 2.701881 -0.151179 0.984269 0.091431 95.778595 0.159327 -0.067022 0.984948 -118.373260 0.000000 0.000000 0.000000 1.000000
0.979883 0.152374 -0.128888 2.308510 -0.142269 0.986230 0.084325 96.618835 0.139962 -0.064291 0.988067 -123.005470 0.000000 0.000000 0.000000 1.000000
0.986954 0.125802 -0.100482 1.861797 -0.117435 0.989414 0.085258 97.766739 0.110144 -0.072346 0.991279 -126.762489 0.000000 0.000000 0.000000 1.000000
0.993306 0.093588 -0.067711 1.397614 -0.087282 0.992041 0.090753 98.796814 0.075666 -0.084235 0.993569 -129.776886 0.000000 0.000000 0.000000 1.000000
0.997746 0.058433 -0.032983 0.993262 -0.054876 0.993472 0.100011 99.747086 0.038612 -0.097975 0.994440 -132.478256 0.000000 0.000000 0.000000 1.000000
0.999702 0.024407 0.000950 0.635202 -0.024359 0.993355 0.112479 100.469559 0.001802 -0.112469 0.993654 -135.082596 0.000000 0.000000 0.000000 1.000000
0.999487 -0.006359 0.031397 0.275901 0.002340 0.991971 0.126444 100.721581 -0.031949 -0.126306 0.991477 -137.704559 0.000000 0.000000 0.000000 1.000000</float_array><technique_common><accessor source="#mixamorig_Hips-Matrix-animation-output-transform-array" count="37" stride="16"><param type="float4x4"/></accessor></technique_common></source><source id="mixamorig_Hips-Interpolations"><Name_array id="mixamorig_Hips-Interpolations-array" count="37">
 LINEAR LINEAR LINEAR LINEAR LINEAR LINEAR LINEAR LINEAR LINEAR LINEAR LINEAR
LINEAR LINEAR LINEAR LINEAR LINEAR LINEAR LINEAR LINEAR LINEAR LINEAR LINEAR LINEAR
LINEAR LINEAR LINEAR LINEAR LINEAR LINEAR LINEAR LINEAR LINEAR LINEAR LINEAR LINEAR
LINEAR LINEAR</Name_array><technique_common><accessor source="#mixamorig_Hips-Interpolations-array" count="37"><param type="name"/></accessor></technique_common></source><sampler id="mixamorig_Hips-Matrix-animation-transform"><input semantic="INPUT" source="#mixamorig_Hips-Matrix-animation-input"/><input semantic="OUTPUT" source="#mixamorig_Hips-Matrix-animation-output-transform"/><input semantic="INTERPOLATION" source="#mixamorig_Hips-Interpolations"/></sampler><channel source="#mixamorig_Hips-Matrix-animation-transform" target="mixamorig_Hips/matrix"/></animation>
    <animation id="mixamorig_Spine-anim" name="mixamorig_Spine"><source id="mixamorig_Spine-Matrix-animation-input"><float_array id="mixamorig_Spine-Matrix-animation-input-array" count="37">

0.000000 0.033333 0.066667 0.100000 0.133333 0.166667 0.200000 0.233333 0.266667 0.300000 0.333333 0.366667 0.400000 0.433333 0.466667 0.500000
0.533333 0.566667 0.600000 0.633333 0.666667 0.700000 0.733333 0.766667 0.800000 0.833333 0.866667 0.900000 0.933333 0.966667 1.000000 1.033333
1.066667 1.100000 1.133333 1.166667 1.200000</float_array><technique_common><accessor source="#mixamorig_Spine-Matrix-animation-input-array" count="37"><param name="TIME" type="float"/></accessor></technique_common></source><source id="mixamorig_Spine-Matrix-animation-output-transform"><float_array id="mixamorig_Spine-Matrix-animation-output-transform-array" count="592">

0.996550 -0.005295 0.082824 -0.038100 0.025156 0.970288 -0.240643 9.490500 -0.079089 0.241896 0.967074 -1.392100 0.000000 0.000000 0.000000 1.000000
0.998009 -0.013536 0.061603 -0.038100 0.027335 0.973029 -0.229055 9.490500 -0.056841 0.230283 0.971462 -1.392100 0.000000 0.000000 0.000000 1.000000
0.999069 -0.030087 0.030932 -0.038100 0.036101 0.975465 -0.217175 9.490500 -0.023639 0.218089 0.975643 -1.392100 0.000000 0.000000 0.000000 1.000000
0.998973 -0.045007 -0.005268 -0.038100 0.042953 0.977533 -0.206359 9.490500 0.014437 0.205921 0.978462 -1.392100 0.000000 0.000000 0.000000 1.000000
0.997608 -0.054231 -0.042856 -0.038100 0.044663 0.978956 -0.199123 9.490500 0.052753 0.196732 0.979037 -1.392100 0.000000 0.000000 0.000000 1.000000
0.994697 -0.054094 -0.087477 -0.038100 0.036170 0.980168 -0.194837 9.490500 0.096281 0.190640 0.976927 -1.392100 0.000000 0.000000 0.000000 1.000000
0.990662 -0.048482 -0.127427 -0.038100 0.022770 0.980345 -0.195971 9.490500 0.134424 0.191240 0.972295 -1.392100 0.000000 0.000000 0.000000 1.000000
0.987105 -0.040078 -0.154975 -0.038100 0.007613 0.978808 -0.204639 9.490500 0.159893 0.200820 0.966491 -1.392100 0.000000 0.000000 0.000000 1.000000
0.984296 -0.030498 -0.173870 -0.038100 -0.007816 0.976468 -0.215522 9.490500 0.176352 0.213497 0.960895 -1.392100 0.000000 0.000000 0.000000 1.000000
0.982455 -0.021464 -0.185258 -0.038100 -0.022683 0.972227 -0.232938 9.490500 0.185113 0.233054 0.954683 -1.392100 0.000000 0.000000 0.000000 1.000000
0.979802 0.012642 -0.199568 -0.038100 -0.063484 0.966036 -0.250486 9.490500 0.189624 0.258096 0.947327 -1.392100 0.000000 0.000000 0.000000 1.000000
0.977373 0.043124 -0.207082 -0.038100 -0.098924 0.958526 -0.267285 9.490500 0.186967 0.281722 0.941103 -1.392100 0.000000 0.000000 0.000000 1.000000
0.974886 0.064104 -0.213280 -0.038100 -0.122129 0.954719 -0.271287 9.490500 0.186232 0.290521 0.938571 -1.392100 0.000000 0.000000 0.000000 1.000000
0.978618 0.052940 -0.198758 -0.038100 -0.108423 0.953928 -0.279760 9.490500 0.174791 0.295328 0.939271 -1.392100 0.000000 0.000000 0.000000 1.000000
0.989484 0.008138 -0.144415 -0.038100 -0.051526 0.952752 -0.299348 9.490500 0.135155 0.303641 0.943152 -1.392100 0.000000 0.000000 0.000000 1.000000
0.994603 -0.018815 -0.102031 -0.038100 -0.013016 0.953021 -0.302624 9.490500 0.102932 0.302319 0.947633 -1.392100 0.000000 0.000000 0.000000 1.000000
0.997031 -0.026679 -0.072228 -0.038100 0.004054 0.954940 -0.296770 9.490500 0.076891 0.295596 0.952213 -1.392100 0.000000 0.000000 0.000000 1.000000
0.998824 -0.028559 -0.039181 -0.038100 0.016141 0.957879 -0.286720 9.490500 0.045719 0.285750 0.957213 -1.392100 0.000000 0.000000 0.000000 1.000000
0.999548 -0.028679 -0.009049 -0.038100 0.025052 0.960555 -0.276961 9.490500 0.016635 0.276609 0.960839 -1.392100 0.000000 0.000000 0.000000 1.000000
0.999571 -0.020556 0.020844 -0.038100 0.025331 0.964233 -0.263843 9.490500 -0.014675 0.264258 0.964340 -1.392100 0.000000 0.000000 0.000000 1.000000
0.998787 -0.005706 0.048908 -0.038100 0.017847 0.967674 -0.251572 9.490500 -0.045892 0.252139 0.966602 -1.392100 0.000000 0.000000 0.000000 1.000000
0.996687 0.010139 0.080700 -0.038100 0.009436 0.971086 -0.238542 9.490500 -0.080785 0.238513 0.967773 -1.392100 0.000000 0.000000 0.000000 1.000000
0.992628 0.024866 0.118622 -0.038100 0.002417 0.974472 -0.224497 9.490500 -0.121176 0.223129 0.967228 -1.392100 0.000000 0.000000 0.000000 1.000000
0.985817 0.037401 0.163605 -0.038100 -0.001641 0.976953 -0.213448 9.490500 -0.167817 0.210153 0.963158 -1.392100 0.000000 0.000000 0.000000 1.000000
0.976573 0.045853 0.210245 -0.038100 -0.001630 0.978582 -0.205852 9.490500 -0.215181 0.200687 0.955731 -1.392100 0.000000 0.000000 0.000000 1.000000
0.969042 0.044573 0.242841 -0.038100 0.006337 0.978755 -0.204935 9.490500 -0.246816 0.200130 0.948172 -1.392100 0.000000 0.000000 0.000000 1.000000
0.962335 0.027766 0.270444 -0.038100 0.029056 0.978568 -0.203862 9.490500 -0.270309 0.204041 0.940904 -1.392100 0.000000 0.000000 0.000000 1.000000
0.956846 -0.004745 0.290556 -0.038100 0.067497 0.976150 -0.206337 9.490500 -0.282647 0.217045 0.934346 -1.392100 0.000000 0.000000 0.000000 1.000000
0.949989 -0.046436 0.308810 -0.038100 0.115713 0.970834 -0.209982 9.490500 -0.290053 0.235214 0.927655 -1.392100 0.000000 0.000000 0.000000 1.000000
0.944629 -0.084885 0.316971 -0.038100 0.158035 0.964243 -0.212747 9.490500 -0.287578 0.251059 0.924266 -1.392100 0.000000 0.000000 0.000000 1.000000
0.939066 -0.116463 0.323405 -0.038100 0.191625 0.958462 -0.211260 9.490500 -0.285368 0.260359 0.922376 -1.392100 0.000000 0.000000 0.000000 1.000000
0.946551 -0.111913 0.302518 -0.038100 0.185679 0.955952 -0.227330 9.490500 -0.263751 0.271350 0.925637 -1.392100 0.000000 0.000000 0.000000 1.000000
0.963572 -0.088228 0.252477 -0.038100 0.151392 0.958149 -0.242961 9.490500 -0.220475 0.272333 0.936603 -1.392100 0.000000 0.000000 0.000000 1.000000
0.976882 -0.060350 0.205086 -0.038100 0.111343 0.962571 -0.247102 9.490500 -0.182497 0.264224 0.947038 -1.392100 0.000000 0.000000 0.000000 1.000000
0.985095 -0.039471 0.167420 -0.038100 0.080367 0.966162 -0.245095 9.490500 -0.152081 0.254897 0.954934 -1.392100 0.000000 0.000000 0.000000 1.000000
0.991995 -0.020536 0.124595 -0.038100 0.050591 0.968672 -0.243135 9.490500 -0.115699 0.247492 0.961957 -1.392100 0.000000 0.000000 0.000000 1.000000
0.996550 -0.005295 0.082824 -0.038100 0.025155 0.970288 -0.240643 9.490500 -0.079089 0.241896 0.967074 -1.392100 0.000000 0.000000 0.000000 1.000000</float_array><technique_common><accessor source="#mixamorig_Spine-Matrix-animation-output-transform-array" count="37" stride="16"><param type="float4x4"/></accessor></technique_common></source><source id="mixamorig_Spine-Interpolations"><Name_array id="mixamorig_Spine-Interpolations-array" count="37">
 LINEAR LINEAR LINEAR LINEAR LINEAR LINEAR LINEAR LINEAR LINEAR LINEAR LINEAR
LINEAR LINEAR LINEAR LINEAR LINEAR LINEAR LINEAR LINEAR LINEAR LINEAR LINEAR LINEAR
LINEAR LINEAR LINEAR LINEAR LINEAR LINEAR LINEAR LINEAR LINEAR LINEAR LINEAR LINEAR
LINEAR LINEAR</Name_array><technique_common><accessor source="#mixamorig_Spine-Interpolations-array" count="37"><param type="name"/></accessor></technique_common></source><sampler id="mixamorig_Spine-Matrix-animation-transform"><input semantic="INPUT" source="#mixamorig_Spine-Matrix-animation-input"/><input semantic="OUTPUT" source="#mixamorig_Spine-Matrix-animation-output-transform"/><input semantic="INTERPOLATION" source="#mixamorig_Spine-Interpolations"/></sampler><channel source="#mixamorig_Spine-Matrix-animation-transform" target="mixamorig_Spine/matrix"/></animation>
    <animation id="mixamorig_Spine1-anim" name="mixamorig_Spine1"><source id="mixamorig_Spine1-Matrix-animation-input"><float_array id="mixamorig_Spine1-Matrix-animation-input-array" count="37">

0.000000 0.033333 0.066667 0.100000 0.133333 0.166667 0.200000 0.233333 0.266667 0.300000 0.333333 0.366667 0.400000 0.433333 0.466667 0.500000
0.533333 0.566667 0.600000 0.633333 0.666667 0.700000 0.733333 0.766667 0.800000 0.833333 0.866667 0.900000 0.933333 0.966667 1.000000 1.033333
1.066667 1.100000 1.133333 1.166667 1.200000</float_array><technique_common><accessor source="#mixamorig_Spine1-Matrix-animation-input-array" count="37"><param name="TIME" type="float"/></accessor></technique_common></source><source id="mixamorig_Spine1-Matrix-animation-output-transform"><float_array id="mixamorig_Spine1-Matrix-animation-output-transform-array" count="592">

0.999582 0.009780 0.027219 -0.044200 -0.005944 0.990468 -0.137615 11.072300 -0.028305 0.137396 0.990112 -1.624100 0.000000 0.000000 0.000000 1.000000
0.999719 0.008333 0.022173 -0.044200 -0.005224 0.990590 -0.136765 11.072300 -0.023104 0.136611 0.990355 -1.624100 0.000000 0.000000 0.000000 1.000000
0.999875 0.004993 0.014992 -0.044200 -0.002900 0.990631 -0.136534 11.072300 -0.015534 0.136474 0.990522 -1.624100 0.000000 0.000000 0.000000 1.000000
0.999976 0.001928 0.006710 -0.044200 -0.000994 0.990640 -0.136494 11.072300 -0.006910 0.136484 0.990618 -1.624100 0.000000 0.000000 0.000000 1.000000
0.999999 -0.000527 -0.001405 -0.044200 0.000329 0.990553 -0.137131 11.072300 0.001464 0.137130 0.990552 -1.624100 0.000000 0.000000 0.000000 1.000000
0.999942 -0.001992 -0.010626 -0.044200 0.000505 0.990401 -0.138223 11.072300 0.010799 0.138209 0.990344 -1.624100 0.000000 0.000000 0.000000 1.000000
0.999816 -0.002726 -0.018974 -0.044200 0.000054 0.990237 -0.139394 11.072300 0.019169 0.139367 0.990055 -1.624100 0.000000 0.000000 0.000000 1.000000
0.999691 -0.002231 -0.024753 -0.044200 -0.001262 0.990124 -0.140189 11.072300 0.024822 0.140177 0.989815 -1.624100 0.000000 0.000000 0.000000 1.000000
0.999602 -0.001690 -0.028161 -0.044200 -0.002258 0.990207 -0.139587 11.072300 0.028121 0.139595 0.989809 -1.624100 0.000000 0.000000 0.000000 1.000000
0.999584 -0.003717 -0.028586 -0.044200 -0.000283 0.990338 -0.138671 11.072300 0.028825 0.138621 0.989926 -1.624100 0.000000 0.000000 0.000000 1.000000
0.999631 -0.008981 -0.025642 -0.044200 0.005276 0.989987 -0.141060 11.072300 0.026652 0.140872 0.989669 -1.624100 0.000000 0.000000 0.000000 1.000000
0.999701 -0.012202 -0.021173 -0.044200 0.009049 0.989666 -0.143103 11.072300 0.022700 0.142868 0.989481 -1.624100 0.000000 0.000000 0.000000 1.000000
0.999746 -0.014339 -0.017411 -0.044200 0.011706 0.989664 -0.142930 11.072300 0.019280 0.142690 0.989580 -1.624100 0.000000 0.000000 0.000000 1.000000
0.999785 -0.014678 -0.014642 -0.044200 0.012445 0.989735 -0.142372 11.072300 0.016581 0.142160 0.989705 -1.624100 0.000000 0.000000 0.000000 1.000000
0.999888 -0.011016 -0.010121 -0.044200 0.009464 0.989771 -0.142354 11.072300 0.011586 0.142242 0.989764 -1.624100 0.000000 0.000000 0.000000 1.000000
0.999955 -0.007739 -0.005484 -0.044200 0.006881 0.989814 -0.142199 11.072300 0.006529 0.142155 0.989823 -1.624100 0.000000 0.000000 0.000000 1.000000
0.999972 -0.007528 0.000043 -0.044200 0.007459 0.989934 -0.141331 11.072300 0.001021 0.141327 0.989962 -1.624100 0.000000 0.000000 0.000000 1.000000
0.999952 -0.007131 0.006758 -0.044200 0.008007 0.990124 -0.139965 11.072300 -0.005694 0.140012 0.990133 -1.624100 0.000000 0.000000 0.000000 1.000000
0.999883 -0.007666 0.013238 -0.044200 0.009436 0.990203 -0.139316 11.072300 -0.012040 0.139425 0.990159 -1.624100 0.000000 0.000000 0.000000 1.000000
0.999775 -0.006969 0.020041 -0.044200 0.009670 0.990387 -0.137989 11.072300 -0.018887 0.138152 0.990231 -1.624100 0.000000 0.000000 0.000000 1.000000
0.999633 -0.004853 0.026635 -0.044200 0.008484 0.990404 -0.137945 11.072300 -0.025710 0.138121 0.990082 -1.624100 0.000000 0.000000 0.000000 1.000000
0.999424 -0.001742 0.033892 -0.044200 0.006422 0.990346 -0.138467 11.072300 -0.033324 0.138605 0.989787 -1.624100 0.000000 0.000000 0.000000 1.000000
0.999111 0.002171 0.042096 -0.044200 0.003672 0.990392 -0.138239 11.072300 -0.041992 0.138270 0.989504 -1.624100 0.000000 0.000000 0.000000 1.000000
0.998641 0.005721 0.051797 -0.044200 0.001423 0.990591 -0.136847 11.072300 -0.052093 0.136735 0.989237 -1.624100 0.000000 0.000000 0.000000 1.000000
0.998065 0.007833 0.061690 -0.044200 0.000508 0.990975 -0.134043 11.072300 -0.062183 0.133815 0.989053 -1.624100 0.000000 0.000000 0.000000 1.000000
0.997610 0.009711 0.068416 -0.044200 -0.000572 0.991204 -0.132344 11.072300 -0.069099 0.131989 0.988840 -1.624100 0.000000 0.000000 0.000000 1.000000
0.997218 0.010316 0.073818 -0.044200 -0.000523 0.991320 -0.131474 11.072300 -0.074534 0.131069 0.988567 -1.624100 0.000000 0.000000 0.000000 1.000000
0.997032 0.009329 0.076426 -0.044200 0.000860 0.991221 -0.132209 11.072300 -0.076988 0.131882 0.988271 -1.624100 0.000000 0.000000 0.000000 1.000000
0.997109 0.011046 0.075173 -0.044200 -0.000864 0.990961 -0.134150 11.072300 -0.075976 0.133697 0.988106 -1.624100 0.000000 0.000000 0.000000 1.000000
0.997390 0.013181 0.070987 -0.044200 -0.003580 0.991012 -0.133725 11.072300 -0.072112 0.133122 0.988473 -1.624100 0.000000 0.000000 0.000000 1.000000
0.997658 0.016082 0.066478 -0.044200 -0.007064 0.990993 -0.133730 11.072300 -0.068030 0.132947 0.988786 -1.624100 0.000000 0.000000 0.000000 1.000000
0.998026 0.016324 0.060640 -0.044200 -0.008035 0.990881 -0.134498 11.072300 -0.062283 0.133745 0.989057 -1.624100 0.000000 0.000000 0.000000 1.000000
0.998102 0.007170 0.061163 -0.044200 0.000942 0.991303 -0.131594 11.072300 -0.061575 0.131402 0.989415 -1.624100 0.000000 0.000000 0.000000 1.000000
0.998224 0.000551 0.059575 -0.044200 0.007186 0.991543 -0.129583 11.072300 -0.059142 0.129781 0.989777 -1.624100 0.000000 0.000000 0.000000 1.000000
0.998706 0.003519 0.050730 -0.044200 0.003191 0.991299 -0.131590 11.072300 -0.050752 0.131581 0.990005 -1.624100 0.000000 0.000000 0.000000 1.000000
0.999204 0.006951 0.039269 -0.044200 -0.001610 0.990923 -0.134422 11.072300 -0.039847 0.134252 0.990146 -1.624100 0.000000 0.000000 0.000000 1.000000
0.999582 0.009780 0.027219 -0.044200 -0.005944 0.990468 -0.137615 11.072300 -0.028305 0.137396 0.990112 -1.624100 0.000000 0.000000 0.000000 1.000000</float_array><technique_common><accessor source="#mixamorig_Spine1-Matrix-animation-output-transform-array" count="37" stride="16"><param type="float4x4"/></accessor></technique_common></source><source id="mixamorig_Spine1-Interpolations"><Name_array id="mixamorig_Spine1-Interpolations-array" count="37">
 LINEAR LINEAR LINEAR LINEAR LINEAR LINEAR LINEAR LINEAR LINEAR LINEAR LINEAR
LINEAR LINEAR LINEAR LINEAR LINEAR LINEAR LINEAR LINEAR LINEAR LINEAR LINEAR LINEAR
LINEAR LINEAR LINEAR LINEAR LINEAR LINEAR LINEAR LINEAR LINEAR LINEAR LINEAR LINEAR
LINEAR LINEAR</Name_array><technique_common><accessor source="#mixamorig_Spine1-Interpolations-array" count="37"><param type="name"/></accessor></technique_common></source><sampler id="mixamorig_Spine1-Matrix-animation-transform"><input semantic="INPUT" source="#mixamorig_Spine1-Matrix-animation-input"/><input semantic="OUTPUT" source="#mixamorig_Spine1-Matrix-animation-output-transform"/><input semantic="INTERPOLATION" source="#mixamorig_Spine1-Interpolations"/></sampler><channel source="#mixamorig_Spine1-Matrix-animation-transform" target="mixamorig_Spine1/matrix"/></animation>
    <animation id="mixamorig_Spine2-anim" name="mixamorig_Spine2"><source id="mixamorig_Spine2-Matrix-animation-input"><float_array id="mixamorig_Spine2-Matrix-animation-input-array" count="37">

0.000000 0.033333 0.066667 0.100000 0.133333 0.166667 0.200000 0.233333 0.266667 0.300000 0.333333 0.366667 0.400000 0.433333 0.466667 0.500000
0.533333 0.566667 0.600000 0.633333 0.666667 0.700000 0.733333 0.766667 0.800000 0.833333 0.866667 0.900000 0.933333 0.966667 1.000000 1.033333
1.066667 1.100000 1.133333 1.166667 1.200000</float_array><technique_common><accessor source="#mixamorig_Spine2-Matrix-animation-input-array" count="37"><param name="TIME" type="float"/></accessor></technique_common></source><source id="mixamorig_Spine2-Matrix-animation-output-transform"><float_array id="mixamorig_Spine2-Matrix-animation-output-transform-array" count="592">

0.999514 0.007353 0.030287 -0.050500 -0.003207 0.990876 -0.134742 12.654000 -0.031001 0.134579 0.990418 -1.856100 0.000000 0.000000 0.000000 1.000000
0.999665 0.005869 0.025217 -0.050500 -0.002441 0.990996 -0.133869 12.654000 -0.025776 0.133763 0.990678 -1.856100 0.000000 0.000000 0.000000 1.000000
0.999834 0.002496 0.018072 -0.050500 -0.000060 0.991037 -0.133590 12.654000 -0.018244 0.133566 0.990872 -1.856100 0.000000 0.000000 0.000000 1.000000
0.999952 -0.000578 0.009785 -0.050500 0.001879 0.991047 -0.133500 12.654000 -0.009621 0.133512 0.991000 -1.856100 0.000000 0.000000 0.000000 1.000000
0.999994 -0.003016 0.001651 -0.050500 0.003210 0.990963 -0.134094 12.654000 -0.001232 0.134099 0.990967 -1.856100 0.000000 0.000000 0.000000 1.000000
0.999961 -0.004442 -0.007588 -0.050500 0.003376 0.990818 -0.135162 12.654000 0.008118 0.135131 0.990795 -1.856100 0.000000 0.000000 0.000000 1.000000
0.999860 -0.005140 -0.015943 -0.050500 0.002918 0.990658 -0.136339 12.654000 0.016495 0.136273 0.990534 -1.856100 0.000000 0.000000 0.000000 1.000000
0.999754 -0.004653 -0.021703 -0.050500 0.001633 0.990547 -0.137162 12.654000 0.022136 0.137093 0.990311 -1.856100 0.000000 0.000000 0.000000 1.000000
0.999681 -0.004174 -0.024928 -0.050500 0.000729 0.990620 -0.136640 12.654000 0.025265 0.136579 0.990307 -1.856100 0.000000 0.000000 0.000000 1.000000
0.999668 -0.006286 -0.024984 -0.050500 0.002834 0.990722 -0.135872 12.654000 0.025606 0.135756 0.990411 -1.856100 0.000000 0.000000 0.000000 1.000000
0.999701 -0.011543 -0.021544 -0.050500 0.008450 0.990325 -0.138511 12.654000 0.022934 0.138288 0.990127 -1.856100 0.000000 0.000000 0.000000 1.000000
0.999756 -0.014696 -0.016490 -0.050500 0.012232 0.989975 -0.140713 12.654000 0.018393 0.140477 0.989913 -1.856100 0.000000 0.000000 0.000000 1.000000
0.999786 -0.016719 -0.012207 -0.050500 0.014838 0.989951 -0.140627 12.654000 0.014436 0.140416 0.989987 -1.856100 0.000000 0.000000 0.000000 1.000000
0.999815 -0.016976 -0.009079 -0.050500 0.015538 0.990027 -0.140020 12.654000 0.011365 0.139853 0.990107 -1.856100 0.000000 0.000000 0.000000 1.000000
0.999903 -0.013225 -0.004370 -0.050500 0.012484 0.990107 -0.139759 12.654000 0.006175 0.139691 0.990176 -1.856100 0.000000 0.000000 0.000000 1.000000
0.999952 -0.009828 0.000381 -0.050500 0.009786 0.990186 -0.139410 12.654000 0.000993 0.139407 0.990235 -1.856100 0.000000 0.000000 0.000000 1.000000
0.999937 -0.009490 0.006045 -0.050500 0.010235 0.990324 -0.138395 12.654000 -0.004673 0.138448 0.990359 -1.856100 0.000000 0.000000 0.000000 1.000000
0.999877 -0.008972 0.012890 -0.050500 0.010652 0.990533 -0.136862 12.654000 -0.011540 0.136982 0.990506 -1.856100 0.000000 0.000000 0.000000 1.000000
0.999766 -0.009408 0.019493 -0.050500 0.011975 0.990629 -0.136054 12.654000 -0.018030 0.136256 0.990510 -1.856100 0.000000 0.000000 0.000000 1.000000
0.999615 -0.008637 0.026380 -0.050500 0.012112 0.990833 -0.134551 12.654000 -0.024976 0.134818 0.990556 -1.856100 0.000000 0.000000 0.000000 1.000000
0.999434 -0.006464 0.033027 -0.050500 0.010848 0.990877 -0.134330 12.654000 -0.031858 0.134612 0.990386 -1.856100 0.000000 0.000000 0.000000 1.000000
0.999181 -0.003310 0.040327 -0.050500 0.008717 0.990855 -0.134652 12.654000 -0.039513 0.134893 0.990072 -1.856100 0.000000 0.000000 0.000000 1.000000
0.998823 0.000614 0.048508 -0.050500 0.005909 0.990935 -0.134212 12.654000 -0.048151 0.134340 0.989765 -1.856100 0.000000 0.000000 0.000000 1.000000
0.998298 0.004187 0.058174 -0.050500 0.003569 0.991167 -0.132572 12.654000 -0.058215 0.132554 0.989465 -1.856100 0.000000 0.000000 0.000000 1.000000
0.997666 0.006353 0.067990 -0.050500 0.002514 0.991572 -0.129530 12.654000 -0.068240 0.129398 0.989242 -1.856100 0.000000 0.000000 0.000000 1.000000
0.997180 0.008264 0.074596 -0.050500 0.001337 0.991807 -0.127742 12.654000 -0.075040 0.127482 0.988998 -1.856100 0.000000 0.000000 0.000000 1.000000
0.996768 0.008914 0.079834 -0.050500 0.001295 0.991912 -0.126924 12.654000 -0.080320 0.126618 0.988694 -1.856100 0.000000 0.000000 0.000000 1.000000
0.996574 0.007981 0.082319 -0.050500 0.002615 0.991794 -0.127820 12.654000 -0.082664 0.127597 0.988375 -1.856100 0.000000 0.000000 0.000000 1.000000
0.996685 0.009715 0.080777 -0.050500 0.000887 0.991488 -0.130192 12.654000 -0.081355 0.129832 0.988193 -1.856100 0.000000 0.000000 0.000000 1.000000
0.997035 0.012060 0.076004 -0.050500 -0.002058 0.991470 -0.130321 12.654000 -0.076927 0.129778 0.988554 -1.856100 0.000000 0.000000 0.000000 1.000000
0.997376 0.014987 0.070834 -0.050500 -0.005607 0.991392 -0.130810 12.654000 -0.072185 0.130069 0.988874 -1.856100 0.000000 0.000000 0.000000 1.000000
0.997805 0.014995 0.064507 -0.050500 -0.006375 0.991254 -0.131812 12.654000 -0.065920 0.131111 0.989174 -1.856100 0.000000 0.000000 0.000000 1.000000
0.997832 0.007050 0.065427 -0.050500 0.001411 0.991725 -0.128376 12.654000 -0.065790 0.128190 0.989565 -1.856100 0.000000 0.000000 0.000000 1.000000
0.997942 0.001019 0.064122 -0.050500 0.007090 0.991993 -0.126097 12.654000 -0.063737 0.126292 0.989943 -1.856100 0.000000 0.000000 0.000000 1.000000
0.998501 0.003199 0.054636 -0.050500 0.003847 0.991718 -0.128376 12.654000 -0.054594 0.128394 0.990219 -1.856100 0.000000 0.000000 0.000000 1.000000
0.999072 0.005594 0.042704 -0.050500 0.000067 0.991328 -0.131409 12.654000 -0.043069 0.131290 0.990408 -1.856100 0.000000 0.000000 0.000000 1.000000
0.999514 0.007353 0.030287 -0.050500 -0.003207 0.990876 -0.134742 12.654000 -0.031001 0.134579 0.990418 -1.856100 0.000000 0.000000 0.000000 1.000000</float_array><technique_common><accessor source="#mixamorig_Spine2-Matrix-animation-output-transform-array" count="37" stride="16"><param type="float4x4"/></accessor></technique_common></source><source id="mixamorig_Spine2-Interpolations"><Name_array id="mixamorig_Spine2-Interpolations-array" count="37">
 LINEAR LINEAR LINEAR LINEAR LINEAR LINEAR LINEAR LINEAR LINEAR LINEAR LINEAR
LINEAR LINEAR LINEAR LINEAR LINEAR LINEAR LINEAR LINEAR LINEAR LINEAR LINEAR LINEAR
LINEAR LINEAR LINEAR LINEAR LINEAR LINEAR LINEAR LINEAR LINEAR LINEAR LINEAR LINEAR
LINEAR LINEAR</Name_array><technique_common><accessor source="#mixamorig_Spine2-Interpolations-array" count="37"><param type="name"/></accessor></technique_common></source><sampler id="mixamorig_Spine2-Matrix-animation-transform"><input semantic="INPUT" source="#mixamorig_Spine2-Matrix-animation-input"/><input semantic="OUTPUT" source="#mixamorig_Spine2-Matrix-animation-output-transform"/><input semantic="INTERPOLATION" source="#mixamorig_Spine2-Interpolations"/></sampler><channel source="#mixamorig_Spine2-Matrix-animation-transform" target="mixamorig_Spine2/matrix"/></animation>
    <animation id="mixamorig_Neck-anim" name="mixamorig_Neck"><source id="mixamorig_Neck-Matrix-animation-input"><float_array id="mixamorig_Neck-Matrix-animation-input-array" count="37">

0.000000 0.033333 0.066667 0.100000 0.133333 0.166667 0.200000 0.233333 0.266667 0.300000 0.333333 0.366667 0.400000 0.433333 0.466667 0.500000
0.533333 0.566667 0.600000 0.633333 0.666667 0.700000 0.733333 0.766667 0.800000 0.833333 0.866667 0.900000 0.933333 0.966667 1.000000 1.033333
1.066667 1.100000 1.133333 1.166667 1.200000</float_array><technique_common><accessor source="#mixamorig_Neck-Matrix-animation-input-array" count="37"><param name="TIME" type="float"/></accessor></technique_common></source><source id="mixamorig_Neck-Matrix-animation-output-transform"><float_array id="mixamorig_Neck-Matrix-animation-output-transform-array" count="592">

0.999855 -0.005495 -0.016093 -0.056900 0.005761 0.999847 0.016536 14.235800 0.016000 -0.016626 0.999734 -2.088100 0.000000 0.000000 0.000000 1.000000
0.999910 -0.003608 -0.012916 -0.056900 0.003807 0.999874 0.015402 14.235800 0.012859 -0.015450 0.999798 -2.088100 0.000000 0.000000 0.000000 1.000000
0.999963 -0.001095 -0.008561 -0.056900 0.001216 0.999900 0.014089 14.235800 0.008544 -0.014099 0.999864 -2.088100 0.000000 0.000000 0.000000 1.000000
0.999996 0.000479 -0.002722 -0.056900 -0.000440 0.999896 0.014428 14.235800 0.002729 -0.014427 0.999892 -2.088100 0.000000 0.000000 0.000000 1.000000
0.999992 0.002055 0.003289 -0.056900 -0.002097 0.999917 0.012751 14.235800 -0.003263 -0.012758 0.999913 -2.088100 0.000000 0.000000 0.000000 1.000000
0.999951 0.002589 0.009531 -0.056900 -0.002694 0.999936 0.011029 14.235800 -0.009502 -0.011054 0.999894 -2.088100 0.000000 0.000000 0.000000 1.000000
0.999874 0.004643 0.015163 -0.056900 -0.004809 0.999928 0.010969 14.235800 -0.015111 -0.011041 0.999825 -2.088100 0.000000 0.000000 0.000000 1.000000
0.999790 0.007699 0.019012 -0.056900 -0.007952 0.999880 0.013317 14.235800 -0.018908 -0.013465 0.999731 -2.088100 0.000000 0.000000 0.000000 1.000000
0.999731 0.008994 0.021364 -0.056900 -0.009383 0.999790 0.018198 14.235800 -0.021196 -0.018394 0.999606 -2.088100 0.000000 0.000000 0.000000 1.000000
0.999661 0.011773 0.023217 -0.056900 -0.012340 0.999626 0.024419 14.235800 -0.022921 -0.024697 0.999432 -2.088100 0.000000 0.000000 0.000000 1.000000
0.999575 0.015223 0.024877 -0.056900 -0.015945 0.999449 0.029122 14.235800 -0.024420 -0.029506 0.999266 -2.088100 0.000000 0.000000 0.000000 1.000000
0.999533 0.016473 0.025751 -0.056900 -0.017278 0.999360 0.031332 14.235800 -0.025218 -0.031763 0.999177 -2.088100 0.000000 0.000000 0.000000 1.000000
0.999536 0.014877 0.026588 -0.056900 -0.015696 0.999400 0.030862 14.235800 -0.026113 -0.031265 0.999170 -2.088100 0.000000 0.000000 0.000000 1.000000
0.999513 0.014669 0.027555 -0.056900 -0.015512 0.999410 0.030646 14.235800 -0.027090 -0.031059 0.999150 -2.088100 0.000000 0.000000 0.000000 1.000000
0.999519 0.015488 0.026865 -0.056900 -0.016306 0.999402 0.030506 14.235800 -0.026376 -0.030929 0.999174 -2.088100 0.000000 0.000000 0.000000 1.000000
0.999569 0.014614 0.025468 -0.056900 -0.015325 0.999491 0.027981 14.235800 -0.025046 -0.028359 0.999284 -2.088100 0.000000 0.000000 0.000000 1.000000
0.999655 0.012773 0.022955 -0.056900 -0.013345 0.999599 0.024959 14.235800 -0.022627 -0.025257 0.999425 -2.088100 0.000000 0.000000 0.000000 1.000000
0.999787 0.008882 0.018654 -0.056900 -0.009265 0.999746 0.020551 14.235800 -0.018466 -0.020719 0.999615 -2.088100 0.000000 0.000000 0.000000 1.000000
0.999868 0.007223 0.014521 -0.056900 -0.007488 0.999806 0.018234 14.235800 -0.014386 -0.018341 0.999728 -2.088100 0.000000 0.000000 0.000000 1.000000
0.999949 0.004522 0.009045 -0.056900 -0.004653 0.999883 0.014549 14.235800 -0.008978 -0.014591 0.999853 -2.088100 0.000000 0.000000 0.000000 1.000000
0.999992 0.002638 0.002974 -0.056900 -0.002676 0.999915 0.012724 14.235800 -0.002940 -0.012732 0.999915 -2.088100 0.000000 0.000000 0.000000 1.000000
0.999990 0.002736 -0.003648 -0.056900 -0.002696 0.999937 0.010927 14.235800 0.003678 -0.010917 0.999934 -2.088100 0.000000 0.000000 0.000000 1.000000
0.999933 0.002711 -0.011241 -0.056900 -0.002628 0.999970 0.007342 14.235800 0.011261 -0.007312 0.999910 -2.088100 0.000000 0.000000 0.000000 1.000000
0.999812 0.002702 -0.019207 -0.056900 -0.002615 0.999986 0.004555 14.235800 0.019219 -0.004504 0.999805 -2.088100 0.000000 0.000000 0.000000 1.000000
0.999643 0.002408 -0.026600 -0.056900 -0.002312 0.999991 0.003626 14.235800 0.026609 -0.003564 0.999640 -2.088100 0.000000 0.000000 0.000000 1.000000
0.999475 0.000610 -0.032399 -0.056900 -0.000445 0.999987 0.005085 14.235800 0.032401 -0.005068 0.999462 -2.088100 0.000000 0.000000 0.000000 1.000000
0.999317 -0.000909 -0.036944 -0.056900 0.001159 0.999977 0.006737 14.235800 0.036937 -0.006775 0.999295 -2.088100 0.000000 0.000000 0.000000 1.000000
0.999207 -0.002701 -0.039718 -0.056900 0.003108 0.999943 0.010201 14.235800 0.039688 -0.010316 0.999159 -2.088100 0.000000 0.000000 0.000000 1.000000
0.999178 -0.005644 -0.040152 -0.056900 0.006220 0.999879 0.014249 14.235800 0.040067 -0.014487 0.999092 -2.088100 0.000000 0.000000 0.000000 1.000000
0.999227 -0.007453 -0.038588 -0.056900 0.008174 0.999795 0.018545 14.235800 0.038442 -0.018846 0.999083 -2.088100 0.000000 0.000000 0.000000 1.000000
0.999325 -0.007006 -0.036065 -0.056900 0.007824 0.999714 0.022592 14.235800 0.035897 -0.022859 0.999094 -2.088100 0.000000 0.000000 0.000000 1.000000
0.999433 -0.008027 -0.032684 -0.056900 0.008893 0.999611 0.026427 14.235800 0.032459 -0.026703 0.999116 -2.088100 0.000000 0.000000 0.000000 1.000000
0.999483 -0.007802 -0.031200 -0.056900 0.008561 0.999669 0.024258 14.235800 0.031000 -0.024512 0.999219 -2.088100 0.000000 0.000000 0.000000 1.000000
0.999568 -0.008206 -0.028231 -0.056900 0.008800 0.999741 0.020972 14.235800 0.028052 -0.021212 0.999381 -2.088100 0.000000 0.000000 0.000000 1.000000
0.999681 -0.008488 -0.023790 -0.056900 0.008906 0.999807 0.017509 14.235800 0.023637 -0.017715 0.999564 -2.088100 0.000000 0.000000 0.000000 1.000000
0.999772 -0.007405 -0.020031 -0.056900 0.007744 0.999827 0.016917 14.235800 0.019902 -0.017068 0.999656 -2.088100 0.000000 0.000000 0.000000 1.000000
0.999855 -0.005495 -0.016093 -0.056900 0.005761 0.999847 0.016536 14.235800 0.016000 -0.016626 0.999734 -2.088100 0.000000 0.000000 0.000000 1.000000</float_array><technique_common><accessor source="#mixamorig_Neck-Matrix-animation-output-transform-array" count="37" stride="16"><param type="float4x4"/></accessor></technique_common></source><source id="mixamorig_Neck-Interpolations"><Name_array id="mixamorig_Neck-Interpolations-array" count="37">
 LINEAR LINEAR LINEAR LINEAR LINEAR LINEAR LINEAR LINEAR LINEAR LINEAR LINEAR
LINEAR LINEAR LINEAR LINEAR LINEAR LINEAR LINEAR LINEAR LINEAR LINEAR LINEAR LINEAR
LINEAR LINEAR LINEAR LINEAR LINEAR LINEAR LINEAR LINEAR LINEAR LINEAR LINEAR LINEAR
LINEAR LINEAR</Name_array><technique_common><accessor source="#mixamorig_Neck-Interpolations-array" count="37"><param type="name"/></accessor></technique_common></source><sampler id="mixamorig_Neck-Matrix-animation-transform"><input semantic="INPUT" source="#mixamorig_Neck-Matrix-animation-input"/><input semantic="OUTPUT" source="#mixamorig_Neck-Matrix-animation-output-transform"/><input semantic="INTERPOLATION" source="#mixamorig_Neck-Interpolations"/></sampler><channel source="#mixamorig_Neck-Matrix-animation-transform" target="mixamorig_Neck/matrix"/></animation>
    <animation id="mixamorig_Head-anim" name="mixamorig_Head"><source id="mixamorig_Head-Matrix-animation-input"><float_array id="mixamorig_Head-Matrix-animation-input-array" count="37">

0.000000 0.033333 0.066667 0.100000 0.133333 0.166667 0.200000 0.233333 0.266667 0.300000 0.333333 0.366667 0.400000 0.433333 0.466667 0.500000
0.533333 0.566667 0.600000 0.633333 0.666667 0.700000 0.733333 0.766667 0.800000 0.833333 0.866667 0.900000 0.933333 0.966667 1.000000 1.033333
1.066667 1.100000 1.133333 1.166667 1.200000</float_array><technique_common><accessor source="#mixamorig_Head-Matrix-animation-input-array" count="37"><param name="TIME" type="float"/></accessor></technique_common></source><source id="mixamorig_Head-Matrix-animation-output-transform"><float_array id="mixamorig_Head-Matrix-animation-output-transform-array" count="592">

0.987428 0.013063 -0.157529 0.000000 0.024599 0.971738 0.234778 3.280200 0.156144 -0.235701 0.959200 0.313300 0.000000 0.000000 0.000000 1.000000
0.989621 0.017655 -0.142611 0.000000 0.014679 0.974814 0.222538 3.280200 0.142948 -0.222322 0.964437 0.313300 0.000000 0.000000 0.000000 1.000000
0.992210 0.020658 -0.122850 0.000000 0.006105 0.976906 0.213581 3.280200 0.124425 -0.212667 0.969170 0.313300 0.000000 0.000000 0.000000 1.000000
0.994986 0.019219 -0.098150 0.000000 0.001552 0.978279 0.207287 3.280200 0.100001 -0.206400 0.973344 0.313300 0.000000 0.000000 0.000000 1.000000
0.997603 0.015496 -0.067436 0.000000 -0.001608 0.979529 0.201295 3.280200 0.069175 -0.200704 0.977207 0.313300 0.000000 0.000000 0.000000 1.000000
0.999361 0.008765 -0.034660 0.000000 -0.001683 0.979939 0.199289 3.280200 0.035712 -0.199103 0.979328 0.313300 0.000000 0.000000 0.000000 1.000000
0.999927 -0.000365 -0.012088 0.000000 0.002906 0.977500 0.210915 3.280200 0.011739 -0.210934 0.977430 0.313300 0.000000 0.000000 0.000000 1.000000
