<?xml version="1.0" encoding="utf-8"?>
<COLLADA xmlns="http://www.collada.org/2005/11/COLLADASchema" version="1.4.1">
  <asset><contributor><author>Mixamo</author><authoring_tool>COLLADA Mixamo exporter</authoring_tool><comments></comments></contributor><created>2018-10-29T20:14:15Z</created><modified>2018-10-29T20:14:15Z</modified><revision></revision><title></title><unit meter="0.010000"/><up_axis>Y_UP</up_axis></asset>
  <library_animations>
    <animation id="mixamorig_Hips-anim" name="mixamorig_Hips"><source id="mixamorig_Hips-Matrix-animation-input"><float_array id="mixamorig_Hips-Matrix-animation-input-array" count="40">

0.000000 0.033333 0.066667 0.100000 0.133333 0.166667 0.200000 0.233333 0.266667 0.300000 0.333333 0.366667 0.400000 0.433333 0.466667 0.500000
0.533333 0.566667 0.600000 0.633333 0.666667 0.700000 0.733333 0.766667 0.800000 0.833333 0.866667 0.900000 0.933333 0.966667 1.000000 1.033333
1.066667 1.100000 1.133333 1.166667 1.200000 1.233333 1.266667 1.300000</float_array><technique_common><accessor source="#mixamorig_Hips-Matrix-animation-input-array" count="40"><param name="TIME" type="float"/></accessor></technique_common></source><source id="mixamorig_Hips-Matrix-animation-output-transform"><float_array id="mixamorig_Hips-Matrix-animation-output-transform-array" count="640">

0.467475 -0.084604 -0.879948 0.655237 0.031973 0.996377 -0.078812 95.067307 0.883428 0.008708 0.468487 -0.214873 0.000000 0.000000 0.000000 1.000000
0.473734 -0.023239 -0.880361 -0.610798 0.162896 0.984714 0.061663 94.509796 0.865471 -0.172620 0.470279 -0.137468 0.000000 0.000000 0.000000 1.000000
0.455703 0.025599 -0.889764 -1.313602 0.240420 0.958896 0.150721 93.790314 0.857049 -0.282601 0.430817 0.171313 0.000000 0.000000 0.000000 1.000000
0.411317 0.057123 -0.909701 -1.554870 0.275570 0.943537 0.183845 93.035538 0.868838 -0.326305 0.372351 0.483408 0.000000 0.000000 0.000000 1.000000
0.364053 0.070041 -0.928741 -1.606080 0.286950 0.940228 0.183387 92.428642 0.886073 -0.333265 0.322195 0.400311 0.000000 0.000000 0.000000 1.000000
0.331554 0.070716 -0.940782 -1.821825 0.284145 0.943400 0.171052 91.910675 0.899630 -0.324031 0.292695 0.171554 0.000000 0.000000 0.000000 1.000000
0.316738 0.063141 -0.946409 -2.035263 0.271234 0.950088 0.154161 91.511177 0.908905 -0.305527 0.283803 -0.349939 0.000000 0.000000 0.000000 1.000000
0.319574 0.049089 -0.946289 -2.168850 0.250719 0.958684 0.134403 91.245781 0.913790 -0.280205 0.294063 -1.139567 0.000000 0.000000 0.000000 1.000000
0.336502 0.030876 -0.941176 -2.196643 0.225599 0.967714 0.112406 91.135986 0.914260 -0.250153 0.318672 -2.117732 0.000000 0.000000 0.000000 1.000000
0.359940 0.012192 -0.932896 -2.137686 0.199108 0.975875 0.089576 91.146400 0.911482 -0.217989 0.348829 -3.168075 0.000000 0.000000 0.000000 1.000000
0.383817 -0.004186 -0.923400 -2.057477 0.173860 0.982433 0.067813 91.185463 0.906894 -0.186569 0.377802 -4.137977 0.000000 0.000000 0.000000 1.000000
0.406835 -0.018001 -0.913324 -1.922683 0.150534 0.987459 0.047593 91.240990 0.901013 -0.156849 0.404442 -4.956394 0.000000 0.000000 0.000000 1.000000
0.428537 -0.029410 -0.903046 -1.681511 0.129451 0.991157 0.029150 91.308464 0.894203 -0.129392 0.428555 -5.566161 0.000000 0.000000 0.000000 1.000000
0.448237 -0.038221 -0.893097 -1.289292 0.111035 0.993729 0.013200 91.396896 0.886992 -0.105082 0.449670 -5.915512 0.000000 0.000000 0.000000 1.000000
0.465914 -0.044631 -0.883704 -0.813890 0.094768 0.995499 -0.000313 91.511597 0.879740 -0.083601 0.468047 -6.090133 0.000000 0.000000 0.000000 1.000000
0.482396 -0.049447 -0.874556 -0.352393 0.079242 0.996775 -0.012648 91.656815 0.872362 -0.063201 0.484759 -6.215671 0.000000 0.000000 0.000000 1.000000
0.497577 -0.052997 -0.865800 0.089830 0.064518 0.997628 -0.023988 91.826637 0.865017 -0.043924 0.499816 -6.289100 0.000000 0.000000 0.000000 1.000000
0.511226 -0.055387 -0.857660 0.504060 0.050499 0.998133 -0.034358 92.023384 0.857962 -0.025746 0.513068 -6.314528 0.000000 0.000000 0.000000 1.000000
0.523390 -0.056878 -0.850193 0.889418 0.037168 0.998344 -0.043909 92.241074 0.851282 -0.008618 0.524637 -6.289539 0.000000 0.000000 0.000000 1.000000
0.533769 -0.057431 -0.843678 1.233344 0.024311 0.998321 -0.052577 92.485344 0.845280 0.007553 0.534269 -6.217043 0.000000 0.000000 0.000000 1.000000
0.541658 -0.057117 -0.838656 1.517499 0.012305 0.998121 -0.060030 92.748291 0.840509 0.022196 0.541343 -6.085924 0.000000 0.000000 0.000000 1.000000
0.544963 -0.056025 -0.836586 1.676899 0.002459 0.997868 -0.065224 93.016693 0.838456 0.033488 0.543939 -5.855129 0.000000 0.000000 0.000000 1.000000
0.546066 -0.054797 -0.835948 1.777550 -0.005710 0.997592 -0.069123 93.277946 0.837723 0.042519 0.544438 -5.556466 0.000000 0.000000 0.000000 1.000000
0.546129 -0.053671 -0.835980 1.860816 -0.012662 0.997303 -0.072300 93.532211 0.837605 0.050070 0.543976 -5.221157 0.000000 0.000000 0.000000 1.000000
0.544539 -0.052906 -0.837065 1.915597 -0.017729 0.997060 -0.074552 93.769737 0.838548 0.055436 0.542000 -4.850818 0.000000 0.000000 0.000000 1.000000
0.539760 -0.053007 -0.840149 1.909544 -0.019335 0.996972 -0.075323 93.966362 0.841597 0.056901 0.537100 -4.435649 0.000000 0.000000 0.000000 1.000000
0.532616 -0.053859 -0.844641 1.867125 -0.018343 0.997004 -0.075141 94.132858 0.846158 0.055515 0.530033 -3.994536 0.000000 0.000000 0.000000 1.000000
0.524952 -0.055083 -0.849347 1.817685 -0.016389 0.997064 -0.074792 94.288124 0.850974 0.053182 0.522508 -3.549373 0.000000 0.000000 0.000000 1.000000
0.517127 -0.056952 -0.854012 1.755746 -0.013251 0.997131 -0.074520 94.421860 0.855806 0.049853 0.514889 -3.103307 0.000000 0.000000 0.000000 1.000000
0.509528 -0.059226 -0.858413 1.685987 -0.009321 0.997190 -0.074334 94.539383 0.860404 0.045876 0.507544 -2.664289 0.000000 0.000000 0.000000 1.000000
0.502858 -0.061840 -0.862154 1.609714 -0.004566 0.997234 -0.074192 94.636269 0.864357 0.041245 0.501184 -2.235906 0.000000 0.000000 0.000000 1.000000
0.497132 -0.064691 -0.865260 1.527976 0.000785 0.997250 -0.074108 94.715118 0.867674 0.036162 0.495816 -1.826134 0.000000 0.000000 0.000000 1.000000
0.491850 -0.067497 -0.868060 1.443428 0.006114 0.997234 -0.074077 94.788239 0.870658 0.031127 0.490902 -1.448235 0.000000 0.000000 0.000000 1.000000
0.487369 -0.070099 -0.870378 1.351318 0.011368 0.997197 -0.073948 94.854797 0.873122 0.026146 0.486800 -1.111253 0.000000 0.000000 0.000000 1.000000
0.483786 -0.072498 -0.872179 1.246488 0.016476 0.997141 -0.073746 94.914375 0.875031 0.021307 0.483597 -0.824169 0.000000 0.000000 0.000000 1.000000
0.480384 -0.074872 -0.873857 1.133145 0.021080 0.997047 -0.073839 94.971230 0.876805 0.017050 0.480544 -0.592727 0.000000 0.000000 0.000000 1.000000
0.477120 -0.077256 -0.875436 1.011901 0.025074 0.996920 -0.074311 95.019638 0.878480 0.013504 0.477588 -0.418840 0.000000 0.000000 0.000000 1.000000
0.473935 -0.079662 -0.876949 0.889297 0.028321 0.996763 -0.075240 95.052048 0.880104 0.010823 0.474657 -0.300684 0.000000 0.000000 0.000000 1.000000
0.470755 -0.082104 -0.878435 0.769867 0.030674 0.996582 -0.076708 95.065659 0.881731 0.009166 0.471664 -0.235474 0.000000 0.000000 0.000000 1.000000
0.467475 -0.084604 -0.879948 0.655246 0.031973 0.996377 -0.078812 95.067307 0.883428 0.008708 0.468487 -0.214873 0.000000 0.000000 0.000000 1.000000</float_array><technique_common><accessor source="#mixamorig_Hips-Matrix-animation-output-transform-array" count="40" stride="16"><param type="float4x4"/></accessor></technique_common></source><source id="mixamorig_Hips-Interpolations"><Name_array id="mixamorig_Hips-Interpolations-array" count="40">
 LINEAR LINEAR LINEAR LINEAR LINEAR LINEAR LINEAR LINEAR LINEAR LINEAR LINEAR
LINEAR LINEAR LINEAR LINEAR LINEAR LINEAR LINEAR LINEAR LINEAR LINEAR LINEAR LINEAR
LINEAR LINEAR LINEAR LINEAR LINEAR LINEAR LINEAR LINEAR LINEAR LINEAR LINEAR LINEAR
LINEAR LINEAR LINEAR LINEAR LINEAR</Name_array><technique_common><accessor source="#mixamorig_Hips-Interpolations-array" count="40"><param type="name"/></accessor></technique_common></source><sampler id="mixamorig_Hips-Matrix-animation-transform"><input semantic="INPUT" source="#mixamorig_Hips-Matrix-animation-input"/><input semantic="OUTPUT" source="#mixamorig_Hips-Matrix-animation-output-transform"/><input semantic="INTERPOLATION" source="#mixamorig_Hips-Interpolations"/></sampler><channel source="#mixamorig_Hips-Matrix-animation-transform" target="mixamorig_Hips/matrix"/></animation>
    <animation id="mixamorig_Spine-anim" name="mixamorig_Spine"><source id="mixamorig_Spine-Matrix-animation-input"><float_array id="mixamorig_Spine-Matrix-animation-input-array" count="40">

0.000000 0.033333 0.066667 0.100000 0.133333 0.166667 0.200000 0.233333 0.266667 0.300000 0.333333 0.366667 0.400000 0.433333 0.466667 0.500000
0.533333 0.566667 0.600000 0.633333 0.666667 0.700000 0.733333 0.766667 0.800000 0.833333 0.866667 0.900000 0.933333 0.966667 1.000000 1.033333
1.066667 1.100000 1.133333 1.166667 1.200000 1.233333 1.266667 1.300000</float_array><technique_common><accessor source="#mixamorig_Spine-Matrix-animation-input-array" count="40"><param name="TIME" type="float"/></accessor></technique_common></source><source id="mixamorig_Spine-Matrix-animation-output-transform"><float_array id="mixamorig_Spine-Matrix-animation-output-transform-array" count="640">

0.997043 0.076624 -0.005838 -0.038100 -0.075505 0.962680 -0.259898 9.490500 -0.014295 0.259570 0.965618 -1.392100 0.000000 0.000000 0.000000 1.000000
0.997198 0.074400 -0.007831 -0.038100 -0.073898 0.963315 -0.257998 9.490500 -0.011651 0.257854 0.966114 -1.392100 0.000000 0.000000 0.000000 1.000000
0.998253 0.059066 -0.001679 -0.038100 -0.057617 0.966673 -0.249446 9.490500 -0.013111 0.249107 0.968387 -1.392100 0.000000 0.000000 0.000000 1.000000
0.999189 0.038791 0.010837 -0.038100 -0.035086 0.970442 -0.238770 9.490500 -0.019779 0.238196 0.971016 -1.392100 0.000000 0.000000 0.000000 1.000000
0.999497 0.023731 0.021047 -0.038100 -0.018178 0.972299 -0.233034 9.490500 -0.025994 0.232534 0.972241 -1.392100 0.000000 0.000000 0.000000 1.000000
0.999579 0.012053 0.026383 -0.038100 -0.005600 0.972654 -0.232190 9.490500 -0.028460 0.231945 0.972313 -1.392100 0.000000 0.000000 0.000000 1.000000
0.999623 0.003117 0.027264 -0.038100 0.003372 0.972050 -0.234751 9.490500 -0.027234 0.234755 0.971673 -1.392100 0.000000 0.000000 0.000000 1.000000
0.999684 -0.003262 0.024934 -0.038100 0.009138 0.970893 -0.239339 9.490500 -0.023428 0.239492 0.970616 -1.392100 0.000000 0.000000 0.000000 1.000000
0.999736 -0.007087 0.021838 -0.038100 0.012202 0.969722 -0.243908 9.490500 -0.019448 0.244111 0.969552 -1.392100 0.000000 0.000000 0.000000 1.000000
0.999770 -0.008614 0.019631 -0.038100 0.013209 0.968764 -0.247631 9.490500 -0.016885 0.247833 0.968656 -1.392100 0.000000 0.000000 0.000000 1.000000
0.999797 -0.008731 0.018142 -0.038100 0.013006 0.967915 -0.250941 9.490500 -0.015369 0.251126 0.967832 -1.392100 0.000000 0.000000 0.000000 1.000000
0.999825 -0.007764 0.017045 -0.038100 0.011842 0.967096 -0.254138 9.490500 -0.014511 0.254295 0.967018 -1.392100 0.000000 0.000000 0.000000 1.000000
0.999853 -0.005810 0.016120 -0.038100 0.009764 0.966250 -0.257420 9.490500 -0.014080 0.257540 0.966165 -1.392100 0.000000 0.000000 0.000000 1.000000
0.999880 -0.002685 0.015268 -0.038100 0.006577 0.965341 -0.260909 9.490500 -0.014038 0.260978 0.965243 -1.392100 0.000000 0.000000 0.000000 1.000000
0.999895 0.001760 0.014407 -0.038100 0.002114 0.964369 -0.264554 9.490500 -0.014359 0.264556 0.964263 -1.392100 0.000000 0.000000 0.000000 1.000000
0.999883 0.007231 0.013456 -0.038100 -0.003357 0.963358 -0.268198 9.490500 -0.014902 0.268121 0.963270 -1.392100 0.000000 0.000000 0.000000 1.000000
0.999833 0.013406 0.012419 -0.038100 -0.009527 0.962319 -0.271758 9.490500 -0.015594 0.271594 0.962286 -1.392100 0.000000 0.000000 0.000000 1.000000
0.999733 0.020177 0.011273 -0.038100 -0.016298 0.961262 -0.275154 9.490500 -0.016388 0.274897 0.961334 -1.392100 0.000000 0.000000 0.000000 1.000000
0.999579 0.027241 0.010020 -0.038100 -0.023377 0.960201 -0.278328 9.490500 -0.017204 0.277977 0.960434 -1.392100 0.000000 0.000000 0.000000 1.000000
0.999369 0.034453 0.008644 -0.038100 -0.030636 0.959172 -0.281159 9.490500 -0.017978 0.280717 0.959622 -1.392100 0.000000 0.000000 0.000000 1.000000
0.999122 0.041272 0.007168 -0.038100 -0.037551 0.958271 -0.283383 9.490500 -0.018565 0.282865 0.958980 -1.392100 0.000000 0.000000 0.000000 1.000000
0.998908 0.046381 0.005693 -0.038100 -0.042850 0.957767 -0.284336 9.490500 -0.018640 0.283782 0.958708 -1.392100 0.000000 0.000000 0.000000 1.000000
0.998713 0.050542 0.004272 -0.038100 -0.047236 0.957452 -0.284700 9.490500 -0.018479 0.284132 0.958607 -1.392100 0.000000 0.000000 0.000000 1.000000
0.998515 0.054408 0.002909 -0.038100 -0.051327 0.957197 -0.284849 9.490500 -0.018282 0.284276 0.958568 -1.392100 0.000000 0.000000 0.000000 1.000000
0.998314 0.058015 0.001671 -0.038100 -0.055139 0.957028 -0.284705 9.490500 -0.018116 0.284133 0.958614 -1.392100 0.000000 0.000000 0.000000 1.000000
0.998123 0.061243 0.000679 -0.038100 -0.058529 0.957036 -0.284001 9.490500 -0.018043 0.283428 0.958824 -1.392100 0.000000 0.000000 0.000000 1.000000
0.997932 0.064272 -0.000185 -0.038100 -0.061699 0.957175 -0.282858 9.490500 -0.018002 0.282284 0.959162 -1.392100 0.000000 0.000000 0.000000 1.000000
0.997734 0.067269 -0.001021 -0.038100 -0.064835 0.957365 -0.281513 9.490500 -0.017960 0.280941 0.959557 -1.392100 0.000000 0.000000 0.000000 1.000000
0.997533 0.070172 -0.001845 -0.038100 -0.067883 0.957636 -0.279865 9.490500 -0.017872 0.279300 0.960038 -1.392100 0.000000 0.000000 0.000000 1.000000
0.997335 0.072903 -0.002672 -0.038100 -0.070770 0.957963 -0.278026 9.490500 -0.017709 0.277474 0.960570 -1.392100 0.000000 0.000000 0.000000 1.000000
0.997160 0.075233 -0.003545 -0.038100 -0.073285 0.958336 -0.276082 9.490500 -0.017373 0.275558 0.961128 -1.392100 0.000000 0.000000 0.000000 1.000000
0.997011 0.077133 -0.004486 -0.038100 -0.075406 0.958745 -0.274085 9.490500 -0.016840 0.273604 0.961695 -1.392100 0.000000 0.000000 0.000000 1.000000
0.996881 0.078726 -0.005459 -0.038100 -0.077237 0.959154 -0.272136 9.490500 -0.016188 0.271709 0.962243 -1.392100 0.000000 0.000000 0.000000 1.000000
0.996800 0.079684 -0.006278 -0.038100 -0.078410 0.959556 -0.270376 9.490500 -0.015520 0.270003 0.962734 -1.392100 0.000000 0.000000 0.000000 1.000000
0.996783 0.079861 -0.006804 -0.038100 -0.078746 0.959965 -0.268824 9.490500 -0.014937 0.268495 0.963165 -1.392100 0.000000 0.000000 0.000000 1.000000
0.996788 0.079771 -0.007135 -0.038100 -0.078772 0.960405 -0.267241 9.490500 -0.014465 0.266945 0.963603 -1.392100 0.000000 0.000000 0.000000 1.000000
0.996815 0.079418 -0.007196 -0.038100 -0.078474 0.960914 -0.265493 9.490500 -0.014170 0.265212 0.964086 -1.392100 0.000000 0.000000 0.000000 1.000000
0.996864 0.078826 -0.006978 -0.038100 -0.077874 0.961503 -0.263530 9.490500 -0.014063 0.263247 0.964626 -1.392100 0.000000 0.000000 0.000000 1.000000
0.996936 0.077952 -0.006506 -0.038100 -0.076937 0.962131 -0.261505 9.490500 -0.014125 0.261204 0.965180 -1.392100 0.000000 0.000000 0.000000 1.000000
0.997043 0.076624 -0.005836 -0.038100 -0.075505 0.962680 -0.259898 9.490500 -0.014296 0.259570 0.965618 -1.392100 0.000000 0.000000 0.000000 1.000000</float_array><technique_common><accessor source="#mixamorig_Spine-Matrix-animation-output-transform-array" count="40" stride="16"><param type="float4x4"/></accessor></technique_common></source><source id="mixamorig_Spine-Interpolations"><Name_array id="mixamorig_Spine-Interpolations-array" count="40">
 LINEAR LINEAR LINEAR LINEAR LINEAR LINEAR LINEAR LINEAR LINEAR LINEAR LINEAR
LINEAR LINEAR LINEAR LINEAR LINEAR LINEAR LINEAR LINEAR LINEAR LINEAR LINEAR LINEAR
LINEAR LINEAR LINEAR LINEAR LINEAR LINEAR LINEAR LINEAR LINEAR LINEAR LINEAR LINEAR
LINEAR LINEAR LINEAR LINEAR LINEAR</Name_array><technique_common><accessor source="#mixamorig_Spine-Interpolations-array" count="40"><param type="name"/></accessor></technique_common></source><sampler id="mixamorig_Spine-Matrix-animation-transform"><input semantic="INPUT" source="#mixamorig_Spine-Matrix-animation-input"/><input semantic="OUTPUT" source="#mixamorig_Spine-Matrix-animation-output-transform"/><input semantic="INTERPOLATION" source="#mixamorig_Spine-Interpolations"/></sampler><channel source="#mixamorig_Spine-Matrix-animation-transform" target="mixamorig_Spine/matrix"/></animation>
    <animation id="mixamorig_Spine1-anim" name="mixamorig_Spine1"><source id="mixamorig_Spine1-Matrix-animation-input"><float_array id="mixamorig_Spine1-Matrix-animation-input-array" count="40">

0.000000 0.033333 0.066667 0.100000 0.133333 0.166667 0.200000 0.233333 0.266667 0.300000 0.333333 0.366667 0.400000 0.433333 0.466667 0.500000
0.533333 0.566667 0.600000 0.633333 0.666667 0.700000 0.733333 0.766667 0.800000 0.833333 0.866667 0.900000 0.933333 0.966667 1.000000 1.033333
1.066667 1.100000 1.133333 1.166667 1.200000 1.233333 1.266667 1.300000</float_array><technique_common><accessor source="#mixamorig_Spine1-Matrix-animation-input-array" count="40"><param name="TIME" type="float"/></accessor></technique_common></source><source id="mixamorig_Spine1-Matrix-animation-output-transform"><float_array id="mixamorig_Spine1-Matrix-animation-output-transform-array" count="640">

0.998759 0.048816 0.009842 -0.044200 -0.047557 0.993615 -0.102308 11.072300 -0.014774 0.101713 0.994704 -1.624100 0.000000 0.000000 0.000000 1.000000
0.998689 0.050898 0.005426 -0.044200 -0.049980 0.992542 -0.111189 11.072300 -0.011045 0.110772 0.993784 -1.624100 0.000000 0.000000 0.000000 1.000000
0.999365 0.034035 0.010523 -0.044200 -0.032728 0.993811 -0.106150 11.072300 -0.014071 0.105738 0.994294 -1.624100 0.000000 0.000000 0.000000 1.000000
0.999695 0.008555 0.023163 -0.044200 -0.006386 0.995726 -0.092131 11.072300 -0.023853 0.091955 0.995477 -1.624100 0.000000 0.000000 0.000000 1.000000
0.999362 -0.012878 0.033314 -0.044200 0.015528 0.996629 -0.080561 11.072300 -0.032164 0.081027 0.996193 -1.624100 0.000000 0.000000 0.000000 1.000000
0.998792 -0.033041 0.036380 -0.044200 0.035665 0.996619 -0.074016 11.072300 -0.033811 0.075224 0.996593 -1.624100 0.000000 0.000000 0.000000 1.000000
0.998114 -0.051760 0.032998 -0.044200 0.054027 0.995942 -0.071981 11.072300 -0.029138 0.073628 0.996860 -1.624100 0.000000 0.000000 0.000000 1.000000
0.997348 -0.068287 0.025157 -0.044200 0.069959 0.994877 -0.072983 11.072300 -0.020044 0.074549 0.997016 -1.624100 0.000000 0.000000 0.000000 1.000000
0.996596 -0.080650 0.017077 -0.044200 0.081702 0.993892 -0.074180 11.072300 -0.010990 0.075323 0.997099 -1.624100 0.000000 0.000000 0.000000 1.000000
0.996058 -0.087942 0.011571 -0.044200 0.088562 0.993284 -0.074456 11.072300 -0.004945 0.075187 0.997157 -1.624100 0.000000 0.000000 0.000000 1.000000
0.995733 -0.091929 0.008087 -0.044200 0.092277 0.992931 -0.074650 11.072300 -0.001168 0.075078 0.997177 -1.624100 0.000000 0.000000 0.000000 1.000000
0.995581 -0.093717 0.005909 -0.044200 0.093895 0.992740 -0.075174 11.072300 0.001179 0.075397 0.997153 -1.624100 0.000000 0.000000 0.000000 1.000000
0.995573 -0.093882 0.004606 -0.044200 0.093960 0.992654 -0.076215 11.072300 0.002583 0.076310 0.997081 -1.624100 0.000000 0.000000 0.000000 1.000000
0.995713 -0.092408 0.004119 -0.044200 0.092447 0.992655 -0.078036 11.072300 0.003122 0.078082 0.996942 -1.624100 0.000000 0.000000 0.000000 1.000000
0.996003 -0.089213 0.004414 -0.044200 0.089277 0.992718 -0.080873 11.072300 0.002833 0.080943 0.996715 -1.624100 0.000000 0.000000 0.000000 1.000000
0.996393 -0.084697 0.005223 -0.044200 0.084835 0.992794 -0.084636 11.072300 0.001983 0.084774 0.996398 -1.624100 0.000000 0.000000 0.000000 1.000000
0.996835 -0.079239 0.006349 -0.044200 0.079489 0.992845 -0.089112 11.072300 0.000758 0.089335 0.996001 -1.624100 0.000000 0.000000 0.000000 1.000000
0.997308 -0.072923 0.007706 -0.044200 0.073325 0.992843 -0.094262 11.072300 -0.000777 0.094573 0.995518 -1.624100 0.000000 0.000000 0.000000 1.000000
0.997775 -0.066049 0.009144 -0.044200 0.066632 0.992768 -0.099864 11.072300 -0.002482 0.100251 0.994959 -1.624100 0.000000 0.000000 0.000000 1.000000
0.998224 -0.058623 0.010567 -0.044200 0.059414 0.992603 -0.105872 11.072300 -0.004283 0.106312 0.994324 -1.624100 0.000000 0.000000 0.000000 1.000000
0.998640 -0.050797 0.011724 -0.044200 0.051791 0.992386 -0.111748 11.072300 -0.005959 0.112204 0.993667 -1.624100 0.000000 0.000000 0.000000 1.000000
0.999012 -0.042782 0.012056 -0.044200 0.043894 0.992269 -0.116080 11.072300 -0.006997 0.116495 0.993167 -1.624100 0.000000 0.000000 0.000000 1.000000
0.999322 -0.034811 0.011977 -0.044200 0.035994 0.992191 -0.119420 11.072300 -0.007727 0.119770 0.992772 -1.624100 0.000000 0.000000 0.000000 1.000000
0.999569 -0.026857 0.011818 -0.044200 0.028103 0.992094 -0.122310 11.072300 -0.008439 0.122590 0.992422 -1.624100 0.000000 0.000000 0.000000 1.000000
0.999754 -0.018856 0.011670 -0.044200 0.020163 0.992015 -0.124494 11.072300 -0.009230 0.124699 0.992152 -1.624100 0.000000 0.000000 0.000000 1.000000
0.999875 -0.010727 0.011642 -0.044200 0.012102 0.992048 -0.125281 11.072300 -0.010206 0.125406 0.992053 -1.624100 0.000000 0.000000 0.000000 1.000000
0.999927 -0.002564 0.011799 -0.044200 0.004020 0.992140 -0.125069 11.072300 -0.011386 0.125107 0.992078 -1.624100 0.000000 0.000000 0.000000 1.000000
0.999913 0.005408 0.012010 -0.044200 -0.003871 0.992210 -0.124515 11.072300 -0.012590 0.124457 0.992145 -1.624100 0.000000 0.000000 0.000000 1.000000
0.999842 0.012926 0.012204 -0.044200 -0.011322 0.992284 -0.123467 11.072300 -0.013706 0.123309 0.992274 -1.624100 0.000000 0.000000 0.000000 1.000000
0.999725 0.019970 0.012282 -0.044200 -0.018323 0.992354 -0.122056 11.072300 -0.014625 0.121797 0.992447 -1.624100 0.000000 0.000000 0.000000 1.000000
0.999583 0.026266 0.012035 -0.044200 -0.024630 0.992433 -0.120295 11.072300 -0.015104 0.119949 0.992665 -1.624100 0.000000 0.000000 0.000000 1.000000
0.999427 0.031837 0.011484 -0.044200 -0.030258 0.992521 -0.118264 11.072300 -0.015163 0.117848 0.992916 -1.624100 0.000000 0.000000 0.000000 1.000000
0.999259 0.036935 0.010828 -0.044200 -0.035429 0.992595 -0.116190 11.072300 -0.015040 0.115720 0.993168 -1.624100 0.000000 0.000000 0.000000 1.000000
0.999108 0.040991 0.010109 -0.044200 -0.039571 0.992669 -0.114202 11.072300 -0.014716 0.113700 0.993406 -1.624100 0.000000 0.000000 0.000000 1.000000
0.999003 0.043625 0.009431 -0.044200 -0.042293 0.992772 -0.112321 11.072300 -0.014263 0.111810 0.993627 -1.624100 0.000000 0.000000 0.000000 1.000000
0.998921 0.045584 0.008936 -0.044200 -0.044322 0.992898 -0.110407 11.072300 -0.013906 0.109892 0.993846 -1.624100 0.000000 0.000000 0.000000 1.000000
0.998865 0.046821 0.008711 -0.044200 -0.045604 0.993065 -0.108365 11.072300 -0.013724 0.107845 0.994073 -1.624100 0.000000 0.000000 0.000000 1.000000
0.998831 0.047542 0.008751 -0.044200 -0.046347 0.993268 -0.106167 11.072300 -0.013740 0.105638 0.994310 -1.624100 0.000000 0.000000 0.000000 1.000000
0.998805 0.048036 0.009057 -0.044200 -0.046837 0.993477 -0.103974 11.072300 -0.013992 0.103426 0.994539 -1.624100 0.000000 0.000000 0.000000 1.000000
0.998759 0.048816 0.009842 -0.044200 -0.047557 0.993615 -0.102308 11.072300 -0.014773 0.101713 0.994704 -1.624100 0.000000 0.000000 0.000000 1.000000</float_array><technique_common><accessor source="#mixamorig_Spine1-Matrix-animation-output-transform-array" count="40" stride="16"><param type="float4x4"/></accessor></technique_common></source><source id="mixamorig_Spine1-Interpolations"><Name_array id="mixamorig_Spine1-Interpolations-array" count="40">
 LINEAR LINEAR LINEAR LINEAR LINEAR LINEAR LINEAR LINEAR LINEAR LINEAR LINEAR
LINEAR LINEAR LINEAR LINEAR LINEAR LINEAR LINEAR LINEAR LINEAR LINEAR LINEAR LINEAR
LINEAR LINEAR LINEAR LINEAR LINEAR LINEAR LINEAR LINEAR LINEAR LINEAR LINEAR LINEAR
LINEAR LINEAR LINEAR LINEAR LINEAR</Name_array><technique_common><accessor source="#mixamorig_Spine1-Interpolations-array" count="40"><param type="name"/></accessor></technique_common></source><sampler id="mixamorig_Spine1-Matrix-animation-transform"><input semantic="INPUT" source="#mixamorig_Spine1-Matrix-animation-input"/><input semantic="OUTPUT" source="#mixamorig_Spine1-Matrix-animation-output-transform"/><input semantic="INTERPOLATION" source="#mixamorig_Spine1-Interpolations"/></sampler><channel source="#mixamorig_Spine1-Matrix-animation-transform" target="mixamorig_Spine1/matrix"/></animation>
    <animation id="mixamorig_Spine2-anim" name="mixamorig_Spine2"><source id="mixamorig_Spine2-Matrix-animation-input"><float_array id="mixamorig_Spine2-Matrix-animation-input-array" count="40">

0.000000 0.033333 0.066667 0.100000 0.133333 0.166667 0.200000 0.233333 0.266667 0.300000 0.333333 0.366667 0.400000 0.433333 0.466667 0.500000
0.533333 0.566667 0.600000 0.633333 0.666667 0.700000 0.733333 0.766667 0.800000 0.833333 0.866667 0.900000 0.933333 0.966667 1.000000 1.033333
1.066667 1.100000 1.133333 1.166667 1.200000 1.233333 1.266667 1.300000</float_array><technique_common><accessor source="#mixamorig_Spine2-Matrix-animation-input-array" count="40"><param name="TIME" type="float"/></accessor></technique_common></source><source id="mixamorig_Spine2-Matrix-animation-output-transform"><float_array id="mixamorig_Spine2-Matrix-animation-output-transform-array" count="640">

0.998690 0.049895 0.011313 -0.050500 -0.048482 0.993577 -0.102243 12.654000 -0.016341 0.101561 0.994695 -1.856100 0.000000 0.000000 0.000000 1.000000
0.998621 0.051907 0.007919 -0.050500 -0.050708 0.992510 -0.111141 12.654000 -0.013629 0.110586 0.993773 -1.856100 0.000000 0.000000 0.000000 1.000000
0.999308 0.034998 0.012612 -0.050500 -0.033466 0.993792 -0.106103 12.654000 -0.016247 0.105608 0.994275 -1.856100 0.000000 0.000000 0.000000 1.000000
0.999635 0.009653 0.025245 -0.050500 -0.007285 0.995707 -0.092276 12.654000 -0.026027 0.092058 0.995413 -1.856100 0.000000 0.000000 0.000000 1.000000
0.999293 -0.011600 0.035767 -0.050500 0.014464 0.996620 -0.080863 12.654000 -0.034709 0.081324 0.996083 -1.856100 0.000000 0.000000 0.000000 1.000000
0.998728 -0.031658 0.039257 -0.050500 0.034511 0.996641 -0.074271 12.654000 -0.036774 0.075531 0.996465 -1.856100 0.000000 0.000000 0.000000 1.000000
0.998072 -0.050364 0.036281 -0.050500 0.052877 0.996002 -0.072002 12.654000 -0.032509 0.073781 0.996744 -1.856100 0.000000 0.000000 0.000000 1.000000
0.997340 -0.066949 0.028829 -0.050500 0.068891 0.994975 -0.072661 12.654000 -0.023820 0.074454 0.996940 -1.856100 0.000000 0.000000 0.000000 1.000000
0.996620 -0.079391 0.021102 -0.050500 0.080741 0.994017 -0.073558 12.654000 -0.015136 0.075013 0.997068 -1.856100 0.000000 0.000000 0.000000 1.000000
0.996104 -0.086742 0.015875 -0.050500 0.087683 0.993421 -0.073665 12.654000 -0.009381 0.074770 0.997157 -1.856100 0.000000 0.000000 0.000000 1.000000
0.995792 -0.090773 0.012599 -0.050500 0.091459 0.993073 -0.073771 12.654000 -0.005815 0.074613 0.997196 -1.856100 0.000000 0.000000 0.000000 1.000000
0.995648 -0.092592 0.010570 -0.050500 0.093123 0.992883 -0.074238 12.654000 -0.003621 0.074900 0.997185 -1.856100 0.000000 0.000000 0.000000 1.000000
0.995643 -0.092775 0.009376 -0.050500 0.093219 0.992798 -0.075254 12.654000 -0.002327 0.075800 0.997120 -1.856100 0.000000 0.000000 0.000000 1.000000
0.995783 -0.091303 0.008950 -0.050500 0.091722 0.992798 -0.077073 12.654000 -0.001849 0.077569 0.996985 -1.856100 0.000000 0.000000 0.000000 1.000000
0.996069 -0.088093 0.009255 -0.050500 0.088552 0.992859 -0.079931 12.654000 -0.002148 0.080437 0.996757 -1.856100 0.000000 0.000000 0.000000 1.000000
0.996453 -0.083552 0.010030 -0.050500 0.084100 0.992933 -0.083731 12.654000 -0.002963 0.084278 0.996438 -1.856100 0.000000 0.000000 0.000000 1.000000
0.996887 -0.078062 0.011088 -0.050500 0.078738 0.992981 -0.088252 12.654000 -0.004121 0.088850 0.996036 -1.856100 0.000000 0.000000 0.000000 1.000000
0.997349 -0.071711 0.012346 -0.050500 0.072554 0.992977 -0.093451 12.654000 -0.005558 0.094099 0.995547 -1.856100 0.000000 0.000000 0.000000 1.000000
0.997805 -0.064801 0.013659 -0.050500 0.065839 0.992897 -0.099104 12.654000 -0.007140 0.099786 0.994983 -1.856100 0.000000 0.000000 0.000000 1.000000
0.998243 -0.057343 0.014931 -0.050500 0.058599 0.992727 -0.105165 12.654000 -0.008792 0.105855 0.994343 -1.856100 0.000000 0.000000 0.000000 1.000000
0.998648 -0.049492 0.015911 -0.050500 0.050957 0.992503 -0.111093 12.654000 -0.010293 0.111753 0.993683 -1.856100 0.000000 0.000000 0.000000 1.000000
0.999011 -0.041477 0.016033 -0.050500 0.043054 0.992376 -0.115478 12.654000 -0.011121 0.116054 0.993181 -1.856100 0.000000 0.000000 0.000000 1.000000
0.999314 -0.033517 0.015737 -0.050500 0.035154 0.992287 -0.118869 12.654000 -0.011632 0.119341 0.992785 -1.856100 0.000000 0.000000 0.000000 1.000000
0.999555 -0.025578 0.015359 -0.050500 0.027261 0.992179 -0.121808 12.654000 -0.012123 0.122172 0.992435 -1.856100 0.000000 0.000000 0.000000 1.000000
0.999733 -0.017592 0.014989 -0.050500 0.019317 0.992089 -0.124037 12.654000 -0.012689 0.124294 0.992164 -1.856100 0.000000 0.000000 0.000000 1.000000
0.999846 -0.009476 0.014739 -0.050500 0.011243 0.992110 -0.124868 12.654000 -0.013439 0.125015 0.992064 -1.856100 0.000000 0.000000 0.000000 1.000000
0.999891 -0.001323 0.014676 -0.050500 0.003143 0.992190 -0.124698 12.654000 -0.014396 0.124730 0.992086 -1.856100 0.000000 0.000000 0.000000 1.000000
0.999870 0.006640 0.014675 -0.050500 -0.004766 0.992248 -0.124182 12.654000 -0.015386 0.124096 0.992151 -1.856100 0.000000 0.000000 0.000000 1.000000
0.999792 0.014150 0.014675 -0.050500 -0.012236 0.992311 -0.123166 12.654000 -0.016305 0.122961 0.992278 -1.856100 0.000000 0.000000 0.000000 1.000000
0.999669 0.021183 0.014572 -0.050500 -0.019253 0.992370 -0.121786 12.654000 -0.017040 0.121465 0.992449 -1.856100 0.000000 0.000000 0.000000 1.000000
0.999522 0.027464 0.014165 -0.050500 -0.025568 0.992438 -0.120053 12.654000 -0.017355 0.119634 0.992666 -1.856100 0.000000 0.000000 0.000000 1.000000
0.999364 0.033013 0.013471 -0.050500 -0.031196 0.992518 -0.118047 12.654000 -0.017267 0.117552 0.992917 -1.856100 0.000000 0.000000 0.000000 1.000000
0.999194 0.038088 0.012680 -0.050500 -0.036364 0.992584 -0.115996 12.654000 -0.017004 0.115442 0.993169 -1.856100 0.000000 0.000000 0.000000 1.000000
0.999043 0.042119 0.011833 -0.050500 -0.040499 0.992652 -0.114029 12.654000 -0.016549 0.113441 0.993407 -1.856100 0.000000 0.000000 0.000000 1.000000
0.998938 0.044730 0.011049 -0.050500 -0.043212 0.992750 -0.112166 12.654000 -0.015986 0.111569 0.993628 -1.856100 0.000000 0.000000 0.000000 1.000000
0.998854 0.046675 0.010571 -0.050500 -0.045228 0.992872 -0.110275 12.654000 -0.015643 0.109671 0.993845 -1.856100 0.000000 0.000000 0.000000 1.000000
0.998795 0.047917 0.010583 -0.050500 -0.046494 0.993034 -0.108267 12.654000 -0.015697 0.107645 0.994065 -1.856100 0.000000 0.000000 0.000000 1.000000
0.998757 0.048651 0.010870 -0.050500 -0.047227 0.993233 -0.106104 12.654000 -0.015959 0.105458 0.994296 -1.856100 0.000000 0.000000 0.000000 1.000000
0.998729 0.049146 0.011188 -0.050500 -0.047722 0.993439 -0.103930 12.654000 -0.016223 0.103264 0.994522 -1.856100 0.000000 0.000000 0.000000 1.000000
0.998690 0.049895 0.011312 -0.050500 -0.048482 0.993577 -0.102243 12.654000 -0.016341 0.101560 0.994695 -1.856100 0.000000 0.000000 0.000000 1.000000</float_array><technique_common><accessor source="#mixamorig_Spine2-Matrix-animation-output-transform-array" count="40" stride="16"><param type="float4x4"/></accessor></technique_common></source><source id="mixamorig_Spine2-Interpolations"><Name_array id="mixamorig_Spine2-Interpolations-array" count="40">
 LINEAR LINEAR LINEAR LINEAR LINEAR LINEAR LINEAR LINEAR LINEAR LINEAR LINEAR
LINEAR LINEAR LINEAR LINEAR LINEAR LINEAR LINEAR LINEAR LINEAR LINEAR LINEAR LINEAR
LINEAR LINEAR LINEAR LINEAR LINEAR LINEAR LINEAR LINEAR LINEAR LINEAR LINEAR LINEAR
LINEAR LINEAR LINEAR LINEAR LINEAR</Name_array><technique_common><accessor source="#mixamorig_Spine2-Interpolations-array" count="40"><param type="name"/></accessor></technique_common></source><sampler id="mixamorig_Spine2-Matrix-animation-transform"><input semantic="INPUT" source="#mixamorig_Spine2-Matrix-animation-input"/><input semantic="OUTPUT" source="#mixamorig_Spine2-Matrix-animation-output-transform"/><input semantic="INTERPOLATION" source="#mixamorig_Spine2-Interpolations"/></sampler><channel source="#mixamorig_Spine2-Matrix-animation-transform" target="mixamorig_Spine2/matrix"/></animation>
    <animation id="mixamorig_Neck-anim" name="mixamorig_Neck"><source id="mixamorig_Neck-Matrix-animation-input"><float_array id="mixamorig_Neck-Matrix-animation-input-array" count="40">

0.000000 0.033333 0.066667 0.100000 0.133333 0.166667 0.200000 0.233333 0.266667 0.300000 0.333333 0.366667 0.400000 0.433333 0.466667 0.500000
0.533333 0.566667 0.600000 0.633333 0.666667 0.700000 0.733333 0.766667 0.800000 0.833333 0.866667 0.900000 0.933333 0.966667 1.000000 1.033333
1.066667 1.100000 1.133333 1.166667 1.200000 1.233333 1.266667 1.300000</float_array><technique_common><accessor source="#mixamorig_Neck-Matrix-animation-input-array" count="40"><param name="TIME" type="float"/></accessor></technique_common></source><source id="mixamorig_Neck-Matrix-animation-output-transform"><float_array id="mixamorig_Neck-Matrix-animation-output-transform-array" count="640">

0.997548 -0.065339 0.025081 -0.056900 0.063642 0.995960 0.063344 14.235800 -0.029118 -0.061592 0.997677 -2.088100 0.000000 0.000000 0.000000 1.000000
0.992891 -0.054755 -0.105680 -0.056900 0.030782 0.975822 -0.216387 14.235800 0.114974 0.211596 0.970571 -2.088100 0.000000 0.000000 0.000000 1.000000
0.971357 -0.128978 -0.199577 -0.056900 0.050809 0.933186 -0.355784 14.235800 0.232131 0.335453 0.913010 -2.088100 0.000000 0.000000 0.000000 1.000000
0.934009 -0.259884 -0.245128 -0.056900 0.163148 0.920713 -0.354500 14.235800 0.317821 0.291114 0.902354 -2.088100 0.000000 0.000000 0.000000 1.000000
0.884283 -0.389055 -0.258224 -0.056900 0.317895 0.906644 -0.277378 14.235800 0.342033 0.163193 0.925409 -2.088100 0.000000 0.000000 0.000000 1.000000
0.813395 -0.517084 -0.266481 -0.056900 0.491607 0.855934 -0.160307 14.235800 0.310982 -0.000611 0.950415 -2.088100 0.000000 0.000000 0.000000 1.000000
0.728193 -0.626588 -0.277710 -0.056900 0.644696 0.763738 -0.032716 14.235800 0.232598 -0.155215 0.960108 -2.088100 0.000000 0.000000 0.000000 1.000000
0.644462 -0.705589 -0.294641 -0.056900 0.753008 0.652597 0.084235 14.235800 0.132846 -0.276153 0.951888 -2.088100 0.000000 0.000000 0.000000 1.000000
0.586115 -0.744724 -0.319149 -0.056900 0.808450 0.563626 0.169510 14.235800 0.053642 -0.357368 0.932422 -2.088100 0.000000 0.000000 0.000000 1.000000
0.559837 -0.753728 -0.344205 -0.056900 0.828557 0.513594 0.222967 14.235800 0.008725 -0.410019 0.912035 -2.088100 0.000000 0.000000 0.000000 1.000000
0.549775 -0.752059 -0.363532 -0.056900 0.835093 0.484852 0.259882 14.235800 -0.019187 -0.446459 0.894598 -2.088100 0.000000 0.000000 0.000000 1.000000
0.549114 -0.745526 -0.377711 -0.056900 0.834922 0.469272 0.287557 14.235800 -0.037132 -0.473261 0.880140 -2.088100 0.000000 0.000000 0.000000 1.000000
0.554712 -0.736269 -0.387561 -0.056900 0.830628 0.462873 0.309525 14.235800 -0.048502 -0.493616 0.868327 -2.088100 0.000000 0.000000 0.000000 1.000000
0.566160 -0.724992 -0.392238 -0.056900 0.822512 0.465589 0.326651 14.235800 -0.054198 -0.507557 0.859912 -2.088100 0.000000 0.000000 0.000000 1.000000
0.583821 -0.711444 -0.391154 -0.056900 0.810085 0.478426 0.338925 14.235800 -0.053988 -0.514739 0.855645 -2.088100 0.000000 0.000000 0.000000 1.000000
0.606321 -0.695600 -0.385376 -0.056900 0.793714 0.499551 0.347083 14.235800 -0.048916 -0.516322 0.854996 -2.088100 0.000000 0.000000 0.000000 1.000000
0.631925 -0.677949 -0.375573 -0.056900 0.773972 0.526714 0.351483 14.235800 -0.040468 -0.512794 0.857557 -2.088100 0.000000 0.000000 0.000000 1.000000
0.659986 -0.658467 -0.361717 -0.056900 0.750710 0.559301 0.351593 14.235800 -0.029204 -0.503590 0.863449 -2.088100 0.000000 0.000000 0.000000 1.000000
0.689261 -0.637431 -0.344385 -0.056900 0.724327 0.595482 0.347494 14.235800 -0.016428 -0.488962 0.872150 -2.088100 0.000000 0.000000 0.000000 1.000000
0.719743 -0.614398 -0.323241 -0.056900 0.694237 0.635455 0.337982 14.235800 -0.002250 -0.467666 0.883903 -2.088100 0.000000 0.000000 0.000000 1.000000
0.751429 -0.588418 -0.298526 -0.056900 0.659691 0.678714 0.322731 14.235800 0.012713 -0.439444 0.898180 -2.088100 0.000000 0.000000 0.000000 1.000000
0.785279 -0.556396 -0.271589 -0.056900 0.618485 0.725154 0.302702 14.235800 0.028522 -0.405679 0.913570 -2.088100 0.000000 0.000000 0.000000 1.000000
0.818103 -0.521206 -0.243005 -0.056900 0.573580 0.769963 0.279575 14.235800 0.041389 -0.368104 0.928863 -2.088100 0.000000 0.000000 0.000000 1.000000
0.848431 -0.484664 -0.212756 -0.056900 0.526964 0.811202 0.253496 14.235800 0.049727 -0.327188 0.943650 -2.088100 0.000000 0.000000 0.000000 1.000000
0.876023 -0.446625 -0.181963 -0.056900 0.479305 0.848059 0.225970 14.235800 0.053392 -0.285171 0.956989 -2.088100 0.000000 0.000000 0.000000 1.000000
0.900823 -0.406393 -0.152847 -0.056900 0.430950 0.879776 0.200688 14.235800 0.052913 -0.246654 0.967658 -2.088100 0.000000 0.000000 0.000000 1.000000
0.922501 -0.365112 -0.125240 -0.056900 0.382895 0.906620 0.177289 14.235800 0.048814 -0.211503 0.976158 -2.088100 0.000000 0.000000 0.000000 1.000000
0.940786 -0.324503 -0.098077 -0.056900 0.336465 0.929137 0.153285 14.235800 0.041386 -0.177208 0.983303 -2.088100 0.000000 0.000000 0.000000 1.000000
0.955484 -0.285785 -0.073323 -0.056900 0.293302 0.947000 0.131018 14.235800 0.031994 -0.146691 0.988665 -2.088100 0.000000 0.000000 0.000000 1.000000
0.967166 -0.248994 -0.050906 -0.056900 0.253236 0.961100 0.110269 14.235800 0.021470 -0.119539 0.992597 -2.088100 0.000000 0.000000 0.000000 1.000000
0.976024 -0.215271 -0.032188 -0.056900 0.217367 0.971699 0.092483 14.235800 0.011368 -0.097262 0.995194 -2.088100 0.000000 0.000000 0.000000 1.000000
0.982679 -0.184539 -0.016934 -0.056900 0.185301 0.979597 0.077805 14.235800 0.002231 -0.079595 0.996825 -2.088100 0.000000 0.000000 0.000000 1.000000
0.987824 -0.155540 -0.003374 -0.056900 0.155433 0.985741 0.064463 14.235800 -0.006701 -0.064202 0.997914 -2.088100 0.000000 0.000000 0.000000 1.000000
0.991433 -0.130426 0.007050 -0.056900 0.129853 0.990025 0.054662 14.235800 -0.014109 -0.053278 0.998480 -2.088100 0.000000 0.000000 0.000000 1.000000
0.993760 -0.110721 0.013477 -0.056900 0.109917 0.992668 0.050284 14.235800 -0.018946 -0.048489 0.998644 -2.088100 0.000000 0.000000 0.000000 1.000000
0.995439 -0.093614 0.018363 -0.056900 0.092629 0.994510 0.048685 14.235800 -0.022820 -0.046762 0.998645 -2.088100 0.000000 0.000000 0.000000 1.000000
0.996559 -0.079960 0.021833 -0.056900 0.078792 0.995639 0.049956 14.235800 -0.025732 -0.048063 0.998513 -2.088100 0.000000 0.000000 0.000000 1.000000
0.997234 -0.070289 0.024160 -0.056900 0.068940 0.996225 0.052746 14.235800 -0.027776 -0.050935 0.998316 -2.088100 0.000000 0.000000 0.000000 1.000000
0.997572 -0.064742 0.025667 -0.056900 0.063183 0.996344 0.057505 14.235800 -0.029296 -0.055744 0.998015 -2.088100 0.000000 0.000000 0.000000 1.000000
0.997548 -0.065343 0.025084 -0.056900 0.063647 0.995960 0.063342 14.235800 -0.029122 -0.061590 0.997677 -2.088100 0.000000 0.000000 0.000000 1.000000</float_array><technique_common><accessor source="#mixamorig_Neck-Matrix-animation-output-transform-array" count="40" stride="16"><param type="float4x4"/></accessor></technique_common></source><source id="mixamorig_Neck-Interpolations"><Name_array id="mixamorig_Neck-Interpolations-array" count="40">
 LINEAR LINEAR LINEAR LINEAR LINEAR LINEAR LINEAR LINEAR LINEAR LINEAR LINEAR
LINEAR LINEAR LINEAR LINEAR LINEAR LINEAR LINEAR LINEAR LINEAR LINEAR LINEAR LINEAR
LINEAR LINEAR LINEAR LINEAR LINEAR LINEAR LINEAR LINEAR LINEAR LINEAR LINEAR LINEAR
