<?xml version="1.0" encoding="utf-8"?>
<COLLADA xmlns="http://www.collada.org/2005/11/COLLADASchema" version="1.4.1">
  <asset><contributor><author>Mixamo</author><authoring_tool>COLLADA Mixamo exporter</authoring_tool><comments></comments></contributor><created>2018-10-29T13:50:41Z</created><modified>2018-10-29T13:50:41Z</modified><revision></revision><title></title><unit meter="0.010000"/><up_axis>Y_UP</up_axis></asset>
  <library_animations>
    <animation id="mixamorig_Hips-anim" name="mixamorig_Hips"><source id="mixamorig_Hips-Matrix-animation-input"><float_array id="mixamorig_Hips-Matrix-animation-input-array" count="27">

0.000000 0.033333 0.066667 0.100000 0.133333 0.166667 0.200000 0.233333 0.266667 0.300000 0.333333 0.366667 0.400000 0.433333 0.466667 0.500000
0.533333 0.566667 0.600000 0.633333 0.666667 0.700000 0.733333 0.766667 0.800000 0.833333 0.866667</float_array><technique_common><accessor source="#mixamorig_Hips-Matrix-animation-input-array" count="27"><param name="TIME" type="float"/></accessor></technique_common></source><source id="mixamorig_Hips-Matrix-animation-output-transform"><float_array id="mixamorig_Hips-Matrix-animation-output-transform-array" count="432">

0.994624 -0.065587 0.080136 0.666430 0.067013 0.997636 -0.015240 97.033966 -0.078947 0.020528 0.996667 0.135328 0.000000 0.000000 0.000000 1.000000
0.994990 -0.052096 0.085328 0.096911 0.053445 0.998478 -0.013601 96.274635 -0.084489 0.018094 0.996260 6.220579 0.000000 0.000000 0.000000 1.000000
0.996663 -0.031355 0.075360 -0.536946 0.032206 0.999430 -0.010097 95.710136 -0.075000 0.012490 0.997105 11.918524 0.000000 0.000000 0.000000 1.000000
0.998430 -0.003235 0.055924 -1.124799 0.003528 0.999981 -0.005150 95.543579 -0.055906 0.005339 0.998422 17.196152 0.000000 0.000000 0.000000 1.000000
0.999045 0.019880 0.038898 -1.659770 -0.019810 0.999801 -0.002173 95.876694 -0.038934 0.001401 0.999241 22.391790 0.000000 0.000000 0.000000 1.000000
0.998991 0.028874 0.034394 -2.110238 -0.028726 0.999576 -0.004787 96.752876 -0.034517 0.003794 0.999397 27.790272 0.000000 0.000000 0.000000 1.000000
0.998888 0.026831 0.038770 -2.397905 -0.026366 0.999575 -0.012443 97.926872 -0.039087 0.011407 0.999171 33.379719 0.000000 0.000000 0.000000 1.000000
0.999197 0.020126 0.034659 -2.466680 -0.019344 0.999554 -0.022755 98.989944 -0.035102 0.022066 0.999140 39.025932 0.000000 0.000000 0.000000 1.000000
0.999905 0.011862 0.006956 -2.344081 -0.011603 0.999282 -0.036058 99.745529 -0.007379 0.035974 0.999325 44.619301 0.000000 0.000000 0.000000 1.000000
0.999191 0.002194 -0.040156 -2.105297 -0.004307 0.998605 -0.052618 100.213776 0.039985 0.052749 0.997807 50.092281 0.000000 0.000000 0.000000 1.000000
0.996204 -0.004739 -0.086922 -1.797989 -0.001125 0.997732 -0.067296 100.225189 0.087044 0.067139 0.993940 55.444073 0.000000 0.000000 0.000000 1.000000
0.992879 -0.001423 -0.119117 -1.440420 -0.007338 0.997299 -0.073084 99.621613 0.118900 0.073438 0.990187 60.802036 0.000000 0.000000 0.000000 1.000000
0.990186 0.007277 -0.139565 -1.093076 -0.017253 0.997369 -0.070405 98.558052 0.138686 0.072122 0.987707 66.345741 0.000000 0.000000 0.000000 1.000000
0.987517 0.006611 -0.157372 -0.814655 -0.017167 0.997684 -0.065817 97.662041 0.156572 0.067697 0.985344 71.991829 0.000000 0.000000 0.000000 1.000000
0.984861 -0.010299 -0.173039 -0.568705 -0.000442 0.998081 -0.061918 97.212433 0.173344 0.061057 0.982967 77.750755 0.000000 0.000000 0.000000 1.000000
0.983038 -0.040399 -0.178896 -0.280451 0.031022 0.998009 -0.054909 96.989395 0.180759 0.048428 0.982334 83.545906 0.000000 0.000000 0.000000 1.000000
0.980110 -0.091161 -0.176276 0.004122 0.084822 0.995460 -0.043186 96.158791 0.179412 0.027375 0.983393 88.763107 0.000000 0.000000 0.000000 1.000000
0.976128 -0.129899 -0.174069 0.334148 0.125965 0.991469 -0.033513 95.643433 0.176937 0.010786 0.984163 93.843803 0.000000 0.000000 0.000000 1.000000
0.972513 -0.149035 -0.178906 0.586197 0.145441 0.988813 -0.033113 95.778732 0.181839 0.006182 0.983309 99.139824 0.000000 0.000000 0.000000 1.000000
0.971635 -0.149038 -0.183611 0.689381 0.144212 0.988760 -0.039442 96.511208 0.187426 0.011844 0.982207 104.704697 0.000000 0.000000 0.000000 1.000000
0.975274 -0.136828 -0.173549 0.651382 0.131169 0.990395 -0.043724 97.556183 0.177865 0.019879 0.983854 110.428909 0.000000 0.000000 0.000000 1.000000
0.982682 -0.119544 -0.141582 0.546971 0.114711 0.992517 -0.041854 98.494080 0.145526 0.024889 0.989041 116.110657 0.000000 0.000000 0.000000 1.000000
0.990390 -0.100832 -0.094659 0.479336 0.097745 0.994534 -0.036709 99.034050 0.097843 0.027103 0.994833 121.655815 0.000000 0.000000 0.000000 1.000000
0.995390 -0.084324 -0.045695 0.500973 0.082911 0.996044 -0.031981 99.013771 0.048211 0.028045 0.998443 127.063942 0.000000 0.000000 0.000000 1.000000
0.997291 -0.073549 -0.001489 0.577785 0.073479 0.996912 -0.027711 98.480453 0.003523 0.027527 0.999615 132.386810 0.000000 0.000000 0.000000 1.000000
0.996800 -0.069539 0.039430 0.644720 0.070451 0.997268 -0.022229 97.649269 -0.037777 0.024936 0.998975 137.724228 0.000000 0.000000 0.000000 1.000000
0.994554 -0.066684 0.080102 0.670456 0.068112 0.997561 -0.015230 97.087730 -0.078891 0.020603 0.996670 143.028595 0.000000 0.000000 0.000000 1.000000</float_array><technique_common><accessor source="#mixamorig_Hips-Matrix-animation-output-transform-array" count="27" stride="16"><param type="float4x4"/></accessor></technique_common></source><source id="mixamorig_Hips-Interpolations"><Name_array id="mixamorig_Hips-Interpolations-array" count="27">
 LINEAR LINEAR LINEAR LINEAR LINEAR LINEAR LINEAR LINEAR LINEAR LINEAR LINEAR
LINEAR LINEAR LINEAR LINEAR LINEAR LINEAR LINEAR LINEAR LINEAR LINEAR LINEAR LINEAR
LINEAR LINEAR LINEAR LINEAR</Name_array><technique_common><accessor source="#mixamorig_Hips-Interpolations-array" count="27"><param type="name"/></accessor></technique_common></source><sampler id="mixamorig_Hips-Matrix-animation-transform"><input semantic="INPUT" source="#mixamorig_Hips-Matrix-animation-input"/><input semantic="OUTPUT" source="#mixamorig_Hips-Matrix-animation-output-transform"/><input semantic="INTERPOLATION" source="#mixamorig_Hips-Interpolations"/></sampler><channel source="#mixamorig_Hips-Matrix-animation-transform" target="mixamorig_Hips/matrix"/></animation>
    <animation id="mixamorig_Spine-anim" name="mixamorig_Spine"><source id="mixamorig_Spine-Matrix-animation-input"><float_array id="mixamorig_Spine-Matrix-animation-input-array" count="27">

0.000000 0.033333 0.066667 0.100000 0.133333 0.166667 0.200000 0.233333 0.266667 0.300000 0.333333 0.366667 0.400000 0.433333 0.466667 0.500000
0.533333 0.566667 0.600000 0.633333 0.666667 0.700000 0.733333 0.766667 0.800000 0.833333 0.866667</float_array><technique_common><accessor source="#mixamorig_Spine-Matrix-animation-input-array" count="27"><param name="TIME" type="float"/></accessor></technique_common></source><source id="mixamorig_Spine-Matrix-animation-output-transform"><float_array id="mixamorig_Spine-Matrix-animation-output-transform-array" count="432">

0.999435 0.016819 -0.029095 -0.038100 -0.017656 0.999430 -0.028766 9.490500 0.028595 0.029263 0.999163 -1.392100 0.000000 0.000000 0.000000 1.000000
0.999427 0.011799 -0.031737 -0.038100 -0.012758 0.999463 -0.030180 9.490500 0.031364 0.030567 0.999041 -1.392100 0.000000 0.000000 0.000000 1.000000
0.999460 0.004135 -0.032610 -0.038100 -0.005141 0.999512 -0.030822 9.490500 0.032467 0.030973 0.998993 -1.392100 0.000000 0.000000 0.000000 1.000000
0.999493 -0.004318 -0.031537 -0.038100 0.003363 0.999537 -0.030255 9.490500 0.031653 0.030133 0.999045 -1.392100 0.000000 0.000000 0.000000 1.000000
0.999468 -0.012368 -0.030194 -0.038100 0.011441 0.999464 -0.030672 9.490500 0.030557 0.030310 0.999073 -1.392100 0.000000 0.000000 0.000000 1.000000
0.999442 -0.017167 -0.028644 -0.038100 0.016264 0.999373 -0.031435 9.490500 0.029166 0.030952 0.999095 -1.392100 0.000000 0.000000 0.000000 1.000000
0.999452 -0.019245 -0.026929 -0.038100 0.018394 0.999334 -0.031513 9.490500 0.027517 0.031000 0.999141 -1.392100 0.000000 0.000000 0.000000 1.000000
0.999526 -0.020066 -0.023365 -0.038100 0.019352 0.999351 -0.030391 9.490500 0.023960 0.029924 0.999265 -1.392100 0.000000 0.000000 0.000000 1.000000
0.999671 -0.020386 -0.015544 -0.038100 0.019950 0.999418 -0.027677 9.490500 0.016100 0.027358 0.999496 -1.392100 0.000000 0.000000 0.000000 1.000000
0.999795 -0.019768 -0.004295 -0.038100 0.019662 0.999532 -0.023419 9.490500 0.004756 0.023330 0.999717 -1.392100 0.000000 0.000000 0.000000 1.000000
0.999762 -0.020716 0.006785 -0.038100 0.020838 0.999611 -0.018511 9.490500 -0.006399 0.018648 0.999806 -1.392100 0.000000 0.000000 0.000000 1.000000
0.999511 -0.027431 0.015039 -0.038100 0.027643 0.999519 -0.014087 9.490500 -0.014645 0.014495 0.999788 -1.392100 0.000000 0.000000 0.000000 1.000000
0.999291 -0.032234 0.019449 -0.038100 0.032462 0.999407 -0.011492 9.490500 -0.019067 0.012115 0.999745 -1.392100 0.000000 0.000000 0.000000 1.000000
0.999526 -0.023968 0.019310 -0.038100 0.024194 0.999640 -0.011586 9.490500 -0.019025 0.012047 0.999746 -1.392100 0.000000 0.000000 0.000000 1.000000
0.999859 -0.006711 0.015389 -0.038100 0.006916 0.999888 -0.013292 9.490500 -0.015298 0.013397 0.999793 -1.392100 0.000000 0.000000 0.000000 1.000000
0.999910 0.008769 0.010143 -0.038100 -0.008616 0.999851 -0.014961 9.490500 -0.010273 0.014872 0.999837 -1.392100 0.000000 0.000000 0.000000 1.000000
0.999248 0.037763 0.008763 -0.038100 -0.037609 0.999146 -0.017093 9.490500 -0.009401 0.016751 0.999815 -1.392100 0.000000 0.000000 0.000000 1.000000
0.997994 0.062296 0.011304 -0.038100 -0.062067 0.997879 -0.019612 9.490500 -0.012502 0.018871 0.999744 -1.392100 0.000000 0.000000 0.000000 1.000000
0.996575 0.081354 0.014843 -0.038100 -0.081024 0.996477 -0.021644 9.490500 -0.016551 0.020367 0.999656 -1.392100 0.000000 0.000000 0.000000 1.000000
0.995804 0.090081 0.016130 -0.038100 -0.089711 0.995716 -0.022375 9.490500 -0.018076 0.020834 0.999620 -1.392100 0.000000 0.000000 0.000000 1.000000
0.995971 0.088657 0.013501 -0.038100 -0.088344 0.995842 -0.022226 9.490500 -0.015415 0.020944 0.999662 -1.392100 0.000000 0.000000 0.000000 1.000000
0.996630 0.081747 0.006780 -0.038100 -0.081583 0.996428 -0.021804 9.490500 -0.008538 0.021177 0.999739 -1.392100 0.000000 0.000000 0.000000 1.000000
0.997434 0.071543 -0.002502 -0.038100 -0.071580 0.997204 -0.021453 9.490500 0.000961 0.021577 0.999767 -1.392100 0.000000 0.000000 0.000000 1.000000
0.998218 0.058448 -0.012051 -0.038100 -0.058704 0.998031 -0.022070 9.490500 0.010738 0.022738 0.999684 -1.392100 0.000000 0.000000 0.000000 1.000000
0.998806 0.044258 -0.020679 -0.038100 -0.044758 0.998700 -0.024390 9.490500 0.019573 0.025287 0.999489 -1.392100 0.000000 0.000000 0.000000 1.000000
0.999171 0.031392 -0.025913 -0.038100 -0.032082 0.999130 -0.026638 9.490500 0.025054 0.027447 0.999309 -1.392100 0.000000 0.000000 0.000000 1.000000
0.999416 0.017922 -0.029094 -0.038100 -0.018758 0.999411 -0.028746 9.490500 0.028562 0.029275 0.999163 -1.392100 0.000000 0.000000 0.000000 1.000000</float_array><technique_common><accessor source="#mixamorig_Spine-Matrix-animation-output-transform-array" count="27" stride="16"><param type="float4x4"/></accessor></technique_common></source><source id="mixamorig_Spine-Interpolations"><Name_array id="mixamorig_Spine-Interpolations-array" count="27">
 LINEAR LINEAR LINEAR LINEAR LINEAR LINEAR LINEAR LINEAR LINEAR LINEAR LINEAR
LINEAR LINEAR LINEAR LINEAR LINEAR LINEAR LINEAR LINEAR LINEAR LINEAR LINEAR LINEAR
LINEAR LINEAR LINEAR LINEAR</Name_array><technique_common><accessor source="#mixamorig_Spine-Interpolations-array" count="27"><param type="name"/></accessor></technique_common></source><sampler id="mixamorig_Spine-Matrix-animation-transform"><input semantic="INPUT" source="#mixamorig_Spine-Matrix-animation-input"/><input semantic="OUTPUT" source="#mixamorig_Spine-Matrix-animation-output-transform"/><input semantic="INTERPOLATION" source="#mixamorig_Spine-Interpolations"/></sampler><channel source="#mixamorig_Spine-Matrix-animation-transform" target="mixamorig_Spine/matrix"/></animation>
    <animation id="mixamorig_Spine1-anim" name="mixamorig_Spine1"><source id="mixamorig_Spine1-Matrix-animation-input"><float_array id="mixamorig_Spine1-Matrix-animation-input-array" count="27">

0.000000 0.033333 0.066667 0.100000 0.133333 0.166667 0.200000 0.233333 0.266667 0.300000 0.333333 0.366667 0.400000 0.433333 0.466667 0.500000
0.533333 0.566667 0.600000 0.633333 0.666667 0.700000 0.733333 0.766667 0.800000 0.833333 0.866667</float_array><technique_common><accessor source="#mixamorig_Spine1-Matrix-animation-input-array" count="27"><param name="TIME" type="float"/></accessor></technique_common></source><source id="mixamorig_Spine1-Matrix-animation-output-transform"><float_array id="mixamorig_Spine1-Matrix-animation-output-transform-array" count="432">

0.996790 0.021277 -0.077183 -0.044200 -0.025657 0.998089 -0.056214 11.072300 0.075839 0.058014 0.995431 -1.624100 0.000000 0.000000 0.000000 1.000000
0.996187 0.012810 -0.086295 -0.044200 -0.017922 0.998113 -0.058722 11.072300 0.085380 0.060045 0.994538 -1.624100 0.000000 0.000000 0.000000 1.000000
0.995895 0.005020 -0.090374 -0.044200 -0.010518 0.998116 -0.060453 11.072300 0.089900 0.061155 0.994071 -1.624100 0.000000 0.000000 0.000000 1.000000
0.996472 -0.000869 -0.083924 -0.044200 -0.004303 0.998103 -0.061419 11.072300 0.083818 0.061564 0.994578 -1.624100 0.000000 0.000000 0.000000 1.000000
0.997196 -0.002946 -0.074774 -0.044200 -0.001807 0.997986 -0.063411 11.072300 0.074811 0.063368 0.995182 -1.624100 0.000000 0.000000 0.000000 1.000000
0.997721 -0.000286 -0.067468 -0.044200 -0.004066 0.997919 -0.064355 11.072300 0.067346 0.064483 0.995644 -1.624100 0.000000 0.000000 0.000000 1.000000
0.998106 0.005509 -0.061271 -0.044200 -0.009378 0.997967 -0.063047 11.072300 0.060799 0.063502 0.996128 -1.624100 0.000000 0.000000 0.000000 1.000000
0.998632 0.012550 -0.050770 -0.044200 -0.015571 0.998104 -0.059550 11.072300 0.049926 0.060259 0.996933 -1.624100 0.000000 0.000000 0.000000 1.000000
0.999286 0.020383 -0.031825 -0.044200 -0.022079 0.998304 -0.053862 11.072300 0.030673 0.054526 0.998041 -1.624100 0.000000 0.000000 0.000000 1.000000
0.999564 0.028522 -0.007585 -0.044200 -0.028845 0.998497 -0.046611 11.072300 0.006244 0.046809 0.998884 -1.624100 0.000000 0.000000 0.000000 1.000000
0.999292 0.035096 0.013524 -0.044200 -0.034532 0.998606 -0.039913 11.072300 -0.014906 0.039418 0.999112 -1.624100 0.000000 0.000000 0.000000 1.000000
0.998911 0.038373 0.026548 -0.044200 -0.037417 0.998664 -0.035636 11.072300 -0.027880 0.034604 0.999012 -1.624100 0.000000 0.000000 0.000000 1.000000
0.998630 0.039471 0.034357 -0.044200 -0.038309 0.998692 -0.033849 11.072300 -0.035648 0.032486 0.998836 -1.624100 0.000000 0.000000 0.000000 1.000000
0.998238 0.041991 0.041916 -0.044200 -0.040604 0.998616 -0.033421 11.072300 -0.043261 0.031660 0.998562 -1.624100 0.000000 0.000000 0.000000 1.000000
0.997577 0.049536 0.048851 -0.044200 -0.047919 0.998282 -0.033727 11.072300 -0.050438 0.031305 0.998236 -1.624100 0.000000 0.000000 0.000000 1.000000
0.996726 0.062976 0.050705 -0.044200 -0.061229 0.997499 -0.035313 11.072300 -0.052802 0.032093 0.998089 -1.624100 0.000000 0.000000 0.000000 1.000000
0.995769 0.079369 0.046310 -0.044200 -0.077600 0.996228 -0.038821 11.072300 -0.049217 0.035063 0.998172 -1.624100 0.000000 0.000000 0.000000 1.000000
0.994933 0.092188 0.040127 -0.044200 -0.090474 0.994986 -0.042626 11.072300 -0.043856 0.038780 0.998285 -1.624100 0.000000 0.000000 0.000000 1.000000
0.994699 0.096212 0.036292 -0.044200 -0.094580 0.994531 -0.044300 11.072300 -0.040356 0.040633 0.998359 -1.624100 0.000000 0.000000 0.000000 1.000000
0.995225 0.091773 0.033242 -0.044200 -0.090289 0.994956 -0.043704 11.072300 -0.037085 0.040494 0.998491 -1.624100 0.000000 0.000000 0.000000 1.000000
0.996208 0.083072 0.025864 -0.044200 -0.081920 0.995719 -0.042807 11.072300 -0.029309 0.040526 0.998749 -1.624100 0.000000 0.000000 0.000000 1.000000
0.997260 0.073090 0.011408 -0.044200 -0.072544 0.996456 -0.042584 11.072300 -0.014480 0.041639 0.999028 -1.624100 0.000000 0.000000 0.000000 1.000000
0.998016 0.062426 -0.008209 -0.044200 -0.062722 0.997110 -0.042873 11.072300 0.005509 0.043303 0.999047 -1.624100 0.000000 0.000000 0.000000 1.000000
0.998260 0.051214 -0.029234 -0.044200 -0.052490 0.997621 -0.044689 11.072300 0.026875 0.046146 0.998573 -1.624100 0.000000 0.000000 0.000000 1.000000
0.997966 0.040015 -0.049619 -0.044200 -0.042462 0.997882 -0.049287 11.072300 0.047542 0.051293 0.997551 -1.624100 0.000000 0.000000 0.000000 1.000000
0.997465 0.030390 -0.064336 -0.044200 -0.033827 0.998021 -0.053014 11.072300 0.062598 0.055056 0.996519 -1.624100 0.000000 0.000000 0.000000 1.000000
0.996790 0.021277 -0.077183 -0.044200 -0.025657 0.998089 -0.056214 11.072300 0.075839 0.058014 0.995431 -1.624100 0.000000 0.000000 0.000000 1.000000</float_array><technique_common><accessor source="#mixamorig_Spine1-Matrix-animation-output-transform-array" count="27" stride="16"><param type="float4x4"/></accessor></technique_common></source><source id="mixamorig_Spine1-Interpolations"><Name_array id="mixamorig_Spine1-Interpolations-array" count="27">
 LINEAR LINEAR LINEAR LINEAR LINEAR LINEAR LINEAR LINEAR LINEAR LINEAR LINEAR
LINEAR LINEAR LINEAR LINEAR LINEAR LINEAR LINEAR LINEAR LINEAR LINEAR LINEAR LINEAR
LINEAR LINEAR LINEAR LINEAR</Name_array><technique_common><accessor source="#mixamorig_Spine1-Interpolations-array" count="27"><param type="name"/></accessor></technique_common></source><sampler id="mixamorig_Spine1-Matrix-animation-transform"><input semantic="INPUT" source="#mixamorig_Spine1-Matrix-animation-input"/><input semantic="OUTPUT" source="#mixamorig_Spine1-Matrix-animation-output-transform"/><input semantic="INTERPOLATION" source="#mixamorig_Spine1-Interpolations"/></sampler><channel source="#mixamorig_Spine1-Matrix-animation-transform" target="mixamorig_Spine1/matrix"/></animation>
    <animation id="mixamorig_Spine2-anim" name="mixamorig_Spine2"><source id="mixamorig_Spine2-Matrix-animation-input"><float_array id="mixamorig_Spine2-Matrix-animation-input-array" count="27">

0.000000 0.033333 0.066667 0.100000 0.133333 0.166667 0.200000 0.233333 0.266667 0.300000 0.333333 0.366667 0.400000 0.433333 0.466667 0.500000
0.533333 0.566667 0.600000 0.633333 0.666667 0.700000 0.733333 0.766667 0.800000 0.833333 0.866667</float_array><technique_common><accessor source="#mixamorig_Spine2-Matrix-animation-input-array" count="27"><param name="TIME" type="float"/></accessor></technique_common></source><source id="mixamorig_Spine2-Matrix-animation-output-transform"><float_array id="mixamorig_Spine2-Matrix-animation-output-transform-array" count="432">

0.996790 0.021366 -0.077155 -0.050500 -0.025749 0.998083 -0.056273 12.654000 0.075805 0.058080 0.995430 -1.856100 0.000000 0.000000 0.000000 1.000000
0.996193 0.012922 -0.086215 -0.050500 -0.018038 0.998105 -0.058834 12.654000 0.085292 0.060165 0.994538 -1.856100 0.000000 0.000000 0.000000 1.000000
0.995903 0.005094 -0.090281 -0.050500 -0.010596 0.998107 -0.060574 12.654000 0.089802 0.061282 0.994072 -1.856100 0.000000 0.000000 0.000000 1.000000
0.996474 -0.000949 -0.083900 -0.050500 -0.004224 0.998101 -0.061453 12.654000 0.083799 0.061591 0.994577 -1.856100 0.000000 0.000000 0.000000 1.000000
0.997193 -0.003110 -0.074811 -0.050500 -0.001641 0.997989 -0.063367 12.654000 0.074858 0.063312 0.995182 -1.856100 0.000000 0.000000 0.000000 1.000000
0.997718 -0.000415 -0.067525 -0.050500 -0.003936 0.997923 -0.064297 12.654000 0.067411 0.064416 0.995644 -1.856100 0.000000 0.000000 0.000000 1.000000
0.998104 0.005461 -0.061304 -0.050500 -0.009331 0.997968 -0.063024 12.654000 0.060835 0.063476 0.996127 -1.856100 0.000000 0.000000 0.000000 1.000000
0.998634 0.012561 -0.050727 -0.050500 -0.015581 0.998102 -0.059583 12.654000 0.049883 0.060292 0.996934 -1.856100 0.000000 0.000000 0.000000 1.000000
0.999290 0.020402 -0.031679 -0.050500 -0.022092 0.998300 -0.053933 12.654000 0.030525 0.054594 0.998042 -1.856100 0.000000 0.000000 0.000000 1.000000
0.999566 0.028523 -0.007371 -0.050500 -0.028837 0.998495 -0.046646 12.654000 0.006029 0.046839 0.998884 -1.856100 0.000000 0.000000 0.000000 1.000000
0.999289 0.035127 0.013723 -0.050500 -0.034556 0.998609 -0.039830 12.654000 -0.015103 0.039327 0.999112 -1.856100 0.000000 0.000000 0.000000 1.000000
0.998902 0.038511 0.026666 -0.050500 -0.037557 0.998667 -0.035405 12.654000 -0.027994 0.034365 0.999017 -1.856100 0.000000 0.000000 0.000000 1.000000
0.998619 0.039722 0.034387 -0.050500 -0.038571 0.998693 -0.033528 12.654000 -0.035674 0.032156 0.998846 -1.856100 0.000000 0.000000 0.000000 1.000000
0.998228 0.042261 0.041895 -0.050500 -0.040887 0.998615 -0.033117 12.654000 -0.043236 0.031346 0.998573 -1.856100 0.000000 0.000000 0.000000 1.000000
0.997569 0.049740 0.048802 -0.050500 -0.048136 0.998279 -0.033509 12.654000 -0.050385 0.031078 0.998246 -1.856100 0.000000 0.000000 0.000000 1.000000
0.996721 0.063133 0.050606 -0.050500 -0.061397 0.997494 -0.035160 12.654000 -0.052699 0.031937 0.998100 -1.856100 0.000000 0.000000 0.000000 1.000000
0.995765 0.079511 0.046148 -0.050500 -0.077753 0.996221 -0.038705 12.654000 -0.049051 0.034953 0.998185 -1.856100 0.000000 0.000000 0.000000 1.000000
0.994930 0.092295 0.039944 -0.050500 -0.090591 0.994978 -0.042562 12.654000 -0.043672 0.038728 0.998295 -1.856100 0.000000 0.000000 0.000000 1.000000
0.994699 0.096262 0.036153 -0.050500 -0.094634 0.994526 -0.044305 12.654000 -0.040220 0.040649 0.998364 -1.856100 0.000000 0.000000 0.000000 1.000000
0.995227 0.091780 0.033164 -0.050500 -0.090297 0.994953 -0.043753 12.654000 -0.037012 0.040550 0.998492 -1.856100 0.000000 0.000000 0.000000 1.000000
0.996210 0.083064 0.025802 -0.050500 -0.081913 0.995718 -0.042860 12.654000 -0.029252 0.040584 0.998748 -1.856100 0.000000 0.000000 0.000000 1.000000
0.997262 0.073083 0.011310 -0.050500 -0.072540 0.996455 -0.042604 12.654000 -0.014384 0.041667 0.999028 -1.856100 0.000000 0.000000 0.000000 1.000000
0.998015 0.062420 -0.008347 -0.050500 -0.062722 0.997111 -0.042847 12.654000 0.005648 0.043285 0.999047 -1.856100 0.000000 0.000000 0.000000 1.000000
0.998256 0.051209 -0.029374 -0.050500 -0.052489 0.997624 -0.044631 12.654000 0.027018 0.046095 0.998572 -1.856100 0.000000 0.000000 0.000000 1.000000
0.997961 0.040015 -0.049724 -0.050500 -0.042465 0.997884 -0.049227 12.654000 0.047649 0.051238 0.997549 -1.856100 0.000000 0.000000 0.000000 1.000000
0.997461 0.030430 -0.064379 -0.050500 -0.033868 0.998020 -0.053006 12.654000 0.062638 0.055052 0.996517 -1.856100 0.000000 0.000000 0.000000 1.000000
0.996790 0.021366 -0.077155 -0.050500 -0.025749 0.998083 -0.056273 12.654000 0.075805 0.058079 0.995430 -1.856100 0.000000 0.000000 0.000000 1.000000</float_array><technique_common><accessor source="#mixamorig_Spine2-Matrix-animation-output-transform-array" count="27" stride="16"><param type="float4x4"/></accessor></technique_common></source><source id="mixamorig_Spine2-Interpolations"><Name_array id="mixamorig_Spine2-Interpolations-array" count="27">
 LINEAR LINEAR LINEAR LINEAR LINEAR LINEAR LINEAR LINEAR LINEAR LINEAR LINEAR
LINEAR LINEAR LINEAR LINEAR LINEAR LINEAR LINEAR LINEAR LINEAR LINEAR LINEAR LINEAR
LINEAR LINEAR LINEAR LINEAR</Name_array><technique_common><accessor source="#mixamorig_Spine2-Interpolations-array" count="27"><param type="name"/></accessor></technique_common></source><sampler id="mixamorig_Spine2-Matrix-animation-transform"><input semantic="INPUT" source="#mixamorig_Spine2-Matrix-animation-input"/><input semantic="OUTPUT" source="#mixamorig_Spine2-Matrix-animation-output-transform"/><input semantic="INTERPOLATION" source="#mixamorig_Spine2-Interpolations"/></sampler><channel source="#mixamorig_Spine2-Matrix-animation-transform" target="mixamorig_Spine2/matrix"/></animation>
    <animation id="mixamorig_Neck-anim" name="mixamorig_Neck"><source id="mixamorig_Neck-Matrix-animation-input"><float_array id="mixamorig_Neck-Matrix-animation-input-array" count="27">

0.000000 0.033333 0.066667 0.100000 0.133333 0.166667 0.200000 0.233333 0.266667 0.300000 0.333333 0.366667 0.400000 0.433333 0.466667 0.500000
0.533333 0.566667 0.600000 0.633333 0.666667 0.700000 0.733333 0.766667 0.800000 0.833333 0.866667</float_array><technique_common><accessor source="#mixamorig_Neck-Matrix-animation-input-array" count="27"><param name="TIME" type="float"/></accessor></technique_common></source><source id="mixamorig_Neck-Matrix-animation-output-transform"><float_array id="mixamorig_Neck-Matrix-animation-output-transform-array" count="432">

0.999952 0.003254 0.009254 -0.056900 -0.003123 0.999895 -0.014167 14.235800 -0.009300 0.014137 0.999857 -2.088100 0.000000 0.000000 0.000000 1.000000
0.999918 0.006404 0.011112 -0.056900 -0.006280 0.999918 -0.011184 14.235800 -0.011183 0.011113 0.999876 -2.088100 0.000000 0.000000 0.000000 1.000000
0.999884 0.008148 0.012851 -0.056900 -0.008042 0.999934 -0.008246 14.235800 -0.012918 0.008142 0.999883 -2.088100 0.000000 0.000000 0.000000 1.000000
0.999885 0.006172 0.013853 -0.056900 -0.006093 0.999965 -0.005704 14.235800 -0.013887 0.005619 0.999888 -2.088100 0.000000 0.000000 0.000000 1.000000
0.999913 0.002317 0.012951 -0.056900 -0.002258 0.999987 -0.004575 14.235800 -0.012961 0.004546 0.999906 -2.088100 0.000000 0.000000 0.000000 1.000000
0.999945 0.000376 0.010493 -0.056900 -0.000325 0.999988 -0.004895 14.235800 -0.010494 0.004892 0.999933 -2.088100 0.000000 0.000000 0.000000 1.000000
0.999969 0.001977 0.007681 -0.056900 -0.001931 0.999980 -0.005974 14.235800 -0.007693 0.005959 0.999953 -2.088100 0.000000 0.000000 0.000000 1.000000
0.999971 0.005327 0.005366 -0.056900 -0.005289 0.999961 -0.007125 14.235800 -0.005404 0.007097 0.999960 -2.088100 0.000000 0.000000 0.000000 1.000000
0.999964 0.007615 0.003631 -0.056900 -0.007587 0.999941 -0.007794 14.235800 -0.003690 0.007767 0.999963 -2.088100 0.000000 0.000000 0.000000 1.000000
0.999967 0.007795 0.002344 -0.056900 -0.007777 0.999940 -0.007707 14.235800 -0.002404 0.007688 0.999968 -2.088100 0.000000 0.000000 0.000000 1.000000
0.999980 0.006238 0.001371 -0.056900 -0.006228 0.999953 -0.007451 14.235800 -0.001418 0.007442 0.999971 -2.088100 0.000000 0.000000 0.000000 1.000000
0.999995 0.003035 0.000370 -0.056900 -0.003032 0.999961 -0.008246 14.235800 -0.000395 0.008245 0.999966 -2.088100 0.000000 0.000000 0.000000 1.000000
0.999998 -0.001942 -0.000953 -0.056900 0.001932 0.999944 -0.010444 14.235800 0.000973 0.010442 0.999945 -2.088100 0.000000 0.000000 0.000000 1.000000
0.999966 -0.007920 -0.002356 -0.056900 0.007889 0.999887 -0.012798 14.235800 0.002457 0.012779 0.999915 -2.088100 0.000000 0.000000 0.000000 1.000000
0.999908 -0.013139 -0.003311 -0.056900 0.013091 0.999817 -0.013984 14.235800 0.003494 0.013940 0.999897 -2.088100 0.000000 0.000000 0.000000 1.000000
0.999868 -0.015870 -0.003611 -0.056900 0.015816 0.999771 -0.014415 14.235800 0.003839 0.014356 0.999890 -2.088100 0.000000 0.000000 0.000000 1.000000
0.999876 -0.015415 -0.003296 -0.056900 0.015361 0.999760 -0.015630 14.235800 0.003536 0.015578 0.999872 -2.088100 0.000000 0.000000 0.000000 1.000000
0.999919 -0.012541 -0.002250 -0.056900 0.012498 0.999759 -0.018040 14.235800 0.002476 0.018011 0.999835 -2.088100 0.000000 0.000000 0.000000 1.000000
0.999957 -0.009215 -0.000455 -0.056900 0.009204 0.999749 -0.020444 14.235800 0.000643 0.020439 0.999791 -2.088100 0.000000 0.000000 0.000000 1.000000
0.999971 -0.007448 0.001544 -0.056900 0.007480 0.999731 -0.021949 14.235800 -0.001380 0.021960 0.999758 -2.088100 0.000000 0.000000 0.000000 1.000000
0.999965 -0.007764 0.002954 -0.056900 0.007830 0.999704 -0.023054 14.235800 -0.002774 0.023076 0.999730 -2.088100 0.000000 0.000000 0.000000 1.000000
0.999955 -0.008852 0.003513 -0.056900 0.008935 0.999667 -0.024209 14.235800 -0.003297 0.024240 0.999701 -2.088100 0.000000 0.000000 0.000000 1.000000
0.999953 -0.008927 0.003713 -0.056900 0.009015 0.999657 -0.024582 14.235800 -0.003492 0.024615 0.999691 -2.088100 0.000000 0.000000 0.000000 1.000000
0.999965 -0.007241 0.004303 -0.056900 0.007339 0.999704 -0.023180 14.235800 -0.004134 0.023211 0.999722 -2.088100 0.000000 0.000000 0.000000 1.000000
0.999975 -0.004283 0.005601 -0.056900 0.004395 0.999785 -0.020267 14.235800 -0.005513 0.020291 0.999779 -2.088100 0.000000 0.000000 0.000000 1.000000
0.999973 -0.000592 0.007378 -0.056900 0.000719 0.999852 -0.017198 14.235800 -0.007367 0.017203 0.999825 -2.088100 0.000000 0.000000 0.000000 1.000000
0.999952 0.003254 0.009255 -0.056900 -0.003123 0.999895 -0.014167 14.235800 -0.009300 0.014137 0.999857 -2.088100 0.000000 0.000000 0.000000 1.000000</float_array><technique_common><accessor source="#mixamorig_Neck-Matrix-animation-output-transform-array" count="27" stride="16"><param type="float4x4"/></accessor></technique_common></source><source id="mixamorig_Neck-Interpolations"><Name_array id="mixamorig_Neck-Interpolations-array" count="27">
 LINEAR LINEAR LINEAR LINEAR LINEAR LINEAR LINEAR LINEAR LINEAR LINEAR LINEAR
LINEAR LINEAR LINEAR LINEAR LINEAR LINEAR LINEAR LINEAR LINEAR LINEAR LINEAR LINEAR
LINEAR LINEAR LINEAR LINEAR</Name_array><technique_common><accessor source="#mixamorig_Neck-Interpolations-array" count="27"><param type="name"/></accessor></technique_common></source><sampler id="mixamorig_Neck-Matrix-animation-transform"><input semantic="INPUT" source="#mixamorig_Neck-Matrix-animation-input"/><input semantic="OUTPUT" source="#mixamorig_Neck-Matrix-animation-output-transform"/><input semantic="INTERPOLATION" source="#mixamorig_Neck-Interpolations"/></sampler><channel source="#mixamorig_Neck-Matrix-animation-transform" target="mixamorig_Neck/matrix"/></animation>
    <animation id="mixamorig_Head-anim" name="mixamorig_Head"><source id="mixamorig_Head-Matrix-animation-input"><float_array id="mixamorig_Head-Matrix-animation-input-array" count="27">

0.000000 0.033333 0.066667 0.100000 0.133333 0.166667 0.200000 0.233333 0.266667 0.300000 0.333333 0.366667 0.400000 0.433333 0.466667 0.500000
0.533333 0.566667 0.600000 0.633333 0.666667 0.700000 0.733333 0.766667 0.800000 0.833333 0.866667</float_array><technique_common><accessor source="#mixamorig_Head-Matrix-animation-input-array" count="27"><param name="TIME" type="float"/></accessor></technique_common></source><source id="mixamorig_Head-Matrix-animation-output-transform"><float_array id="mixamorig_Head-Matrix-animation-output-transform-array" count="432">

0.999113 -0.005550 0.041738 0.000000 -0.001962 0.984058 0.177836 3.280200 -0.042060 -0.177760 0.983175 0.313300 0.000000 0.000000 0.000000 1.000000
0.998654 0.006282 0.051479 0.000000 -0.015620 0.982977 0.183065 3.280200 -0.049452 -0.183623 0.981752 0.313300 0.000000 0.000000 0.000000 1.000000
0.997986 0.015713 0.061462 0.000000 -0.027060 0.981715 0.188422 3.280200 -0.057377 -0.189705 0.980163 0.313300 0.000000 0.000000 0.000000 1.000000
0.997415 0.017885 0.069588 -0.000000 -0.031252 0.980097 0.196045 3.280200 -0.064697 -0.197713 0.978123 0.313300 0.000000 0.000000 0.000000 1.000000
0.997737 0.009383 0.066578 -0.000000 -0.022665 0.979193 0.201662 3.280200 -0.063300 -0.202715 0.977190 0.313300 0.000000 0.000000 0.000000 1.000000
0.998680 -0.006489 0.050950 0.000000 -0.003656 0.980492 0.196523 3.280200 -0.051231 -0.196450 0.979175 0.313300 0.000000 0.000000 0.000000 1.000000
0.999326 -0.021392 0.029846 0.000000 0.015620 0.983227 0.181716 3.280200 -0.033233 -0.181127 0.982898 0.313300 0.000000 0.000000 0.000000 1.000000
0.999505 -0.029240 0.011645 -0.000000 0.026931 0.986038 0.164331 3.280200 -0.016287 -0.163936 0.986337 0.313300 0.000000 0.000000 0.000000 1.000000
0.999551 -0.029962 -0.000003 -0.000000 0.029619 0.988122 0.150788 3.280200 -0.004515 -0.150720 0.988566 0.313300 0.000000 0.000000 0.000000 1.000000
0.999605 -0.027473 -0.005888 0.000000 0.028039 0.988879 0.146058 3.280200 0.001810 -0.146165 0.989259 0.313300 0.000000 0.000000 0.000000 1.000000
0.999626 -0.025993 -0.008541 -0.000000 0.026992 0.987941 0.152463 3.280200 0.004475 -0.152636 0.988272 0.313300 0.000000 0.000000 0.000000 1.000000
0.999575 -0.027212 -0.010420 0.000000 0.028559 0.985910 0.164822 3.280200 0.005788 -0.165050 0.986268 0.313300 0.000000 0.000000 0.000000 1.000000
0.999469 -0.030111 -0.012489 0.000000 0.031812 0.984594 0.171936 3.280200 0.007120 -0.172242 0.985029 0.313300 0.000000 0.000000 0.000000 1.000000
0.999320 -0.034119 -0.013987 0.000000 0.035982 0.985210 0.167528 3.280200 0.008065 -0.167918 0.985768 0.313300 0.000000 0.000000 0.000000 1.000000
0.999040 -0.041222 -0.014818 -0.000000 0.043043 0.986598 0.157390 3.280200 0.008131 -0.157877 0.987425 0.313300 0.000000 0.000000 0.000000 1.000000
0.998476 -0.052596 -0.016704 0.000000 0.054530 0.986840 0.152229 3.280200 0.008478 -0.152908 0.988204 0.313300 0.000000 0.000000 0.000000 1.000000
0.997756 -0.064024 -0.019619 0.000000 0.066297 0.985685 0.155015 3.280200 0.009413 -0.155968 0.987717 0.313300 0.000000 0.000000 0.000000 1.000000
0.997471 -0.068356 -0.019463 0.000000 0.070589 0.984705 0.159292 3.280200 0.008276 -0.160263 0.987040 0.313300 0.000000 0.000000 0.000000 1.000000
0.997888 -0.063690 -0.012782 -0.000000 0.064911 0.985260 0.158273 3.280200 0.002513 -0.158768 0.987313 0.313300 0.000000 0.000000 0.000000 1.000000
0.998429 -0.055992 -0.001941 -0.000000 0.055642 0.986951 0.151099 3.280200 -0.006544 -0.150970 0.988517 0.313300 0.000000 0.000000 0.000000 1.000000
0.998614 -0.052139 0.007144 0.000000 0.050606 0.988642 0.141511 3.280200 -0.014441 -0.140953 0.989911 0.313300 0.000000 0.000000 0.000000 1.000000
0.998544 -0.052759 0.011208 0.000000 0.050778 0.989622 0.134426 3.280200 -0.018184 -0.133661 0.990860 0.313300 0.000000 0.000000 0.000000 1.000000
0.998536 -0.052665 0.012323 0.000000 0.050538 0.989641 0.134378 3.280200 -0.019272 -0.133558 0.990854 0.313300 0.000000 0.000000 0.000000 1.000000
0.998808 -0.046341 0.015326 0.000000 0.043661 0.988628 0.143902 3.280200 -0.021820 -0.143061 0.989473 0.313300 0.000000 0.000000 0.000000 1.000000
0.999200 -0.032806 0.022873 -0.000000 0.028696 0.986487 0.161308 3.280200 -0.027855 -0.160523 0.986639 0.313300 0.000000 0.000000 0.000000 1.000000
0.999302 -0.018953 0.032201 0.000000 0.013172 0.985166 0.171099 3.280200 -0.034966 -0.170556 0.984727 0.313300 0.000000 0.000000 0.000000 1.000000
0.999113 -0.005550 0.041738 0.000000 -0.001962 0.984058 0.177836 3.280200 -0.042060 -0.177760 0.983175 0.313300 0.000000 0.000000 0.000000 1.000000</float_array><technique_common><accessor source="#mixamorig_Head-Matrix-animation-output-transform-array" count="27" stride="16"><param type="float4x4"/></accessor></technique_common></source><source id="mixamorig_Head-Interpolations"><Name_array id="mixamorig_Head-Interpolations-array" count="27">
 LINEAR LINEAR LINEAR LINEAR LINEAR LINEAR LINEAR LINEAR LINEAR LINEAR LINEAR
LINEAR LINEAR LINEAR LINEAR LINEAR LINEAR LINEAR LINEAR LINEAR LINEAR LINEAR LINEAR
LINEAR LINEAR LINEAR LINEAR</Name_array><technique_common><accessor source="#mixamorig_Head-Interpolations-array" count="27"><param type="name"/></accessor></technique_common></source><sampler id="mixamorig_Head-Matrix-animation-transform"><input semantic="INPUT" source="#mixamorig_Head-Matrix-animation-input"/><input semantic="OUTPUT" source="#mixamorig_Head-Matrix-animation-output-transform"/><input semantic="INTERPOLATION" source="#mixamorig_Head-Interpolations"/></sampler><channel source="#mixamorig_Head-Matrix-animation-transform" target="mixamorig_Head/matrix"/></animation>
    <animation id="mixamorig_LeftShoulder-anim" name="mixamorig_LeftShoulder"><source id="mixamorig_LeftShoulder-Matrix-animation-input"><float_array id="mixamorig_LeftShoulder-Matrix-animation-input-array" count="27">

0.000000 0.033333 0.066667 0.100000 0.133333 0.166667 0.200000 0.233333 0.266667 0.300000 0.333333 0.366667 0.400000 0.433333 0.466667 0.500000
0.533333 0.566667 0.600000 0.633333 0.666667 0.700000 0.733333 0.766667 0.800000 0.833333 0.866667</float_array><technique_common><accessor source="#mixamorig_LeftShoulder-Matrix-animation-input-array" count="27"><param name="TIME" type="float"/></accessor></technique_common></source><source id="mixamorig_LeftShoulder-Matrix-animation-output-transform"><float_array id="mixamorig_LeftShoulder-Matrix-animation-output-transform-array" count="432">

0.974434 0.198988 -0.104321 6.728800 -0.201467 0.979400 -0.013689 11.756600 0.099448 0.034356 0.994449 -2.058500 0.000000 0.000000 0.000000 1.000000
0.974142 0.201092 -0.103001 6.728800 -0.203545 0.978969 -0.013771 11.756600 0.098066 0.034380 0.994586 -2.058500 0.000000 0.000000 0.000000 1.000000
0.973994 0.202591 -0.101451 6.728800 -0.205002 0.978664 -0.013827 11.756600 0.096485 0.034265 0.994744 -2.058500 0.000000 0.000000 0.000000 1.000000
0.974101 0.202784 -0.100026 6.728800 -0.205147 0.978634 -0.013823 11.756600 0.095086 0.033985 0.994889 -2.058500 0.000000 0.000000 0.000000 1.000000
0.974004 0.203124 -0.100284 6.728800 -0.205499 0.978559 -0.013839 11.756600 0.095323 0.034087 0.994863 -2.058500 0.000000 0.000000 0.000000 1.000000
0.973738 0.204103 -0.100873 6.728800 -0.206507 0.978347 -0.013882 11.756600 0.095856 0.034348 0.994802 -2.058500 0.000000 0.000000 0.000000 1.000000
0.973933 0.204070 -0.099047 6.728800 -0.206409 0.978368 -0.013866 11.756600 0.094075 0.033948 0.994986 -2.058500 0.000000 0.000000 0.000000 1.000000
0.974966 0.201536 -0.093943 6.728800 -0.203679 0.978942 -0.013716 11.756600 0.089201 0.032507 0.995483 -2.058500 0.000000 0.000000 0.000000 1.000000
0.976174 0.198060 -0.088635 6.728800 -0.200001 0.979703 -0.013496 11.756600 0.084163 0.030901 0.995973 -2.058500 0.000000 0.000000 0.000000 1.000000
0.976509 0.196846 -0.087651 6.728800 -0.198746 0.979959 -0.013426 11.756600 0.083252 0.030530 0.996061 -2.058500 0.000000 0.000000 0.000000 1.000000
0.975792 0.198258 -0.092328 6.728800 -0.200322 0.979636 -0.013551 11.756600 0.087761 0.031718 0.995636 -2.058500 0.000000 0.000000 0.000000 1.000000
0.974896 0.199200 -0.099489 6.728800 -0.201512 0.979391 -0.013655 11.756600 0.094718 0.033361 0.994945 -2.058500 0.000000 0.000000 0.000000 1.000000
0.974782 0.197233 -0.104400 6.728800 -0.199698 0.979763 -0.013611 11.756600 0.099602 0.034117 0.994442 -2.058500 0.000000 0.000000 0.000000 1.000000
0.975601 0.193072 -0.104525 6.728800 -0.195504 0.980611 -0.013446 11.756600 0.099902 0.033553 0.994431 -2.058500 0.000000 0.000000 0.000000 1.000000
0.976741 0.188970 -0.101327 6.728800 -0.191254 0.981451 -0.013232 11.756600 0.096947 0.032304 0.994765 -2.058500 0.000000 0.000000 0.000000 1.000000
0.977448 0.186621 -0.098833 6.728800 -0.188800 0.981928 -0.013089 11.756600 0.094604 0.031453 0.995018 -2.058500 0.000000 0.000000 0.000000 1.000000
0.977332 0.186796 -0.099641 6.728800 -0.189004 0.981889 -0.013109 11.756600 0.095388 0.031644 0.994937 -2.058500 0.000000 0.000000 0.000000 1.000000
0.976593 0.189194 -0.102331 6.728800 -0.191514 0.981400 -0.013251 11.756600 0.097921 0.032538 0.994662 -2.058500 0.000000 0.000000 0.000000 1.000000
0.975951 0.191851 -0.103506 6.728800 -0.194235 0.980864 -0.013376 11.756600 0.098960 0.033159 0.994539 -2.058500 0.000000 0.000000 0.000000 1.000000
0.976026 0.192250 -0.102046 6.728800 -0.194588 0.980794 -0.013379 11.756600 0.097514 0.032915 0.994690 -2.058500 0.000000 0.000000 0.000000 1.000000
0.976611 0.190209 -0.100260 6.728800 -0.192468 0.981214 -0.013269 11.756600 0.095852 0.032256 0.994873 -2.058500 0.000000 0.000000 0.000000 1.000000
0.976923 0.188356 -0.100718 6.728800 -0.190614 0.981577 -0.013190 11.756600 0.096378 0.032084 0.994828 -2.058500 0.000000 0.000000 0.000000 1.000000
0.976566 0.188883 -0.103157 6.728800 -0.191228 0.981456 -0.013245 11.756600 0.098743 0.032661 0.994577 -2.058500 0.000000 0.000000 0.000000 1.000000
0.975859 0.191311 -0.105357 6.728800 -0.193755 0.980959 -0.013374 11.756600 0.100792 0.033464 0.994345 -2.058500 0.000000 0.000000 0.000000 1.000000
