<?xml version="1.0" encoding="utf-8"?>
<COLLADA xmlns="http://www.collada.org/2005/11/COLLADASchema" version="1.4.1">
  <asset><contributor><author>Mixamo</author><authoring_tool>COLLADA Mixamo exporter</authoring_tool><comments></comments></contributor><created>2018-10-29T17:09:22Z</created><modified>2018-10-29T17:09:22Z</modified><revision></revision><title></title><unit meter="0.010000"/><up_axis>Y_UP</up_axis></asset>
  <library_animations>
    <animation id="Zombie_Hips-anim" name="Zombie_Hips"><source id="Zombie_Hips-Matrix-animation-input"><float_array id="Zombie_Hips-Matrix-animation-input-array" count="121">

0.000000 0.033333 0.066667 0.100000 0.133333 0.166667 0.200000 0.233333 0.266667 0.300000 0.333333 0.366667 0.400000 0.433333 0.466667 0.500000
0.533333 0.566667 0.600000 0.633333 0.666667 0.700000 0.733333 0.766667 0.800000 0.833333 0.866667 0.900000 0.933333 0.966667 1.000000 1.033333
1.066667 1.100000 1.133333 1.166667 1.200000 1.233333 1.266667 1.300000 1.333333 1.366667 1.400000 1.433333 1.466667 1.500000 1.533333 1.566667
1.600000 1.633333 1.666667 1.700000 1.733333 1.766667 1.800000 1.833333 1.866667 1.900000 1.933333 1.966667 2.000000 2.033333 2.066667 2.100000
2.133333 2.166667 2.200000 2.233333 2.266667 2.300000 2.333333 2.366667 2.400000 2.433333 2.466667 2.500000 2.533333 2.566667 2.600000 2.633333
2.666667 2.700000 2.733333 2.766667 2.800000 2.833333 2.866667 2.900000 2.933333 2.966667 3.000000 3.033333 3.066667 3.100000 3.133333 3.166667
3.200000 3.233333 3.266667 3.300000 3.333333 3.366667 3.400000 3.433333 3.466667 3.500000 3.533333 3.566667 3.600000 3.633333 3.666667 3.700000
3.733333 3.766667 3.800000 3.833333 3.866667 3.900000 3.933333 3.966667 4.000000</float_array><technique_common><accessor source="#Zombie_Hips-Matrix-animation-input-array" count="121"><param name="TIME" type="float"/></accessor></technique_common></source><source id="Zombie_Hips-Matrix-animation-output-transform"><float_array id="Zombie_Hips-Matrix-animation-output-transform-array" count="1936">

0.978150 0.013200 -0.207479 0.032961 -0.047206 0.986017 -0.159819 84.346947 0.202468 0.166121 0.965096 -1.962206 0.000000 0.000000 0.000000 1.000000
0.979071 0.009363 -0.203305 -0.100971 -0.043927 0.985117 -0.166176 84.436775 0.198723 0.171629 0.964911 -1.864657 0.000000 0.000000 0.000000 1.000000
0.979737 0.006757 -0.200174 -0.219404 -0.042002 0.984138 -0.172358 84.511887 0.195834 0.177274 0.964481 -1.776318 0.000000 0.000000 0.000000 1.000000
0.979534 0.005292 -0.201207 -0.262161 -0.041725 0.983278 -0.177266 84.563507 0.196904 0.182033 0.963376 -1.683382 0.000000 0.000000 0.000000 1.000000
0.977831 0.003577 -0.209367 -0.155408 -0.042004 0.982882 -0.179382 84.592369 0.205141 0.184199 0.961243 -1.555812 0.000000 0.000000 0.000000 1.000000
0.974739 0.000374 -0.223345 0.115341 -0.041230 0.983114 -0.178291 84.605667 0.219506 0.182996 0.958295 -1.375991 0.000000 0.000000 0.000000 1.000000
0.971409 -0.003751 -0.237384 0.491315 -0.039032 0.983746 -0.175270 84.605576 0.234183 0.179524 0.955473 -1.154502 0.000000 0.000000 0.000000 1.000000
0.969293 -0.006967 -0.245810 0.897384 -0.036560 0.984407 -0.172067 84.586716 0.243175 0.175770 0.953924 -0.914263 0.000000 0.000000 0.000000 1.000000
0.968971 -0.007940 -0.247047 1.291886 -0.035194 0.984868 -0.169693 84.546127 0.244656 0.173123 0.954029 -0.669577 0.000000 0.000000 0.000000 1.000000
0.969812 -0.006870 -0.243756 1.670437 -0.035324 0.985102 -0.168306 84.489532 0.241281 0.171836 0.955121 -0.421108 0.000000 0.000000 0.000000 1.000000
0.970723 -0.005029 -0.240149 2.047879 -0.036360 0.985184 -0.167605 84.429604 0.237434 0.171430 0.956157 -0.162850 0.000000 0.000000 0.000000 1.000000
0.970965 -0.003699 -0.239194 2.439988 -0.037430 0.985216 -0.167176 84.379333 0.236276 0.171275 0.956472 0.109073 0.000000 0.000000 0.000000 1.000000
0.970411 -0.003462 -0.241436 2.849871 -0.037963 0.985274 -0.166714 84.344727 0.238458 0.170947 0.955989 0.390481 0.000000 0.000000 0.000000 1.000000
0.969403 -0.004055 -0.245441 3.261010 -0.037943 0.985372 -0.166141 84.323448 0.242524 0.170370 0.955069 0.668629 0.000000 0.000000 0.000000 1.000000
0.968545 -0.004612 -0.248798 3.637678 -0.037862 0.985456 -0.165659 84.310852 0.245943 0.169868 0.954283 0.925859 0.000000 0.000000 0.000000 1.000000
0.968467 -0.003977 -0.249109 3.937361 -0.038571 0.985424 -0.165686 84.302826 0.246137 0.170070 0.954198 1.146444 0.000000 0.000000 0.000000 1.000000
0.969531 -0.001287 -0.244965 4.129927 -0.040795 0.985175 -0.166634 84.297562 0.241548 0.171550 0.955105 1.321313 0.000000 0.000000 0.000000 1.000000
0.971517 0.003339 -0.236947 4.214046 -0.044494 0.984687 -0.168557 84.293922 0.232756 0.174298 0.956789 1.448535 0.000000 0.000000 0.000000 1.000000
0.973637 0.008542 -0.227944 4.219076 -0.048645 0.984087 -0.170902 84.288216 0.222857 0.177485 0.958558 1.530840 0.000000 0.000000 0.000000 1.000000
0.974965 0.012340 -0.222015 4.187917 -0.051763 0.983624 -0.172642 84.276100 0.216248 0.179812 0.959638 1.571224 0.000000 0.000000 0.000000 1.000000
0.974951 0.013319 -0.222021 4.148664 -0.052817 0.983517 -0.172931 84.255821 0.216058 0.180326 0.959584 1.569665 0.000000 0.000000 0.000000 1.000000
0.973678 0.011527 -0.227637 4.093758 -0.051823 0.983759 -0.171850 84.235321 0.221959 0.179123 0.958462 1.520982 0.000000 0.000000 0.000000 1.000000
0.971884 0.008338 -0.235312 3.982910 -0.049726 0.984101 -0.170507 84.230247 0.230150 0.177414 0.956847 1.415388 0.000000 0.000000 0.000000 1.000000
0.970667 0.005435 -0.240367 3.767648 -0.047693 0.984230 -0.170345 84.255798 0.235650 0.176812 0.955618 1.242975 0.000000 0.000000 0.000000 1.000000
0.970827 0.003762 -0.239750 3.418997 -0.046336 0.983973 -0.172193 84.316658 0.235260 0.178279 0.955442 1.000748 0.000000 0.000000 0.000000 1.000000
0.972317 0.003220 -0.233644 2.938723 -0.045478 0.983391 -0.175707 84.402107 0.229197 0.181469 0.956315 0.699356 0.000000 0.000000 0.000000 1.000000
0.974371 0.003168 -0.224924 2.351584 -0.044625 0.982750 -0.179475 84.490242 0.220475 0.184912 0.957705 0.365464 0.000000 0.000000 0.000000 1.000000
0.976179 0.003050 -0.216945 1.687449 -0.043461 0.982384 -0.181748 84.559975 0.212569 0.186847 0.959116 0.034320 0.000000 0.000000 0.000000 1.000000
0.977411 0.002713 -0.211331 0.970468 -0.041950 0.982513 -0.181408 84.601257 0.207143 0.186175 0.960433 -0.265644 0.000000 0.000000 0.000000 1.000000
0.978259 0.002310 -0.207374 0.220197 -0.040166 0.983115 -0.178528 84.615265 0.203460 0.182976 0.961834 -0.527326 0.000000 0.000000 0.000000 1.000000
0.979136 0.001947 -0.203195 -0.543258 -0.038117 0.983964 -0.174249 84.610069 0.199598 0.178358 0.963509 -0.767006 0.000000 0.000000 0.000000 1.000000
0.980308 0.001644 -0.197467 -1.294814 -0.035909 0.984777 -0.170070 84.596848 0.194181 0.173812 0.965444 -1.008138 0.000000 0.000000 0.000000 1.000000
0.981752 0.001284 -0.190163 -2.007687 -0.033644 0.985376 -0.167038 84.581558 0.187167 0.170387 0.967438 -1.261050 0.000000 0.000000 0.000000 1.000000
0.983261 0.000795 -0.182200 -2.657628 -0.031431 0.985739 -0.165318 84.566162 0.179470 0.168278 0.969264 -1.515790 0.000000 0.000000 0.000000 1.000000
0.984610 0.000198 -0.174764 -3.223698 -0.029385 0.985949 -0.164439 84.548416 0.172275 0.167044 0.970782 -1.753172 0.000000 0.000000 0.000000 1.000000
0.985587 -0.000572 -0.169167 -3.685428 -0.027557 0.986095 -0.163884 84.523972 0.166909 0.166184 0.971866 -1.959015 0.000000 0.000000 0.000000 1.000000
0.985926 -0.001901 -0.167174 -4.021517 -0.025812 0.986216 -0.163439 84.487473 0.165181 0.165454 0.972286 -2.126923 0.000000 0.000000 0.000000 1.000000
0.985269 -0.004462 -0.170952 -4.214205 -0.023827 0.986327 -0.163067 84.437370 0.169343 0.164738 0.971692 -2.249884 0.000000 0.000000 0.000000 1.000000
0.983260 -0.008707 -0.182000 -4.259730 -0.021365 0.986458 -0.162618 84.379761 0.180951 0.163784 0.969759 -2.314462 0.000000 0.000000 0.000000 1.000000
0.979814 -0.014221 -0.199404 -4.175297 -0.018616 0.986642 -0.161835 84.326286 0.199041 0.162280 0.966461 -2.307051 0.000000 0.000000 0.000000 1.000000
0.975552 -0.019550 -0.218896 -3.995685 -0.016268 0.986879 -0.160640 84.286331 0.219164 0.160273 0.962434 -2.226887 0.000000 0.000000 0.000000 1.000000
0.971957 -0.022830 -0.234048 -3.759926 -0.015184 0.987107 -0.159343 84.260933 0.234668 0.158428 0.959078 -2.091126 0.000000 0.000000 0.000000 1.000000
0.970659 -0.022866 -0.239371 -3.495711 -0.015854 0.987217 -0.158594 84.245590 0.239938 0.157736 0.957888 -1.925272 0.000000 0.000000 0.000000 1.000000
0.972191 -0.019863 -0.233347 -3.210263 -0.018011 0.987104 -0.159065 84.238579 0.233498 0.158845 0.959295 -1.747066 0.000000 0.000000 0.000000 1.000000
0.975541 -0.015213 -0.219291 -2.891642 -0.020803 0.986736 -0.160994 84.245262 0.218832 0.161618 0.962285 -1.558245 0.000000 0.000000 0.000000 1.000000
0.979029 -0.010538 -0.203447 -2.519675 -0.023454 0.986191 -0.163945 84.272522 0.202366 0.165279 0.965262 -1.349084 0.000000 0.000000 0.000000 1.000000
0.981447 -0.006774 -0.191613 -2.079696 -0.025812 0.985610 -0.167055 84.319710 0.189988 0.168902 0.967149 -1.108510 0.000000 0.000000 0.000000 1.000000
0.982429 -0.003914 -0.186595 -1.571826 -0.028266 0.985128 -0.169483 84.376587 0.184483 0.171780 0.967707 -0.830309 0.000000 0.000000 0.000000 1.000000
0.982198 -0.001426 -0.187844 -1.010894 -0.031215 0.984830 -0.170692 84.429855 0.185237 0.173517 0.967253 -0.513501 0.000000 0.000000 0.000000 1.000000
0.981226 0.001160 -0.192856 -0.417368 -0.034688 0.984736 -0.170564 84.470848 0.189714 0.174052 0.966289 -0.161353 0.000000 0.000000 0.000000 1.000000
0.980013 0.003952 -0.198895 0.192622 -0.038367 0.984788 -0.169474 84.496841 0.195199 0.173718 0.965256 0.218039 0.000000 0.000000 0.000000 1.000000
0.978933 0.006782 -0.204067 0.811803 -0.041885 0.984863 -0.168196 84.507668 0.199838 0.173200 0.964400 0.611649 0.000000 0.000000 0.000000 1.000000
0.978160 0.009446 -0.207640 1.438845 -0.045073 0.984837 -0.167528 84.506088 0.202909 0.173228 0.963753 1.004167 0.000000 0.000000 0.000000 1.000000
0.977663 0.011727 -0.209851 2.069565 -0.047835 0.984654 -0.167832 84.494308 0.204663 0.174122 0.963221 1.381796 0.000000 0.000000 0.000000 1.000000
0.977284 0.013544 -0.211499 2.693153 -0.050193 0.984355 -0.168897 84.474831 0.205903 0.175676 0.962674 1.734426 0.000000 0.000000 0.000000 1.000000
0.976871 0.014911 -0.213310 3.291500 -0.052186 0.984026 -0.170203 84.454552 0.207365 0.177398 0.962045 2.053054 0.000000 0.000000 0.000000 1.000000
0.976373 0.015999 -0.215497 3.844006 -0.053947 0.983725 -0.171390 84.441399 0.209248 0.178966 0.961346 2.329065 0.000000 0.000000 0.000000 1.000000
0.975869 0.017026 -0.217691 4.330636 -0.055641 0.983435 -0.172510 84.444252 0.211148 0.180460 0.960651 2.554665 0.000000 0.000000 0.000000 1.000000
0.975490 0.018107 -0.219297 4.732782 -0.057350 0.983085 -0.173937 84.470261 0.212438 0.182250 0.960029 2.724369 0.000000 0.000000 0.000000 1.000000
0.975316 0.019226 -0.219974 5.034009 -0.059064 0.982618 -0.175993 84.521500 0.212767 0.184642 0.959499 2.836233 0.000000 0.000000 0.000000 1.000000
0.975324 0.020326 -0.219842 5.222286 -0.060727 0.982043 -0.178617 84.593224 0.212264 0.187560 0.959044 2.891432 0.000000 0.000000 0.000000 1.000000
0.975424 0.021342 -0.219302 5.293293 -0.062241 0.981451 -0.181327 84.674622 0.211365 0.190520 0.958659 2.892991 0.000000 0.000000 0.000000 1.000000
0.975540 0.022150 -0.218701 5.252975 -0.063423 0.980962 -0.183553 84.754272 0.210472 0.192934 0.958373 2.845122 0.000000 0.000000 0.000000 1.000000
0.975653 0.022537 -0.218159 5.115392 -0.064035 0.980636 -0.185074 84.823601 0.209764 0.194538 0.958204 2.752622 0.000000 0.000000 0.000000 1.000000
0.975775 0.022321 -0.217635 4.897958 -0.063949 0.980436 -0.186162 84.877258 0.209222 0.195570 0.958112 2.620636 0.000000 0.000000 0.000000 1.000000
0.975913 0.021516 -0.217097 4.615085 -0.063276 0.980264 -0.187293 84.912216 0.208783 0.196519 0.958014 2.454574 0.000000 0.000000 0.000000 1.000000
0.976058 0.020320 -0.216559 4.275643 -0.062259 0.980069 -0.188649 84.927338 0.208409 0.197615 0.957870 2.260504 0.000000 0.000000 0.000000 1.000000
0.976211 0.018903 -0.215995 3.885767 -0.060977 0.979922 -0.189830 84.923325 0.208070 0.198485 0.957763 2.046320 0.000000 0.000000 0.000000 1.000000
0.976403 0.017229 -0.215266 3.454093 -0.059182 0.979997 -0.190006 84.902313 0.207687 0.198263 0.957893 1.821301 0.000000 0.000000 0.000000 1.000000
0.976677 0.015132 -0.214180 2.994242 -0.056509 0.980463 -0.188414 84.865906 0.207144 0.196123 0.958450 1.593180 0.000000 0.000000 0.000000 1.000000
0.977043 0.012581 -0.212673 2.522117 -0.052867 0.981349 -0.184824 84.815346 0.206381 0.191824 0.959485 1.364595 0.000000 0.000000 0.000000 1.000000
0.977451 0.009798 -0.210935 2.051114 -0.048619 0.982527 -0.179659 84.754166 0.205489 0.185864 0.960848 1.131380 0.000000 0.000000 0.000000 1.000000
0.977804 0.007120 -0.209401 1.588889 -0.044364 0.983797 -0.173709 84.687782 0.204771 0.179143 0.962277 0.887421 0.000000 0.000000 0.000000 1.000000
0.977975 0.004713 -0.208669 1.138970 -0.040536 0.984998 -0.167735 84.625198 0.204748 0.172499 0.963495 0.630898 0.000000 0.000000 0.000000 1.000000
0.977821 0.002540 -0.209427 0.705984 -0.037325 0.986033 -0.162312 84.572464 0.206090 0.166529 0.964259 0.369243 0.000000 0.000000 0.000000 1.000000
0.977216 0.000583 -0.212246 0.299231 -0.034879 0.986842 -0.157880 84.528290 0.209361 0.161686 0.964378 0.116483 0.000000 0.000000 0.000000 1.000000
0.976152 -0.000988 -0.217084 -0.069832 -0.033410 0.987392 -0.154730 84.489990 0.214500 0.158293 0.963812 -0.117288 0.000000 0.000000 0.000000 1.000000
0.974848 -0.001644 -0.222864 -0.391553 -0.033284 0.987685 -0.152875 84.460770 0.220371 0.156448 0.962788 -0.331053 0.000000 0.000000 0.000000 1.000000
0.973751 -0.000745 -0.227617 -0.660017 -0.034801 0.987751 -0.152111 84.448013 0.224942 0.156040 0.961797 -0.528435 0.000000 0.000000 0.000000 1.000000
0.973295 0.001924 -0.229552 -0.864999 -0.037902 0.987588 -0.152425 84.457848 0.226409 0.157055 0.961287 -0.707629 0.000000 0.000000 0.000000 1.000000
0.973529 0.005618 -0.228493 -0.979888 -0.041901 0.987142 -0.154255 84.488335 0.224689 0.159746 0.961247 -0.855181 0.000000 0.000000 0.000000 1.000000
0.973998 0.008677 -0.226388 -0.959706 -0.045506 0.986394 -0.157974 84.528816 0.221938 0.164169 0.961141 -0.948610 0.000000 0.000000 0.000000 1.000000
0.974061 0.009506 -0.226084 -0.757704 -0.047434 0.985497 -0.162928 84.565079 0.221256 0.169427 0.960386 -0.964180 0.000000 0.000000 0.000000 1.000000
0.973366 0.007850 -0.229122 -0.353486 -0.047309 0.984781 -0.167240 84.584892 0.224322 0.173625 0.958923 -0.885766 0.000000 0.000000 0.000000 1.000000
0.972086 0.005127 -0.234568 0.228733 -0.045955 0.984556 -0.168929 84.579323 0.230079 0.174993 0.957309 -0.712533 0.000000 0.000000 0.000000 1.000000
0.970754 0.003326 -0.240053 0.926029 -0.044771 0.984871 -0.167405 84.540894 0.235865 0.173256 0.956217 -0.462827 0.000000 0.000000 0.000000 1.000000
0.969785 0.003546 -0.243935 1.666180 -0.044828 0.985459 -0.163891 84.466774 0.239807 0.169874 0.955843 -0.168924 0.000000 0.000000 0.000000 1.000000
0.969180 0.005387 -0.246295 2.395314 -0.046241 0.985969 -0.160396 84.359413 0.241975 0.166842 0.955830 0.136250 0.000000 0.000000 0.000000 1.000000
0.968700 0.007802 -0.248110 3.089870 -0.048464 0.986216 -0.158205 84.228096 0.243456 0.165278 0.955726 0.432622 0.000000 0.000000 0.000000 1.000000
0.968212 0.010104 -0.249926 3.746071 -0.050899 0.986237 -0.157310 84.089958 0.244897 0.165031 0.955401 0.714321 0.000000 0.000000 0.000000 1.000000
0.967750 0.012234 -0.251614 4.362622 -0.053274 0.986169 -0.156950 83.961906 0.246214 0.165293 0.955017 0.980916 0.000000 0.000000 0.000000 1.000000
0.967347 0.014316 -0.253051 4.929898 -0.055510 0.986131 -0.156410 83.853935 0.247302 0.165350 0.954726 1.226966 0.000000 0.000000 0.000000 1.000000
0.966979 0.016268 -0.254336 5.429782 -0.057455 0.986185 -0.155367 83.769379 0.248295 0.164849 0.954555 1.438943 0.000000 0.000000 0.000000 1.000000
0.966756 0.017988 -0.255066 5.842938 -0.058946 0.986333 -0.153859 83.708450 0.248812 0.163779 0.954604 1.601731 0.000000 0.000000 0.000000 1.000000
0.967079 0.019756 -0.253708 6.153340 -0.060091 0.986515 -0.152238 83.673523 0.247279 0.162472 0.955226 1.704652 0.000000 0.000000 0.000000 1.000000
0.968415 0.022132 -0.248361 6.352689 -0.061307 0.986611 -0.151130 83.668610 0.241691 0.161583 0.956805 1.744440 0.000000 0.000000 0.000000 1.000000
0.970781 0.025321 -0.238629 6.444808 -0.062899 0.986500 -0.151203 83.695488 0.231579 0.161795 0.959267 1.724163 0.000000 0.000000 0.000000 1.000000
0.973531 0.028653 -0.226750 6.448025 -0.064590 0.986160 -0.152697 83.748322 0.219237 0.163301 0.961909 1.651486 0.000000 0.000000 0.000000 1.000000
0.975778 0.030895 -0.216572 6.389096 -0.065629 0.985719 -0.155081 83.812759 0.208688 0.165538 0.963871 1.536031 0.000000 0.000000 0.000000 1.000000
0.976996 0.031228 -0.210958 6.288884 -0.065458 0.985382 -0.157283 83.871750 0.202963 0.167474 0.964758 1.386540 0.000000 0.000000 0.000000 1.000000
0.977271 0.029957 -0.209865 6.148829 -0.064218 0.985284 -0.158402 83.914520 0.202032 0.168279 0.964814 1.207836 0.000000 0.000000 0.000000 1.000000
0.977146 0.028246 -0.210686 5.950183 -0.062591 0.985425 -0.158178 83.941719 0.203147 0.167750 0.964672 1.000100 0.000000 0.000000 0.000000 1.000000
0.977251 0.027183 -0.210336 5.668701 -0.061193 0.985714 -0.156920 83.962700 0.203066 0.166222 0.964953 0.761056 0.000000 0.000000 0.000000 1.000000
0.977926 0.027058 -0.207194 5.293490 -0.060161 0.986052 -0.155184 83.987175 0.200105 0.164223 0.965913 0.489705 0.000000 0.000000 0.000000 1.000000
0.979083 0.027403 -0.201606 4.835816 -0.059226 0.986364 -0.153554 84.019234 0.194649 0.162282 0.967355 0.189181 0.000000 0.000000 0.000000 1.000000
0.980394 0.027544 -0.195112 4.323107 -0.058079 0.986587 -0.152556 84.056465 0.188293 0.160897 0.968844 -0.132832 0.000000 0.000000 0.000000 1.000000
0.981523 0.027109 -0.189417 3.786562 -0.056678 0.986679 -0.152486 84.092148 0.182760 0.160404 0.969984 -0.465814 0.000000 0.000000 0.000000 1.000000
0.982246 0.026173 -0.185764 3.252639 -0.055253 0.986658 -0.153144 84.118126 0.179277 0.160689 0.970587 -0.798755 0.000000 0.000000 0.000000 1.000000
0.982470 0.025031 -0.184733 2.740886 -0.054051 0.986627 -0.153774 84.130577 0.178413 0.161063 0.970684 -1.121358 0.000000 0.000000 0.000000 1.000000
0.982209 0.023951 -0.186255 2.266364 -0.053161 0.986724 -0.153460 84.130325 0.180107 0.160631 0.970443 -1.420887 0.000000 0.000000 0.000000 1.000000
0.981586 0.022872 -0.189645 1.838199 -0.052327 0.987025 -0.151800 84.124809 0.183712 0.158928 0.970047 -1.682186 0.000000 0.000000 0.000000 1.000000
0.980809 0.021491 -0.193785 1.456992 -0.051122 0.987480 -0.149232 84.124481 0.188152 0.156275 0.969627 -1.892104 0.000000 0.000000 0.000000 1.000000
0.980092 0.019749 -0.197562 1.117325 -0.049481 0.987940 -0.146716 84.133881 0.192282 0.153571 0.969249 -2.047842 0.000000 0.000000 0.000000 1.000000
0.979524 0.018285 -0.200497 0.819900 -0.048118 0.988268 -0.144949 84.145332 0.195495 0.151628 0.968912 -2.159566 0.000000 0.000000 0.000000 1.000000
0.978962 0.018215 -0.203229 0.584455 -0.048258 0.988419 -0.143871 84.144333 0.198255 0.150652 0.968504 -2.239944 0.000000 0.000000 0.000000 1.000000
0.978162 0.019955 -0.206886 0.438300 -0.050426 0.988426 -0.143079 84.125275 0.201636 0.150386 0.967846 -2.288853 0.000000 0.000000 0.000000 1.000000
0.977168 0.022253 -0.211299 0.375915 -0.053396 0.988303 -0.142852 84.105980 0.205649 0.150873 0.966926 -2.293229 0.000000 0.000000 0.000000 1.000000
0.976491 0.022975 -0.214330 0.339876 -0.054927 0.988003 -0.144337 84.116814 0.208442 0.152716 0.966038 -2.247095 0.000000 0.000000 0.000000 1.000000
0.976563 0.021141 -0.214189 0.271220 -0.053875 0.987494 -0.148167 84.170547 0.208378 0.156234 0.965489 -2.164338 0.000000 0.000000 0.000000 1.000000
0.977242 0.017475 -0.211408 0.161615 -0.050888 0.986812 -0.153661 84.253632 0.205935 0.160922 0.965243 -2.065146 0.000000 0.000000 0.000000 1.000000
0.978150 0.013200 -0.207479 0.032961 -0.047206 0.986017 -0.159819 84.346947 0.202468 0.166121 0.965096 -1.962206 0.000000 0.000000 0.000000 1.000000</float_array><technique_common><accessor source="#Zombie_Hips-Matrix-animation-output-transform-array" count="121" stride="16"><param type="float4x4"/></accessor></technique_common></source><source id="Zombie_Hips-Interpolations"><Name_array id="Zombie_Hips-Interpolations-array" count="121">
 LINEAR LINEAR LINEAR LINEAR LINEAR LINEAR LINEAR LINEAR LINEAR LINEAR LINEAR
LINEAR LINEAR LINEAR LINEAR LINEAR LINEAR LINEAR LINEAR LINEAR LINEAR LINEAR LINEAR
LINEAR LINEAR LINEAR LINEAR LINEAR LINEAR LINEAR LINEAR LINEAR LINEAR LINEAR LINEAR
LINEAR LINEAR LINEAR LINEAR LINEAR LINEAR LINEAR LINEAR LINEAR LINEAR LINEAR LINEAR
LINEAR LINEAR LINEAR LINEAR LINEAR LINEAR LINEAR LINEAR LINEAR LINEAR LINEAR LINEAR
LINEAR LINEAR LINEAR LINEAR LINEAR LINEAR LINEAR LINEAR LINEAR LINEAR LINEAR LINEAR
LINEAR LINEAR LINEAR LINEAR LINEAR LINEAR LINEAR LINEAR LINEAR LINEAR LINEAR LINEAR
LINEAR LINEAR LINEAR LINEAR LINEAR LINEAR LINEAR LINEAR LINEAR LINEAR LINEAR LINEAR
LINEAR LINEAR LINEAR LINEAR LINEAR LINEAR LINEAR LINEAR LINEAR LINEAR LINEAR LINEAR
LINEAR LINEAR LINEAR LINEAR LINEAR LINEAR LINEAR LINEAR LINEAR LINEAR LINEAR LINEAR
LINEAR LINEAR</Name_array><technique_common><accessor source="#Zombie_Hips-Interpolations-array" count="121"><param type="name"/></accessor></technique_common></source><sampler id="Zombie_Hips-Matrix-animation-transform"><input semantic="INPUT" source="#Zombie_Hips-Matrix-animation-input"/><input semantic="OUTPUT" source="#Zombie_Hips-Matrix-animation-output-transform"/><input semantic="INTERPOLATION" source="#Zombie_Hips-Interpolations"/></sampler><channel source="#Zombie_Hips-Matrix-animation-transform" target="Zombie_Hips/matrix"/></animation>
    <animation id="Zombie_Spine-anim" name="Zombie_Spine"><source id="Zombie_Spine-Matrix-animation-input"><float_array id="Zombie_Spine-Matrix-animation-input-array" count="121">

0.000000 0.033333 0.066667 0.100000 0.133333 0.166667 0.200000 0.233333 0.266667 0.300000 0.333333 0.366667 0.400000 0.433333 0.466667 0.500000
0.533333 0.566667 0.600000 0.633333 0.666667 0.700000 0.733333 0.766667 0.800000 0.833333 0.866667 0.900000 0.933333 0.966667 1.000000 1.033333
1.066667 1.100000 1.133333 1.166667 1.200000 1.233333 1.266667 1.300000 1.333333 1.366667 1.400000 1.433333 1.466667 1.500000 1.533333 1.566667
1.600000 1.633333 1.666667 1.700000 1.733333 1.766667 1.800000 1.833333 1.866667 1.900000 1.933333 1.966667 2.000000 2.033333 2.066667 2.100000
2.133333 2.166667 2.200000 2.233333 2.266667 2.300000 2.333333 2.366667 2.400000 2.433333 2.466667 2.500000 2.533333 2.566667 2.600000 2.633333
2.666667 2.700000 2.733333 2.766667 2.800000 2.833333 2.866667 2.900000 2.933333 2.966667 3.000000 3.033333 3.066667 3.100000 3.133333 3.166667
3.200000 3.233333 3.266667 3.300000 3.333333 3.366667 3.400000 3.433333 3.466667 3.500000 3.533333 3.566667 3.600000 3.633333 3.666667 3.700000
3.733333 3.766667 3.800000 3.833333 3.866667 3.900000 3.933333 3.966667 4.000000</float_array><technique_common><accessor source="#Zombie_Spine-Matrix-animation-input-array" count="121"><param name="TIME" type="float"/></accessor></technique_common></source><source id="Zombie_Spine-Matrix-animation-output-transform"><float_array id="Zombie_Spine-Matrix-animation-output-transform-array" count="1936">

0.999424 -0.023089 -0.024890 0.000000 0.018761 0.986623 -0.161934 9.226300 0.028296 0.161374 0.986488 1.577100 0.000000 0.000000 0.000000 1.000000
0.999373 -0.023777 -0.026232 0.000000 0.019262 0.986827 -0.160627 9.226300 0.029706 0.160021 0.986666 1.577100 0.000000 0.000000 0.000000 1.000000
0.999323 -0.024360 -0.027567 0.000000 0.019666 0.987031 -0.159322 9.226300 0.031090 0.158672 0.986842 1.577100 0.000000 0.000000 0.000000 1.000000
0.999277 -0.024775 -0.028844 0.000000 0.019914 0.987228 -0.158062 9.226300 0.032392 0.157373 0.987008 1.577100 0.000000 0.000000 0.000000 1.000000
0.999237 -0.025004 -0.030012 0.000000 0.019997 0.987419 -0.156855 9.226300 0.033556 0.156135 0.987166 1.577100 0.000000 0.000000 0.000000 1.000000
0.999208 -0.025038 -0.030922 0.000000 0.019929 0.987602 -0.155709 9.226300 0.034438 0.154969 0.987319 1.577100 0.000000 0.000000 0.000000 1.000000
0.999199 -0.024821 -0.031379 0.000000 0.019678 0.987760 -0.154733 9.226300 0.034836 0.153992 0.987458 1.577100 0.000000 0.000000 0.000000 1.000000
0.999210 -0.024299 -0.031432 -0.000000 0.019174 0.987859 -0.154167 9.226300 0.034796 0.153443 0.987545 1.577100 0.000000 0.000000 0.000000 1.000000
0.999226 -0.023590 -0.031463 0.000000 0.018466 0.987866 -0.154210 9.226300 0.034719 0.153509 0.987537 1.577100 0.000000 0.000000 0.000000 1.000000
0.999233 -0.022873 -0.031775 -0.000000 0.017687 0.987782 -0.154837 9.226300 0.034928 0.154157 0.987429 1.577100 0.000000 0.000000 0.000000 1.000000
0.999232 -0.022235 -0.032261 0.000000 0.016945 0.987636 -0.155845 9.226300 0.035328 0.155179 0.987254 1.577100 0.000000 0.000000 0.000000 1.000000
0.999232 -0.021678 -0.032637 -0.000000 0.016296 0.987468 -0.156976 9.226300 0.035631 0.156323 0.987063 1.577100 0.000000 0.000000 0.000000 1.000000
0.999238 -0.021213 -0.032761 -0.000000 0.015780 0.987315 -0.157988 9.226300 0.035697 0.157351 0.986897 1.577100 0.000000 0.000000 0.000000 1.000000
0.999246 -0.020902 -0.032710 0.000000 0.015456 0.987209 -0.158683 9.226300 0.035609 0.158058 0.986788 1.577100 0.000000 0.000000 0.000000 1.000000
0.999249 -0.020779 -0.032712 0.000000 0.015325 0.987171 -0.158929 9.226300 0.035594 0.158309 0.986748 1.577100 0.000000 0.000000 0.000000 1.000000
0.999238 -0.020844 -0.032994 -0.000000 0.015353 0.987208 -0.158696 9.226300 0.035880 0.158069 0.986776 1.577100 0.000000 0.000000 0.000000 1.000000
0.999211 -0.021064 -0.033684 0.000000 0.015484 0.987306 -0.158071 9.226300 0.036586 0.157425 0.986853 1.577100 0.000000 0.000000 0.000000 1.000000
0.999168 -0.021368 -0.034747 -0.000000 0.015649 0.987437 -0.157237 9.226300 0.037671 0.156562 0.986949 1.577100 0.000000 0.000000 0.000000 1.000000
0.999117 -0.021690 -0.035988 -0.000000 0.015805 0.987564 -0.156419 9.226300 0.038933 0.155712 0.987035 1.577100 0.000000 0.000000 0.000000 1.000000
0.999069 -0.021999 -0.037121 0.000000 0.015958 0.987657 -0.155819 9.226300 0.040091 0.155081 0.987088 1.577100 0.000000 0.000000 0.000000 1.000000
0.999032 -0.022324 -0.037893 -0.000000 0.016171 0.987694 -0.155560 9.226300 0.040899 0.154796 0.987099 1.577100 0.000000 0.000000 0.000000 1.000000
0.999012 -0.022741 -0.038175 0.000000 0.016535 0.987673 -0.155657 9.226300 0.041244 0.154872 0.987073 1.577100 0.000000 0.000000 0.000000 1.000000
0.999005 -0.023333 -0.038005 -0.000000 0.017131 0.987603 -0.156034 9.226300 0.041175 0.155227 0.987020 1.577100 0.000000 0.000000 0.000000 1.000000
0.999003 -0.024150 -0.037543 0.000000 0.017989 0.987505 -0.156558 9.226300 0.040855 0.155727 0.986955 1.577100 0.000000 0.000000 0.000000 1.000000
0.998998 -0.025176 -0.036989 -0.000000 0.019067 0.987398 -0.157103 9.226300 0.040478 0.156241 0.986889 1.577100 0.000000 0.000000 0.000000 1.000000
0.998987 -0.026338 -0.036486 -0.000000 0.020275 0.987298 -0.157579 9.226300 0.040173 0.156679 0.986832 1.577100 0.000000 0.000000 0.000000 1.000000
0.998969 -0.027551 -0.036070 0.000000 0.021523 0.987212 -0.157956 9.226300 0.039961 0.157016 0.986787 1.577100 0.000000 0.000000 0.000000 1.000000
0.998950 -0.028709 -0.035704 0.000000 0.022713 0.987137 -0.158257 9.226300 0.039788 0.157280 0.986752 1.577100 0.000000 0.000000 0.000000 1.000000
0.998933 -0.029729 -0.035345 0.000000 0.023766 0.987065 -0.158547 9.226300 0.039601 0.157538 0.986719 1.577100 0.000000 0.000000 0.000000 1.000000
0.998920 -0.030612 -0.034964 0.000000 0.024684 0.986984 -0.158913 9.226300 0.039374 0.157878 0.986673 1.577100 0.000000 0.000000 0.000000 1.000000
0.998908 -0.031376 -0.034617 0.000000 0.025473 0.986879 -0.159437 9.226300 0.039165 0.158381 0.986601 1.577100 0.000000 0.000000 0.000000 1.000000
0.998893 -0.032120 -0.034374 0.000000 0.026218 0.986740 -0.160178 9.226300 0.039063 0.159099 0.986490 1.577100 0.000000 0.000000 0.000000 1.000000
0.998870 -0.032885 -0.034321 0.000000 0.026944 0.986565 -0.161132 9.226300 0.039159 0.160025 0.986336 1.577100 0.000000 0.000000 0.000000 1.000000
0.998839 -0.033638 -0.034477 0.000000 0.027618 0.986369 -0.162216 9.226300 0.039463 0.161075 0.986153 1.577100 0.000000 0.000000 0.000000 1.000000
0.998809 -0.034263 -0.034737 0.000000 0.028152 0.986182 -0.163258 9.226300 0.039850 0.162085 0.985972 1.577100 0.000000 0.000000 0.000000 1.000000
0.998794 -0.034580 -0.034861 0.000000 0.028413 0.986044 -0.164042 9.226300 0.040047 0.162854 0.985837 1.577100 0.000000 0.000000 0.000000 1.000000
0.998812 -0.034382 -0.034536 -0.000000 0.028257 0.985992 -0.164379 9.226300 0.039704 0.163208 0.985792 1.577100 0.000000 0.000000 0.000000 1.000000
0.998877 -0.033504 -0.033489 0.000000 0.027569 0.986046 -0.164177 9.226300 0.038522 0.163069 0.985862 1.577100 0.000000 0.000000 0.000000 1.000000
0.998991 -0.031896 -0.031609 0.000000 0.026314 0.986193 -0.163499 9.226300 0.036387 0.162502 0.986037 1.577100 0.000000 0.000000 0.000000 1.000000
0.999138 -0.029676 -0.029026 0.000000 0.024576 0.986395 -0.162543 9.226300 0.033454 0.161689 0.986274 1.577100 0.000000 0.000000 0.000000 1.000000
0.999291 -0.027130 -0.026107 -0.000000 0.022564 0.986601 -0.161583 9.226300 0.030141 0.160880 0.986514 1.577100 0.000000 0.000000 0.000000 1.000000
0.999424 -0.024636 -0.023359 0.000000 0.020564 0.986764 -0.160857 9.226300 0.027012 0.160284 0.986701 1.577100 0.000000 0.000000 0.000000 1.000000
0.999520 -0.022546 -0.021254 -0.000000 0.018849 0.986861 -0.160466 9.226300 0.024592 0.159988 0.986813 1.577100 0.000000 0.000000 0.000000 1.000000
0.999577 -0.021073 -0.020066 0.000000 0.017587 0.986906 -0.160334 9.226300 0.023182 0.159913 0.986859 1.577100 0.000000 0.000000 0.000000 1.000000
0.999600 -0.020235 -0.019767 0.000000 0.016810 0.986935 -0.160242 9.226300 0.022751 0.159845 0.986880 1.577100 0.000000 0.000000 0.000000 1.000000
0.999601 -0.019879 -0.020051 0.000000 0.016420 0.986993 -0.159921 9.226300 0.022969 0.159528 0.986926 1.577100 0.000000 0.000000 0.000000 1.000000
0.999596 -0.019754 -0.020458 -0.000000 0.016249 0.987116 -0.159180 9.226300 0.023339 0.158783 0.987038 1.577100 0.000000 0.000000 0.000000 1.000000
0.999596 -0.019613 -0.020549 0.000000 0.016124 0.987309 -0.157991 9.226300 0.023387 0.157596 0.987227 1.577100 0.000000 0.000000 0.000000 1.000000
0.999613 -0.019290 -0.020057 0.000000 0.015917 0.987549 -0.156502 9.226300 0.022826 0.156122 0.987474 1.577100 0.000000 0.000000 0.000000 1.000000
0.999645 -0.018711 -0.018962 -0.000000 0.015550 0.987796 -0.154976 9.226300 0.021631 0.154626 0.987736 1.577100 0.000000 0.000000 0.000000 1.000000
0.999688 -0.017857 -0.017477 0.000000 0.014961 0.988006 -0.153689 9.226300 0.020012 0.153379 0.987965 1.577100 0.000000 0.000000 0.000000 1.000000
0.999733 -0.016748 -0.015933 0.000000 0.014118 0.988152 -0.152830 9.226300 0.018304 0.152564 0.988124 1.577100 0.000000 0.000000 0.000000 1.000000
0.999773 -0.015488 -0.014624 -0.000000 0.013080 0.988225 -0.152445 9.226300 0.016813 0.152219 0.988204 1.577100 0.000000 0.000000 0.000000 1.000000
0.999806 -0.014143 -0.013742 0.000000 0.011884 0.988241 -0.152440 9.226300 0.015736 0.152247 0.988217 1.577100 0.000000 0.000000 0.000000 1.000000
0.999829 -0.012812 -0.013303 -0.000000 0.010632 0.988224 -0.152645 9.226300 0.015102 0.152477 0.988192 1.577100 0.000000 0.000000 0.000000 1.000000
0.999846 -0.011523 -0.013230 -0.000000 0.009366 0.988200 -0.152882 9.226300 0.014835 0.152734 0.988156 1.577100 0.000000 0.000000 0.000000 1.000000
0.999857 -0.010310 -0.013386 -0.000000 0.008141 0.988187 -0.153039 9.226300 0.014806 0.152908 0.988130 1.577100 0.000000 0.000000 0.000000 1.000000
0.999864 -0.009227 -0.013643 0.000000 0.007031 0.988188 -0.153086 9.226300 0.014895 0.152970 0.988119 1.577100 0.000000 0.000000 0.000000 1.000000
0.999868 -0.008317 -0.013927 0.000000 0.006088 0.988199 -0.153057 9.226300 0.015036 0.152953 0.988119 1.577100 0.000000 0.000000 0.000000 1.000000
0.999870 -0.007576 -0.014214 -0.000000 0.005313 0.988212 -0.153000 9.226300 0.015205 0.152904 0.988124 1.577100 0.000000 0.000000 0.000000 1.000000
0.999871 -0.006952 -0.014496 -0.000000 0.004654 0.988225 -0.152936 9.226300 0.015389 0.152849 0.988130 1.577100 0.000000 0.000000 0.000000 1.000000
0.999871 -0.006371 -0.014751 0.000000 0.004042 0.988240 -0.152856 9.226300 0.015551 0.152777 0.988138 1.577100 0.000000 0.000000 0.000000 1.000000
0.999872 -0.005779 -0.014919 0.000000 0.003433 0.988263 -0.152724 9.226300 0.015627 0.152653 0.988156 1.577100 0.000000 0.000000 0.000000 1.000000
0.999875 -0.005158 -0.014919 0.000000 0.002823 0.988298 -0.152510 9.226300 0.015531 0.152449 0.988189 1.577100 0.000000 0.000000 0.000000 1.000000
0.999882 -0.004513 -0.014676 0.000000 0.002227 0.988345 -0.152212 9.226300 0.015192 0.152161 0.988239 1.577100 0.000000 0.000000 0.000000 1.000000
0.999892 -0.003857 -0.014160 0.000000 0.001662 0.988399 -0.151869 9.226300 0.014581 0.151829 0.988299 1.577100 0.000000 0.000000 0.000000 1.000000
0.999905 -0.003207 -0.013402 -0.000000 0.001139 0.988447 -0.151563 9.226300 0.013734 0.151533 0.988357 1.577100 0.000000 0.000000 0.000000 1.000000
0.999919 -0.002581 -0.012497 0.000000 0.000659 0.988473 -0.151396 9.226300 0.012743 0.151375 0.988394 1.577100 0.000000 0.000000 0.000000 1.000000
0.999931 -0.002009 -0.011570 -0.000000 0.000233 0.988462 -0.151467 9.226300 0.011741 0.151454 0.988395 1.577100 0.000000 0.000000 0.000000 1.000000
0.999941 -0.001539 -0.010742 0.000000 -0.000110 0.988404 -0.151846 9.226300 0.010851 0.151839 0.988346 1.577100 0.000000 0.000000 0.000000 1.000000
0.999948 -0.001241 -0.010078 0.000000 -0.000311 0.988295 -0.152558 9.226300 0.010150 0.152553 0.988243 1.577100 0.000000 0.000000 0.000000 1.000000
0.999954 -0.001200 -0.009566 0.000000 -0.000283 0.988138 -0.153569 9.226300 0.009637 0.153564 0.988092 1.577100 0.000000 0.000000 0.000000 1.000000
0.999957 -0.001497 -0.009115 0.000000 0.000068 0.987946 -0.154797 9.226300 0.009237 0.154790 0.987904 1.577100 0.000000 0.000000 0.000000 1.000000
0.999961 -0.002137 -0.008622 -0.000000 0.000764 0.987738 -0.156118 9.226300 0.008849 0.156105 0.987701 1.577100 0.000000 0.000000 0.000000 1.000000
0.999963 -0.003063 -0.008002 -0.000000 0.001766 0.987536 -0.157385 9.226300 0.008384 0.157365 0.987505 1.577100 0.000000 0.000000 0.000000 1.000000
0.999965 -0.004210 -0.007230 -0.000000 0.003012 0.987363 -0.158448 9.226300 0.007806 0.158421 0.987341 1.577100 0.000000 0.000000 0.000000 1.000000
0.999965 -0.005457 -0.006410 0.000000 0.004368 0.987241 -0.159172 9.226300 0.007197 0.159138 0.987230 1.577100 0.000000 0.000000 0.000000 1.000000
0.999961 -0.006741 -0.005740 0.000000 0.005739 0.987187 -0.159462 9.226300 0.006742 0.159422 0.987187 1.577100 0.000000 0.000000 0.000000 1.000000
0.999953 -0.008041 -0.005481 0.000000 0.007066 0.987207 -0.159288 9.226300 0.006692 0.159242 0.987217 1.577100 0.000000 0.000000 0.000000 1.000000
0.999939 -0.009391 -0.005867 0.000000 0.008341 0.987290 -0.158709 9.226300 0.007283 0.158650 0.987308 1.577100 0.000000 0.000000 0.000000 1.000000
0.999917 -0.010840 -0.007024 0.000000 0.009596 0.987412 -0.157875 9.226300 0.008647 0.157795 0.987434 1.577100 0.000000 0.000000 0.000000 1.000000
0.999883 -0.012413 -0.008911 0.000000 0.010860 0.987538 -0.157008 9.226300 0.010749 0.156893 0.987557 1.577100 0.000000 0.000000 0.000000 1.000000
0.999837 -0.014067 -0.011327 -0.000000 0.012124 0.987629 -0.156340 9.226300 0.013386 0.156177 0.987638 1.577100 0.000000 0.000000 0.000000 1.000000
0.999779 -0.015688 -0.013972 -0.000000 0.013317 0.987660 -0.156044 9.226300 0.016247 0.155824 0.987651 1.577100 0.000000 0.000000 0.000000 1.000000
0.999717 -0.017107 -0.016536 0.000000 0.014317 0.987626 -0.156175 9.226300 0.019003 0.155894 0.987591 1.577100 0.000000 0.000000 0.000000 1.000000
0.999659 -0.018118 -0.018789 0.000000 0.014955 0.987543 -0.156638 9.226300 0.021393 0.156303 0.987477 1.577100 0.000000 0.000000 0.000000 1.000000
0.999615 -0.018592 -0.020589 -0.000000 0.015127 0.987448 -0.157220 9.226300 0.023254 0.156848 0.987349 1.577100 0.000000 0.000000 0.000000 1.000000
0.999590 -0.018423 -0.021921 0.000000 0.014741 0.987383 -0.157662 9.226300 0.024549 0.157274 0.987250 1.577100 0.000000 0.000000 0.000000 1.000000
0.999584 -0.017602 -0.022837 -0.000000 0.013784 0.987384 -0.157745 9.226300 0.025325 0.157365 0.987216 1.577100 0.000000 0.000000 0.000000 1.000000
0.999594 -0.016172 -0.023438 0.000000 0.012285 0.987461 -0.157387 9.226300 0.025690 0.157035 0.987259 1.577100 0.000000 0.000000 0.000000 1.000000
0.999615 -0.014239 -0.023825 0.000000 0.010334 0.987597 -0.156671 9.226300 0.025761 0.156365 0.987363 1.577100 0.000000 0.000000 0.000000 1.000000
0.999638 -0.012008 -0.024068 -0.000000 0.008113 0.987752 -0.155818 9.226300 0.025644 0.155566 0.987493 1.577100 0.000000 0.000000 0.000000 1.000000
0.999659 -0.009738 -0.024230 0.000000 0.005864 0.987882 -0.155095 9.226300 0.025446 0.154900 0.987602 1.577100 0.000000 0.000000 0.000000 1.000000
0.999673 -0.007707 -0.024386 -0.000000 0.003842 0.987952 -0.154713 9.226300 0.025285 0.154569 0.987658 1.577100 0.000000 0.000000 0.000000 1.000000
0.999678 -0.006174 -0.024609 -0.000000 0.002292 0.987950 -0.154754 9.226300 0.025268 0.154648 0.987646 1.577100 0.000000 0.000000 0.000000 1.000000
0.999675 -0.005321 -0.024931 -0.000000 0.001389 0.987889 -0.155159 9.226300 0.025454 0.155074 0.987575 1.577100 0.000000 0.000000 0.000000 1.000000
0.999666 -0.005203 -0.025314 0.000000 0.001197 0.987791 -0.155780 9.226300 0.025815 0.155698 0.987467 1.577100 0.000000 0.000000 0.000000 1.000000
0.999655 -0.005733 -0.025643 0.000000 0.001651 0.987684 -0.156455 9.226300 0.026224 0.156359 0.987352 1.577100 0.000000 0.000000 0.000000 1.000000
0.999645 -0.006726 -0.025775 -0.000000 0.002595 0.987584 -0.157071 9.226300 0.026511 0.156948 0.987251 1.577100 0.000000 0.000000 0.000000 1.000000
0.999640 -0.007983 -0.025608 0.000000 0.003849 0.987498 -0.157582 9.226300 0.026545 0.157427 0.987174 1.577100 0.000000 0.000000 0.000000 1.000000
0.999640 -0.009355 -0.025148 0.000000 0.005265 0.987424 -0.158007 9.226300 0.026310 0.157817 0.987118 1.577100 0.000000 0.000000 0.000000 1.000000
0.999641 -0.010782 -0.024520 -0.000000 0.006764 0.987354 -0.158386 9.226300 0.025918 0.158163 0.987073 1.577100 0.000000 0.000000 0.000000 1.000000
0.999639 -0.012274 -0.023920 0.000000 0.008324 0.987283 -0.158753 9.226300 0.025565 0.158496 0.987029 1.577100 0.000000 0.000000 0.000000 1.000000
0.999627 -0.013861 -0.023533 -0.000000 0.009943 0.987209 -0.159120 9.226300 0.025438 0.158827 0.986979 1.577100 0.000000 0.000000 0.000000 1.000000
0.999604 -0.015521 -0.023455 -0.000000 0.011585 0.987131 -0.159495 9.226300 0.025629 0.159160 0.986920 1.577100 0.000000 0.000000 0.000000 1.000000
0.999573 -0.017145 -0.023660 0.000000 0.013145 0.987046 -0.159895 9.226300 0.026095 0.159516 0.986850 1.577100 0.000000 0.000000 0.000000 1.000000
0.999540 -0.018560 -0.024003 0.000000 0.014475 0.986952 -0.160362 9.226300 0.026667 0.159941 0.986766 1.577100 0.000000 0.000000 0.000000 1.000000
0.999513 -0.019585 -0.024283 0.000000 0.015426 0.986842 -0.160948 9.226300 0.027116 0.160495 0.986664 1.577100 0.000000 0.000000 0.000000 1.000000
0.999502 -0.020063 -0.024348 0.000000 0.015867 0.986713 -0.161695 9.226300 0.027269 0.161229 0.986540 1.577100 0.000000 0.000000 0.000000 1.000000
0.999509 -0.020012 -0.024116 0.000000 0.015829 0.986562 -0.162616 9.226300 0.027046 0.162154 0.986395 1.577100 0.000000 0.000000 0.000000 1.000000
0.999529 -0.019607 -0.023622 0.000000 0.015481 0.986393 -0.163676 9.226300 0.026510 0.163233 0.986231 1.577100 0.000000 0.000000 0.000000 1.000000
0.999552 -0.019135 -0.022994 0.000000 0.015089 0.986212 -0.164796 9.226300 0.025830 0.164376 0.986060 1.577100 0.000000 0.000000 0.000000 1.000000
0.999572 -0.018894 -0.022345 0.000000 0.014931 0.986036 -0.165862 9.226300 0.025167 0.165457 0.985896 1.577100 0.000000 0.000000 0.000000 1.000000
