<?xml version="1.0" encoding="utf-8"?>
<COLLADA xmlns="http://www.collada.org/2005/11/COLLADASchema" version="1.4.1">
  <asset><contributor><author>Mixamo</author><authoring_tool>COLLADA Mixamo exporter</authoring_tool><comments></comments></contributor><created>2018-10-29T17:15:12Z</created><modified>2018-10-29T17:15:12Z</modified><revision></revision><title></title><unit meter="0.010000"/><up_axis>Y_UP</up_axis></asset>
  <library_animations>
    <animation id="Zombie_Hips-anim" name="Zombie_Hips"><source id="Zombie_Hips-Matrix-animation-input"><float_array id="Zombie_Hips-Matrix-animation-input-array" count="122">

0.000000 0.033333 0.066667 0.100000 0.133333 0.166667 0.200000 0.233333 0.266667 0.300000 0.333333 0.366667 0.400000 0.433333 0.466667 0.500000
0.533333 0.566667 0.600000 0.633333 0.666667 0.700000 0.733333 0.766667 0.800000 0.833333 0.866667 0.900000 0.933333 0.966667 1.000000 1.033333
1.066667 1.100000 1.133333 1.166667 1.200000 1.233333 1.266667 1.300000 1.333333 1.366667 1.400000 1.433333 1.466667 1.500000 1.533333 1.566667
1.600000 1.633333 1.666667 1.700000 1.733333 1.766667 1.800000 1.833333 1.866667 1.900000 1.933333 1.966667 2.000000 2.033333 2.066667 2.100000
2.133333 2.166667 2.200000 2.233333 2.266667 2.300000 2.333333 2.366667 2.400000 2.433333 2.466667 2.500000 2.533333 2.566667 2.600000 2.633333
2.666667 2.700000 2.733333 2.766667 2.800000 2.833333 2.866667 2.900000 2.933333 2.966667 3.000000 3.033333 3.066667 3.100000 3.133333 3.166667
3.200000 3.233333 3.266667 3.300000 3.333333 3.366667 3.400000 3.433333 3.466667 3.500000 3.533333 3.566667 3.600000 3.633333 3.666667 3.700000
3.733333 3.766667 3.800000 3.833333 3.866667 3.900000 3.933333 3.966667 4.000000 4.033333</float_array><technique_common><accessor source="#Zombie_Hips-Matrix-animation-input-array" count="122"><param name="TIME" type="float"/></accessor></technique_common></source><source id="Zombie_Hips-Matrix-animation-output-transform"><float_array id="Zombie_Hips-Matrix-animation-output-transform-array" count="1952">

0.918697 0.024790 0.394185 -0.733932 0.005645 0.997102 -0.075862 90.172234 -0.394924 0.071919 0.915895 -2.244677 0.000000 0.000000 0.000000 1.000000
0.924681 0.029985 0.379560 -0.395968 -0.001387 0.997153 -0.075395 90.038116 -0.380740 0.069190 0.922090 -0.796633 0.000000 0.000000 0.000000 1.000000
0.934064 0.034655 0.355419 0.092724 -0.008982 0.997245 -0.073629 89.903931 -0.356991 0.065582 0.931803 0.764017 0.000000 0.000000 0.000000 1.000000
0.946877 0.039591 0.319150 0.759827 -0.017703 0.997305 -0.071194 89.712555 -0.321109 0.061762 0.945026 2.424824 0.000000 0.000000 0.000000 1.000000
0.962398 0.041438 0.268464 1.634302 -0.024322 0.997472 -0.066771 89.485893 -0.270552 0.057731 0.960973 4.174042 0.000000 0.000000 0.000000 1.000000
0.979015 0.037216 0.200359 2.776760 -0.026286 0.998032 -0.056937 89.212051 -0.202084 0.050476 0.978067 6.015618 0.000000 0.000000 0.000000 1.000000
0.993360 0.026938 0.111851 4.206859 -0.022621 0.998956 -0.039682 88.879608 -0.112803 0.036888 0.992932 7.939655 0.000000 0.000000 0.000000 1.000000
0.999861 0.016519 0.002147 5.889533 -0.016478 0.999708 -0.017693 88.373405 -0.002438 0.017655 0.999841 9.940861 0.000000 0.000000 0.000000 1.000000
0.992314 0.011044 -0.123252 7.768699 -0.010863 0.999939 0.002145 87.567291 0.123268 -0.000790 0.992373 12.006618 0.000000 0.000000 0.000000 1.000000
0.967758 0.010354 -0.251668 9.734705 -0.007404 0.999892 0.012666 86.417389 0.251772 -0.010394 0.967731 14.126851 0.000000 0.000000 0.000000 1.000000
0.930370 0.012559 -0.366408 11.730329 -0.009047 0.999895 0.011301 85.016037 0.366512 -0.007200 0.930386 16.240442 0.000000 0.000000 0.000000 1.000000
0.892289 0.015718 -0.451191 13.672374 -0.016017 0.999867 0.003156 83.628334 0.451180 0.004410 0.892422 18.370544 0.000000 0.000000 0.000000 1.000000
0.865524 0.027875 -0.500091 15.534271 -0.033581 0.999433 -0.002413 82.278511 0.499740 0.018882 0.865969 20.369080 0.000000 0.000000 0.000000 1.000000
0.854725 0.043824 -0.517228 17.175224 -0.054230 0.998516 -0.005014 81.222992 0.516240 0.032335 0.855833 22.136862 0.000000 0.000000 0.000000 1.000000
0.855045 0.052950 -0.515844 18.489929 -0.070370 0.997419 -0.014260 80.698753 0.513757 0.048493 0.856564 23.584309 0.000000 0.000000 0.000000 1.000000
0.859807 0.050168 -0.508149 19.463236 -0.080272 0.996068 -0.037485 80.759338 0.504270 0.073020 0.860453 24.670696 0.000000 0.000000 0.000000 1.000000
0.866548 0.041057 -0.497402 20.154558 -0.087214 0.993733 -0.069914 81.239471 0.491414 0.103964 0.864699 25.466179 0.000000 0.000000 0.000000 1.000000
0.875418 0.034157 -0.482158 20.646757 -0.093420 0.990649 -0.099437 81.890526 0.474253 0.132092 0.870423 26.116053 0.000000 0.000000 0.000000 1.000000
0.885157 0.032168 -0.464179 21.010056 -0.098089 0.988088 -0.118575 82.518066 0.454835 0.150489 0.877769 26.741341 0.000000 0.000000 0.000000 1.000000
0.893391 0.032696 -0.448090 21.290237 -0.100637 0.986569 -0.128661 83.022476 0.437865 0.160039 0.884682 27.390696 0.000000 0.000000 0.000000 1.000000
0.899228 0.033712 -0.436180 21.511749 -0.102177 0.985636 -0.134468 83.377266 0.425382 0.165485 0.889756 28.075932 0.000000 0.000000 0.000000 1.000000
0.903395 0.034814 -0.427394 21.691845 -0.103526 0.984923 -0.138597 83.592690 0.416125 0.169454 0.893379 28.814404 0.000000 0.000000 0.000000 1.000000
0.906556 0.035023 -0.420630 21.860380 -0.103546 0.984553 -0.141188 83.689110 0.409188 0.171549 0.896179 29.622765 0.000000 0.000000 0.000000 1.000000
0.908561 0.032518 -0.416484 22.066240 -0.100497 0.984701 -0.142350 83.686661 0.405483 0.171189 0.897930 30.491154 0.000000 0.000000 0.000000 1.000000
0.909100 0.026647 -0.415724 22.358755 -0.094311 0.985206 -0.143089 83.600006 0.405761 0.169289 0.898164 31.388315 0.000000 0.000000 0.000000 1.000000
0.908325 0.018717 -0.417845 22.761507 -0.086700 0.985726 -0.144318 83.439240 0.409180 0.167315 0.896983 32.292423 0.000000 0.000000 0.000000 1.000000
0.906647 0.010374 -0.421763 23.267378 -0.079173 0.986120 -0.145941 83.216270 0.414395 0.165709 0.894884 33.215748 0.000000 0.000000 0.000000 1.000000
0.904064 0.002188 -0.427391 23.855755 -0.071876 0.986523 -0.146989 82.949417 0.421309 0.163607 0.892038 34.202263 0.000000 0.000000 0.000000 1.000000
0.900009 -0.005689 -0.435833 24.505457 -0.064611 0.987127 -0.146308 82.655235 0.431055 0.159838 0.888056 35.292370 0.000000 0.000000 0.000000 1.000000
0.894028 -0.012111 -0.447847 25.199688 -0.058422 0.987947 -0.143343 82.344650 0.444185 0.154317 0.882545 36.491409 0.000000 0.000000 0.000000 1.000000
0.886529 -0.015510 -0.462413 25.934076 -0.055097 0.988787 -0.138797 82.050850 0.459381 0.148525 0.875734 37.775387 0.000000 0.000000 0.000000 1.000000
0.878440 -0.015734 -0.477593 26.715710 -0.055224 0.989418 -0.134170 81.831367 0.474651 0.144234 0.868276 39.124050 0.000000 0.000000 0.000000 1.000000
0.870460 -0.013252 -0.492061 27.551481 -0.058472 0.989776 -0.130094 81.786079 0.488754 0.142013 0.860785 40.558136 0.000000 0.000000 0.000000 1.000000
0.862876 -0.008261 -0.505349 28.401899 -0.063782 0.990093 -0.125091 81.980431 0.501375 0.140170 0.853800 42.074097 0.000000 0.000000 0.000000 1.000000
0.861226 0.000644 -0.508222 29.180351 -0.070454 0.990495 -0.118136 82.386444 0.503315 0.137548 0.853085 43.588642 0.000000 0.000000 0.000000 1.000000
0.859919 0.009766 -0.510338 29.793810 -0.076743 0.990925 -0.110350 82.908012 0.504629 0.134057 0.852865 44.967136 0.000000 0.000000 0.000000 1.000000
0.859087 0.018974 -0.511478 30.196486 -0.082570 0.991361 -0.101910 83.449112 0.505125 0.129782 0.853232 46.135925 0.000000 0.000000 0.000000 1.000000
0.858847 0.029007 -0.511410 30.435085 -0.088876 0.991691 -0.093006 83.965172 0.504463 0.125330 0.854289 47.116131 0.000000 0.000000 0.000000 1.000000
0.859254 0.040261 -0.509962 30.578981 -0.096234 0.991821 -0.083845 84.383278 0.502415 0.121120 0.856101 47.988491 0.000000 0.000000 0.000000 1.000000
0.860294 0.052751 -0.507061 30.678322 -0.104778 0.991694 -0.074601 84.726830 0.498914 0.117307 0.858675 48.828815 0.000000 0.000000 0.000000 1.000000
0.861977 0.065402 -0.502712 30.745565 -0.113388 0.991393 -0.065443 85.043205 0.494105 0.113412 0.861973 49.664276 0.000000 0.000000 0.000000 1.000000
0.864342 0.077560 -0.496888 30.769854 -0.121430 0.990988 -0.056545 85.319420 0.488024 0.109211 0.865971 50.488499 0.000000 0.000000 0.000000 1.000000
0.867445 0.089476 -0.489422 30.734606 -0.129303 0.990438 -0.048103 85.570908 0.480438 0.105010 0.870719 51.325130 0.000000 0.000000 0.000000 1.000000
0.871316 0.101169 -0.480181 30.622004 -0.137128 0.989733 -0.040300 85.803329 0.471174 0.100960 0.876243 52.187618 0.000000 0.000000 0.000000 1.000000
0.875959 0.112333 -0.469123 30.426580 -0.144645 0.988924 -0.033284 86.016914 0.460188 0.097012 0.882505 53.090626 0.000000 0.000000 0.000000 1.000000
0.881414 0.122581 -0.456161 30.157862 -0.151506 0.988081 -0.027224 86.208313 0.447387 0.093107 0.889481 54.019062 0.000000 0.000000 0.000000 1.000000
0.887704 0.131619 -0.441200 29.824287 -0.157454 0.987275 -0.022278 86.376740 0.432653 0.089245 0.897132 54.940449 0.000000 0.000000 0.000000 1.000000
0.894836 0.139164 -0.424148 29.401251 -0.162243 0.986576 -0.018590 86.521767 0.415867 0.085450 0.905402 55.852871 0.000000 0.000000 0.000000 1.000000
0.902796 0.144988 -0.404892 28.839432 -0.165665 0.986047 -0.016292 86.643600 0.396880 0.081785 0.914219 56.809452 0.000000 0.000000 0.000000 1.000000
0.911531 0.149046 -0.383271 28.140997 -0.167665 0.985723 -0.015430 86.738640 0.375500 0.078327 0.923507 57.862778 0.000000 0.000000 0.000000 1.000000
0.920782 0.152542 -0.359015 27.417225 -0.169337 0.985435 -0.015603 86.807648 0.351405 0.075161 0.933202 58.995663 0.000000 0.000000 0.000000 1.000000
0.930346 0.155192 -0.332221 26.806610 -0.170312 0.985249 -0.016695 86.842522 0.324730 0.072114 0.943054 60.121410 0.000000 0.000000 0.000000 1.000000
0.940020 0.156621 -0.303038 26.352900 -0.170169 0.985238 -0.018653 86.839424 0.295644 0.069102 0.952796 61.188713 0.000000 0.000000 0.000000 1.000000
0.949611 0.156390 -0.271627 25.983427 -0.168420 0.985483 -0.021403 86.791321 0.264336 0.066072 0.962165 62.229687 0.000000 0.000000 0.000000 1.000000
0.958907 0.154169 -0.238181 25.605371 -0.164702 0.986030 -0.024846 86.692345 0.231023 0.063054 0.970903 63.318935 0.000000 0.000000 0.000000 1.000000
0.967529 0.151192 -0.202553 25.189083 -0.160231 0.986656 -0.028899 86.550468 0.195481 0.060416 0.978845 64.497871 0.000000 0.000000 0.000000 1.000000
0.975365 0.146527 -0.164902 24.745245 -0.154006 0.987504 -0.033451 86.364189 0.157939 0.058022 0.985743 65.736374 0.000000 0.000000 0.000000 1.000000
0.982176 0.140183 -0.125217 24.287872 -0.145985 0.988542 -0.038382 86.142593 0.118402 0.055977 0.991387 67.017746 0.000000 0.000000 0.000000 1.000000
0.987611 0.132882 -0.083465 23.824011 -0.136836 0.989636 -0.043558 85.914604 0.076812 0.054439 0.995558 68.371193 0.000000 0.000000 0.000000 1.000000
0.991300 0.125466 -0.039778 23.353226 -0.127343 0.990656 -0.048830 85.709984 0.033280 0.053471 0.998015 69.835060 0.000000 0.000000 0.000000 1.000000
0.992957 0.118345 0.005530 22.842831 -0.117877 0.991557 -0.054033 85.533951 -0.011878 0.053001 0.998524 71.400368 0.000000 0.000000 0.000000 1.000000
0.992429 0.111218 0.052100 22.217777 -0.108116 0.992387 -0.058984 85.384605 -0.058263 0.052905 0.996898 72.990677 0.000000 0.000000 0.000000 1.000000
0.989628 0.103480 0.099641 21.425629 -0.097463 0.993212 -0.063486 85.249268 -0.105534 0.053117 0.992996 74.513298 0.000000 0.000000 0.000000 1.000000
0.984230 0.097491 0.147605 20.518669 -0.088327 0.993806 -0.067434 85.243347 -0.153265 0.053333 0.986745 75.894196 0.000000 0.000000 0.000000 1.000000
0.976453 0.089931 0.196093 19.539431 -0.077427 0.994499 -0.070541 85.251015 -0.201358 0.053697 0.978045 77.136024 0.000000 0.000000 0.000000 1.000000
0.965624 0.076320 0.248488 18.472656 -0.059960 0.995545 -0.072766 85.177567 -0.252935 0.055365 0.965898 78.279564 0.000000 0.000000 0.000000 1.000000
0.950279 0.055963 0.306331 17.298361 -0.034931 0.996667 -0.073718 85.025398 -0.309435 0.059352 0.949067 79.335144 0.000000 0.000000 0.000000 1.000000
0.929712 0.029183 0.367130 15.981647 -0.002590 0.997349 -0.072720 84.739090 -0.368279 0.066658 0.927323 80.369171 0.000000 0.000000 0.000000 1.000000
0.903441 -0.000054 0.428712 14.547966 0.032954 0.997050 -0.069321 84.380928 -0.427443 0.076756 0.900778 81.376663 0.000000 0.000000 0.000000 1.000000
0.872286 -0.028014 0.488193 13.051318 0.067634 0.995674 -0.063711 84.039307 -0.484296 0.088593 0.870407 82.351479 0.000000 0.000000 0.000000 1.000000
0.837878 -0.052528 0.543325 11.533810 0.098882 0.993497 -0.056439 83.739243 -0.536827 0.101014 0.837623 83.304703 0.000000 0.000000 0.000000 1.000000
0.828061 -0.015557 0.560422 9.732748 0.086931 0.991088 -0.100934 82.857193 -0.553857 0.132297 0.822034 84.477989 0.000000 0.000000 0.000000 1.000000
0.825371 0.009241 0.564515 8.246819 0.079160 0.988095 -0.131914 82.535995 -0.559014 0.153565 0.814813 85.577911 0.000000 0.000000 0.000000 1.000000
0.826040 0.022491 0.563163 7.150600 0.077866 0.985068 -0.153553 82.759750 -0.558207 0.170693 0.811954 86.530991 0.000000 0.000000 0.000000 1.000000
0.826532 0.029826 0.562099 6.419824 0.082567 0.981370 -0.173483 83.352760 -0.556802 0.189800 0.808670 87.285980 0.000000 0.000000 0.000000 1.000000
0.827112 0.035639 0.560906 5.943633 0.089510 0.976897 -0.194062 84.051376 -0.554864 0.210717 0.804813 87.881058 0.000000 0.000000 0.000000 1.000000
0.829735 0.039564 0.556753 5.623802 0.094495 0.973129 -0.209980 84.652229 -0.550100 0.226838 0.803701 88.400848 0.000000 0.000000 0.000000 1.000000
0.834359 0.040424 0.549738 5.408299 0.095225 0.971743 -0.215982 85.058090 -0.542934 0.232555 0.806933 88.895821 0.000000 0.000000 0.000000 1.000000
0.839643 0.038870 0.541747 5.265552 0.092027 0.972833 -0.212430 85.274261 -0.535286 0.228221 0.813255 89.363281 0.000000 0.000000 0.000000 1.000000
0.845287 0.036277 0.533080 5.167499 0.086355 0.975301 -0.203301 85.353172 -0.527288 0.217881 0.821276 89.793243 0.000000 0.000000 0.000000 1.000000
0.851679 0.033443 0.522995 5.078237 0.079763 0.978063 -0.192434 85.339233 -0.517958 0.205608 0.830328 90.199890 0.000000 0.000000 0.000000 1.000000
0.858540 0.031863 0.511755 4.957074 0.072778 0.980390 -0.183138 85.247543 -0.507555 0.194476 0.839385 90.606346 0.000000 0.000000 0.000000 1.000000
0.865227 0.033987 0.500227 4.756294 0.064786 0.981757 -0.178761 85.107361 -0.497177 0.187077 0.847241 91.030373 0.000000 0.000000 0.000000 1.000000
0.871422 0.040608 0.488851 4.430731 0.055551 0.981987 -0.180596 84.958138 -0.487379 0.184532 0.853469 91.500816 0.000000 0.000000 0.000000 1.000000
0.876984 0.049872 0.477924 3.954975 0.045519 0.981505 -0.185948 84.832283 -0.478359 0.184828 0.858494 92.046082 0.000000 0.000000 0.000000 1.000000
0.881479 0.058889 0.468538 3.329486 0.035682 0.981051 -0.190436 84.715424 -0.470874 0.184584 0.862674 92.671310 0.000000 0.000000 0.000000 1.000000
0.884430 0.066729 0.461878 2.576391 0.026738 0.980853 -0.192906 84.578636 -0.465906 0.182962 0.865711 93.351921 0.000000 0.000000 0.000000 1.000000
0.885270 0.075167 0.458964 1.730894 0.018682 0.980308 -0.196587 84.398949 -0.464703 0.182607 0.866433 94.066124 0.000000 0.000000 0.000000 1.000000
0.882893 0.086175 0.461600 0.825030 0.011505 0.978752 -0.204726 84.188507 -0.469434 0.186062 0.863141 94.829605 0.000000 0.000000 0.000000 1.000000
0.875879 0.098593 0.472351 -0.119303 0.006351 0.976463 -0.215593 83.968193 -0.482489 0.191833 0.854637 95.676796 0.000000 0.000000 0.000000 1.000000
0.864081 0.108036 0.491623 -1.078741 0.005041 0.974788 -0.223074 83.738686 -0.503328 0.195232 0.841751 96.607132 0.000000 0.000000 0.000000 1.000000
0.849702 0.110351 0.515586 -2.027886 0.008732 0.974774 -0.223023 83.526375 -0.527191 0.194005 0.827304 97.592354 0.000000 0.000000 0.000000 1.000000
0.835767 0.107663 0.538425 -2.896595 0.014868 0.975791 -0.218198 83.333549 -0.548883 0.190368 0.813934 98.567284 0.000000 0.000000 0.000000 1.000000
0.824018 0.104737 0.556799 -3.662539 0.021547 0.976260 -0.215528 83.225273 -0.566154 0.189596 0.802199 99.521080 0.000000 0.000000 0.000000 1.000000
0.814780 0.104398 0.570294 -4.329225 0.027818 0.975482 -0.218315 83.241928 -0.579103 0.193743 0.791899 100.472633 0.000000 0.000000 0.000000 1.000000
0.808311 0.105575 0.579212 -4.913520 0.032966 0.974131 -0.223565 83.381836 -0.587832 0.199804 0.783921 101.460480 0.000000 0.000000 0.000000 1.000000
0.804394 0.106121 0.584541 -5.422257 0.036364 0.973278 -0.226734 83.644463 -0.592982 0.203640 0.779040 102.533333 0.000000 0.000000 0.000000 1.000000
0.800921 0.105838 0.589342 -5.828241 0.037811 0.973350 -0.226187 84.018204 -0.597575 0.203442 0.775574 103.688950 0.000000 0.000000 0.000000 1.000000
0.794972 0.104238 0.597624 -6.104535 0.039396 0.974177 -0.222322 84.495804 -0.605366 0.200283 0.770337 104.868431 0.000000 0.000000 0.000000 1.000000
0.786083 0.098825 0.610169 -6.244361 0.044060 0.975667 -0.214785 85.066216 -0.616548 0.195723 0.762601 105.994896 0.000000 0.000000 0.000000 1.000000
0.777750 0.088209 0.622353 -6.253154 0.051522 0.977827 -0.202978 85.686577 -0.626458 0.189931 0.755961 107.021744 0.000000 0.000000 0.000000 1.000000
0.775105 0.074133 0.627469 -6.161318 0.058964 0.980272 -0.188653 86.325653 -0.629075 0.183224 0.755442 107.976654 0.000000 0.000000 0.000000 1.000000
0.780550 0.060387 0.622169 -6.009703 0.063740 0.982446 -0.175322 86.969482 -0.621834 0.176505 0.762999 108.913712 0.000000 0.000000 0.000000 1.000000
0.791747 0.049478 0.608842 -5.818964 0.065001 0.984231 -0.164512 87.593773 -0.607381 0.169827 0.776046 109.847221 0.000000 0.000000 0.000000 1.000000
0.804243 0.040830 0.592897 -5.581379 0.063717 0.985963 -0.154329 88.155876 -0.590876 0.161896 0.790352 110.752449 0.000000 0.000000 0.000000 1.000000
0.815454 0.032882 0.577887 -5.283057 0.061134 0.987908 -0.142478 88.614571 -0.575584 0.151513 0.803584 111.609161 0.000000 0.000000 0.000000 1.000000
0.825487 0.025355 0.563851 -4.942502 0.058154 0.989853 -0.129649 88.982124 -0.561417 0.139813 0.815637 112.446777 0.000000 0.000000 0.000000 1.000000
0.834963 0.019656 0.549955 -4.605445 0.054860 0.991410 -0.118725 89.306396 -0.547565 0.129302 0.826713 113.322990 0.000000 0.000000 0.000000 1.000000
0.843450 0.016581 0.536952 -4.310886 0.051205 0.992491 -0.111081 89.635384 -0.534762 0.121186 0.836268 114.289963 0.000000 0.000000 0.000000 1.000000
0.850086 0.016446 0.526387 -4.052260 0.045783 0.993420 -0.104976 89.927315 -0.524650 0.113338 0.843739 115.337082 0.000000 0.000000 0.000000 1.000000
0.855190 0.017293 0.518026 -3.804475 0.039146 0.994434 -0.097821 90.156906 -0.516834 0.103934 0.849753 116.443085 0.000000 0.000000 0.000000 1.000000
0.860312 0.017137 0.509480 -3.541824 0.032830 0.995497 -0.088921 90.319603 -0.508710 0.093226 0.855876 117.572601 0.000000 0.000000 0.000000 1.000000
0.866857 0.015670 0.498310 -3.248097 0.027859 0.996422 -0.079798 90.430489 -0.497778 0.083056 0.863319 118.688354 0.000000 0.000000 0.000000 1.000000
0.875029 0.014279 0.483861 -2.914171 0.023945 0.997065 -0.072726 90.505310 -0.483479 0.075223 0.872118 119.768311 0.000000 0.000000 0.000000 1.000000
0.884010 0.014517 0.467242 -2.538781 0.020151 0.997405 -0.069114 90.545273 -0.467033 0.070513 0.881424 120.810303 0.000000 0.000000 0.000000 1.000000
0.892707 0.016179 0.450346 -2.141459 0.016560 0.997502 -0.068663 90.552917 -0.450332 0.068753 0.890210 121.836533 0.000000 0.000000 0.000000 1.000000
0.900221 0.017551 0.435079 -1.766553 0.014269 0.997462 -0.069761 90.531654 -0.435199 0.069009 0.897686 122.882591 0.000000 0.000000 0.000000 1.000000
0.906135 0.015674 0.422698 -1.469819 0.015803 0.997361 -0.070860 90.542862 -0.422693 0.070889 0.903496 124.001770 0.000000 0.000000 0.000000 1.000000
0.910254 0.012760 0.413853 -1.264806 0.018613 0.997253 -0.071687 90.550598 -0.413631 0.072957 0.907517 125.192345 0.000000 0.000000 0.000000 1.000000
0.912945 0.013417 0.407862 -1.113537 0.017924 0.997176 -0.072925 90.480469 -0.407689 0.073888 0.910127 126.425987 0.000000 0.000000 0.000000 1.000000
0.915265 0.018415 0.402431 -0.956691 0.012778 0.997125 -0.074690 90.334908 -0.402649 0.073503 0.912398 127.700974 0.000000 0.000000 0.000000 1.000000
0.918697 0.024790 0.394185 -0.733925 0.005645 0.997102 -0.075862 90.172234 -0.394924 0.071919 0.915895 129.045258 0.000000 0.000000 0.000000 1.000000</float_array><technique_common><accessor source="#Zombie_Hips-Matrix-animation-output-transform-array" count="122" stride="16"><param type="float4x4"/></accessor></technique_common></source><source id="Zombie_Hips-Interpolations"><Name_array id="Zombie_Hips-Interpolations-array" count="122">
 LINEAR LINEAR LINEAR LINEAR LINEAR LINEAR LINEAR LINEAR LINEAR LINEAR LINEAR
LINEAR LINEAR LINEAR LINEAR LINEAR LINEAR LINEAR LINEAR LINEAR LINEAR LINEAR LINEAR
LINEAR LINEAR LINEAR LINEAR LINEAR LINEAR LINEAR LINEAR LINEAR LINEAR LINEAR LINEAR
LINEAR LINEAR LINEAR LINEAR LINEAR LINEAR LINEAR LINEAR LINEAR LINEAR LINEAR LINEAR
LINEAR LINEAR LINEAR LINEAR LINEAR LINEAR LINEAR LINEAR LINEAR LINEAR LINEAR LINEAR
LINEAR LINEAR LINEAR LINEAR LINEAR LINEAR LINEAR LINEAR LINEAR LINEAR LINEAR LINEAR
LINEAR LINEAR LINEAR LINEAR LINEAR LINEAR LINEAR LINEAR LINEAR LINEAR LINEAR LINEAR
LINEAR LINEAR LINEAR LINEAR LINEAR LINEAR LINEAR LINEAR LINEAR LINEAR LINEAR LINEAR
LINEAR LINEAR LINEAR LINEAR LINEAR LINEAR LINEAR LINEAR LINEAR LINEAR LINEAR LINEAR
LINEAR LINEAR LINEAR LINEAR LINEAR LINEAR LINEAR LINEAR LINEAR LINEAR LINEAR LINEAR
LINEAR LINEAR LINEAR</Name_array><technique_common><accessor source="#Zombie_Hips-Interpolations-array" count="122"><param type="name"/></accessor></technique_common></source><sampler id="Zombie_Hips-Matrix-animation-transform"><input semantic="INPUT" source="#Zombie_Hips-Matrix-animation-input"/><input semantic="OUTPUT" source="#Zombie_Hips-Matrix-animation-output-transform"/><input semantic="INTERPOLATION" source="#Zombie_Hips-Interpolations"/></sampler><channel source="#Zombie_Hips-Matrix-animation-transform" target="Zombie_Hips/matrix"/></animation>
    <animation id="Zombie_Spine-anim" name="Zombie_Spine"><source id="Zombie_Spine-Matrix-animation-input"><float_array id="Zombie_Spine-Matrix-animation-input-array" count="122">

0.000000 0.033333 0.066667 0.100000 0.133333 0.166667 0.200000 0.233333 0.266667 0.300000 0.333333 0.366667 0.400000 0.433333 0.466667 0.500000
0.533333 0.566667 0.600000 0.633333 0.666667 0.700000 0.733333 0.766667 0.800000 0.833333 0.866667 0.900000 0.933333 0.966667 1.000000 1.033333
1.066667 1.100000 1.133333 1.166667 1.200000 1.233333 1.266667 1.300000 1.333333 1.366667 1.400000 1.433333 1.466667 1.500000 1.533333 1.566667
1.600000 1.633333 1.666667 1.700000 1.733333 1.766667 1.800000 1.833333 1.866667 1.900000 1.933333 1.966667 2.000000 2.033333 2.066667 2.100000
2.133333 2.166667 2.200000 2.233333 2.266667 2.300000 2.333333 2.366667 2.400000 2.433333 2.466667 2.500000 2.533333 2.566667 2.600000 2.633333
2.666667 2.700000 2.733333 2.766667 2.800000 2.833333 2.866667 2.900000 2.933333 2.966667 3.000000 3.033333 3.066667 3.100000 3.133333 3.166667
3.200000 3.233333 3.266667 3.300000 3.333333 3.366667 3.400000 3.433333 3.466667 3.500000 3.533333 3.566667 3.600000 3.633333 3.666667 3.700000
3.733333 3.766667 3.800000 3.833333 3.866667 3.900000 3.933333 3.966667 4.000000 4.033333</float_array><technique_common><accessor source="#Zombie_Spine-Matrix-animation-input-array" count="122"><param name="TIME" type="float"/></accessor></technique_common></source><source id="Zombie_Spine-Matrix-animation-output-transform"><float_array id="Zombie_Spine-Matrix-animation-output-transform-array" count="1952">

0.996570 -0.074148 -0.036754 -0.000000 0.071210 0.994588 -0.075661 9.226300 0.042165 0.072784 0.996456 1.577100 0.000000 0.000000 0.000000 1.000000
0.997041 -0.067913 -0.036010 0.000000 0.065039 0.995005 -0.075736 9.226300 0.040973 0.073169 0.996478 1.577100 0.000000 0.000000 0.000000 1.000000
0.997501 -0.061794 -0.034253 0.000000 0.059046 0.995348 -0.076137 9.226300 0.038799 0.073925 0.996509 1.577100 0.000000 0.000000 0.000000 1.000000
0.997940 -0.056133 -0.031070 0.000000 0.053606 0.995595 -0.076929 9.226300 0.035251 0.075105 0.996552 1.577100 0.000000 0.000000 0.000000 1.000000
0.998404 -0.050042 -0.026185 -0.000000 0.047843 0.995745 -0.078761 9.226300 0.030015 0.077383 0.996550 1.577100 0.000000 0.000000 0.000000 1.000000
0.998937 -0.041817 -0.019403 -0.000000 0.040071 0.995743 -0.083012 9.226300 0.022792 0.082146 0.996360 1.577100 0.000000 0.000000 0.000000 1.000000
0.999503 -0.029724 -0.010477 0.000000 0.028650 0.995445 -0.090929 9.226300 0.013132 0.090584 0.995802 1.577100 0.000000 0.000000 0.000000 1.000000
0.999917 -0.012889 0.000429 0.000000 0.012865 0.994671 -0.102295 9.226300 0.000892 0.102292 0.994754 1.577100 0.000000 0.000000 0.000000 1.000000
0.999893 0.008705 0.011750 -0.000000 -0.007296 0.993333 -0.115053 9.226300 -0.012674 0.114955 0.993290 1.577100 0.000000 0.000000 0.000000 1.000000
0.999231 0.033514 0.020360 0.000000 -0.030675 0.991479 -0.126601 9.226300 -0.024429 0.125879 0.991745 1.577100 0.000000 0.000000 0.000000 1.000000
0.998083 0.057291 0.023398 0.000000 -0.053608 0.989307 -0.135636 9.226300 -0.030918 0.134122 0.990482 1.577100 0.000000 0.000000 0.000000 1.000000
0.997089 0.073254 0.021145 0.000000 -0.069506 0.987304 -0.142826 9.226300 -0.031340 0.140941 0.989522 1.577100 0.000000 0.000000 0.000000 1.000000
0.996784 0.078415 0.016504 0.000000 -0.075078 0.985877 -0.149701 9.226300 -0.028010 0.147981 0.988593 1.577100 0.000000 0.000000 0.000000 1.000000
0.996968 0.076755 0.012818 -0.000000 -0.073814 0.984910 -0.156540 9.226300 -0.024640 0.155119 0.987588 1.577100 0.000000 0.000000 0.000000 1.000000
0.996980 0.076870 0.011056 0.000000 -0.074082 0.984068 -0.161622 9.226300 -0.023304 0.160315 0.986791 1.577100 0.000000 0.000000 0.000000 1.000000
0.996501 0.082935 0.010396 0.000000 -0.080137 0.983333 -0.163203 9.226300 -0.023758 0.161798 0.986538 1.577100 0.000000 0.000000 0.000000 1.000000
0.995753 0.091472 0.010391 0.000000 -0.088597 0.982832 -0.161837 9.226300 -0.025016 0.160229 0.986763 1.577100 0.000000 0.000000 0.000000 1.000000
0.995219 0.096992 0.011485 0.000000 -0.093920 0.982641 -0.159989 9.226300 -0.026804 0.158146 0.987052 1.577100 0.000000 0.000000 0.000000 1.000000
0.995067 0.098210 0.014018 0.000000 -0.094737 0.982642 -0.159496 9.226300 -0.029439 0.157381 0.987099 1.577100 0.000000 0.000000 0.000000 1.000000
0.995043 0.097895 0.017498 0.000000 -0.093858 0.982627 -0.160110 9.226300 -0.032868 0.157674 0.986944 1.577100 0.000000 0.000000 0.000000 1.000000
0.994898 0.098677 0.021010 0.000000 -0.094060 0.982535 -0.160554 9.226300 -0.036486 0.157758 0.986803 1.577100 0.000000 0.000000 0.000000 1.000000
0.994619 0.100762 0.024084 0.000000 -0.095649 0.982440 -0.160198 9.226300 -0.039803 0.157032 0.986791 1.577100 0.000000 0.000000 0.000000 1.000000
0.994310 0.103082 0.026870 0.000000 -0.097542 0.982400 -0.159300 9.226300 -0.042818 0.155773 0.986864 1.577100 0.000000 0.000000 0.000000 1.000000
0.994028 0.105058 0.029501 -0.000000 -0.099138 0.982425 -0.158153 9.226300 -0.045598 0.154283 0.986974 1.577100 0.000000 0.000000 0.000000 1.000000
0.993767 0.106894 0.031644 0.000000 -0.100697 0.982515 -0.156604 9.226300 -0.047831 0.152442 0.987154 1.577100 0.000000 0.000000 0.000000 1.000000
0.993503 0.108976 0.032813 0.000000 -0.102685 0.982651 -0.154443 9.226300 -0.049074 0.150070 0.987457 1.577100 0.000000 0.000000 0.000000 1.000000
0.993209 0.111571 0.032981 0.000000 -0.105356 0.982773 -0.151848 9.226300 -0.049354 0.147342 0.987854 1.577100 0.000000 0.000000 0.000000 1.000000
0.992834 0.114929 0.032754 0.000000 -0.108839 0.982781 -0.149314 9.226300 -0.049350 0.144680 0.988247 1.577100 0.000000 0.000000 0.000000 1.000000
0.992326 0.119183 0.032947 0.000000 -0.113128 0.982611 -0.147232 9.226300 -0.049922 0.142375 0.988553 1.577100 0.000000 0.000000 0.000000 1.000000
0.991716 0.123860 0.034025 0.000000 -0.117689 0.982314 -0.145630 9.226300 -0.051461 0.140419 0.988754 1.577100 0.000000 0.000000 0.000000 1.000000
0.991192 0.127469 0.035919 0.000000 -0.121073 0.982105 -0.144261 9.226300 -0.053665 0.138641 0.988888 1.577100 0.000000 0.000000 0.000000 1.000000
0.991052 0.127867 0.038295 -0.000000 -0.121215 0.982288 -0.142886 9.226300 -0.055887 0.136965 0.988998 1.577100 0.000000 0.000000 0.000000 1.000000
0.991492 0.123585 0.040868 0.000000 -0.116696 0.983030 -0.141541 9.226300 -0.057667 0.135568 0.989088 1.577100 0.000000 0.000000 0.000000 1.000000
0.992403 0.115140 0.043339 0.000000 -0.108043 0.984155 -0.140588 9.226300 -0.058839 0.134838 0.989119 1.577100 0.000000 0.000000 0.000000 1.000000
0.993408 0.105325 0.045249 0.000000 -0.098059 0.985220 -0.140452 9.226300 -0.059374 0.135089 0.989053 1.577100 0.000000 0.000000 0.000000 1.000000
0.994181 0.097310 0.046211 0.000000 -0.089934 0.985885 -0.141220 9.226300 -0.059301 0.136242 0.988899 1.577100 0.000000 0.000000 0.000000 1.000000
0.994613 0.092724 0.046344 0.000000 -0.085289 0.986108 -0.142539 9.226300 -0.058916 0.137818 0.988704 1.577100 0.000000 0.000000 0.000000 1.000000
0.994777 0.090982 0.046272 -0.000000 -0.083491 0.986063 -0.143904 9.226300 -0.058720 0.139289 0.988509 1.577100 0.000000 0.000000 0.000000 1.000000
0.994827 0.090305 0.046515 0.000000 -0.082720 0.985966 -0.145010 9.226300 -0.058957 0.140412 0.988336 1.577100 0.000000 0.000000 0.000000 1.000000
0.994891 0.089338 0.047028 0.000000 -0.081643 0.985941 -0.145791 9.226300 -0.059391 0.141207 0.988197 1.577100 0.000000 0.000000 0.000000 1.000000
0.994986 0.087999 0.047530 0.000000 -0.080220 0.985995 -0.146214 9.226300 -0.059731 0.141668 0.988111 1.577100 0.000000 0.000000 0.000000 1.000000
0.995035 0.087157 0.048045 -0.000000 -0.079319 0.986085 -0.146098 9.226300 -0.060109 0.141562 0.988103 1.577100 0.000000 0.000000 0.000000 1.000000
0.995012 0.087003 0.048808 0.000000 -0.079118 0.986245 -0.145124 9.226300 -0.060763 0.140538 0.988209 1.577100 0.000000 0.000000 0.000000 1.000000
0.994937 0.087335 0.049729 0.000000 -0.079444 0.986517 -0.143085 9.226300 -0.061555 0.138410 0.988460 1.577100 0.000000 0.000000 0.000000 1.000000
0.994872 0.087742 0.050320 -0.000000 -0.079955 0.986909 -0.140061 9.226300 -0.061950 0.135320 0.988863 1.577100 0.000000 0.000000 0.000000 1.000000
0.994852 0.087985 0.050283 0.000000 -0.080428 0.987379 -0.136430 9.226300 -0.061652 0.131684 0.989373 1.577100 0.000000 0.000000 0.000000 1.000000
0.994878 0.087894 0.049917 0.000000 -0.080613 0.987866 -0.132751 9.226300 -0.060980 0.128047 0.989892 1.577100 0.000000 0.000000 0.000000 1.000000
0.994958 0.087094 0.049724 0.000000 -0.080038 0.988333 -0.129584 9.226300 -0.060429 0.124951 0.990321 1.577100 0.000000 0.000000 0.000000 1.000000
0.995124 0.085147 0.049787 0.000000 -0.078240 0.988786 -0.127207 9.226300 -0.060060 0.122692 0.990626 1.577100 0.000000 0.000000 0.000000 1.000000
0.995389 0.081975 0.049816 0.000000 -0.075196 0.989255 -0.125378 9.226300 -0.059559 0.121054 0.990858 1.577100 0.000000 0.000000 0.000000 1.000000
0.995713 0.078035 0.049661 0.000000 -0.071407 0.989766 -0.123549 9.226300 -0.058794 0.119473 0.991095 1.577100 0.000000 0.000000 0.000000 1.000000
0.996028 0.074069 0.049422 -0.000000 -0.067614 0.990287 -0.121488 9.226300 -0.057941 0.117664 0.991362 1.577100 0.000000 0.000000 0.000000 1.000000
0.996283 0.070735 0.049157 0.000000 -0.064440 0.990730 -0.119592 9.226300 -0.057161 0.115979 0.991605 1.577100 0.000000 0.000000 0.000000 1.000000
0.996480 0.068240 0.048698 -0.000000 -0.062079 0.991020 -0.118431 9.226300 -0.056342 0.114990 0.991767 1.577100 0.000000 0.000000 0.000000 1.000000
0.996655 0.066224 0.047889 0.000000 -0.060184 0.991173 -0.118126 9.226300 -0.055289 0.114849 0.991843 1.577100 0.000000 0.000000 0.000000 1.000000
0.996833 0.064333 0.046738 0.000000 -0.058424 0.991252 -0.118347 9.226300 -0.053942 0.115242 0.991872 1.577100 0.000000 0.000000 0.000000 1.000000
0.997004 0.062695 0.045299 0.000000 -0.056940 0.991289 -0.118762 9.226300 -0.052350 0.115827 0.991889 1.577100 0.000000 0.000000 0.000000 1.000000
0.997169 0.061292 0.043554 0.000000 -0.055722 0.991298 -0.119258 9.226300 -0.050485 0.116494 0.991907 1.577100 0.000000 0.000000 0.000000 1.000000
0.997372 0.059414 0.041455 0.000000 -0.054072 0.991321 -0.119831 9.226300 -0.048215 0.117275 0.991928 1.577100 0.000000 0.000000 0.000000 1.000000
0.997661 0.056108 0.039040 -0.000000 -0.051043 0.991404 -0.120465 9.226300 -0.045463 0.118191 0.991950 1.577100 0.000000 0.000000 0.000000 1.000000
0.998040 0.050858 0.036474 0.000000 -0.046100 0.991564 -0.121146 9.226300 -0.042328 0.119227 0.991964 1.577100 0.000000 0.000000 0.000000 1.000000
0.998475 0.043481 0.034005 -0.000000 -0.039037 0.991772 -0.121917 9.226300 -0.039026 0.120403 0.991958 1.577100 0.000000 0.000000 0.000000 1.000000
0.998926 0.033623 0.031883 -0.000000 -0.029468 0.991985 -0.122872 9.226300 -0.035759 0.121801 0.991910 1.577100 0.000000 0.000000 0.000000 1.000000
0.999323 0.020856 0.030306 -0.000000 -0.016944 0.992131 -0.124049 9.226300 -0.032655 0.123452 0.991813 1.577100 0.000000 0.000000 0.000000 1.000000
0.999554 0.006731 0.029088 0.000000 -0.003032 0.992103 -0.125386 9.226300 -0.029702 0.125242 0.991682 1.577100 0.000000 0.000000 0.000000 1.000000
0.999592 -0.006255 0.027864 0.000000 0.009740 0.991884 -0.126771 9.226300 -0.026845 0.126991 0.991541 1.577100 0.000000 0.000000 0.000000 1.000000
0.999518 -0.016398 0.026351 0.000000 0.019644 0.991566 -0.128102 9.226300 -0.024028 0.128558 0.991411 1.577100 0.000000 0.000000 0.000000 1.000000
0.999453 -0.022598 0.024159 0.000000 0.025537 0.991286 -0.129229 9.226300 -0.021028 0.129775 0.991320 1.577100 0.000000 0.000000 0.000000 1.000000
0.999439 -0.025873 0.021277 0.000000 0.028425 0.991110 -0.129974 9.226300 -0.017725 0.130506 0.991289 1.577100 0.000000 0.000000 0.000000 1.000000
0.999369 -0.030137 0.018824 0.000000 0.032340 0.990924 -0.130473 9.226300 -0.014722 0.131000 0.991273 1.577100 0.000000 0.000000 0.000000 1.000000
0.999038 -0.039877 0.018271 0.000000 0.041937 0.990439 -0.131419 9.226300 -0.012856 0.132059 0.991159 1.577100 0.000000 0.000000 0.000000 1.000000
0.998330 -0.054509 0.019143 0.000000 0.056582 0.989440 -0.133440 9.226300 -0.011667 0.134301 0.990872 1.577100 0.000000 0.000000 0.000000 1.000000
0.997473 -0.068474 0.018966 0.000000 0.070424 0.988202 -0.136007 9.226300 -0.009429 0.136999 0.990526 1.577100 0.000000 0.000000 0.000000 1.000000
0.996968 -0.076190 0.015800 -0.000000 0.077643 0.987438 -0.137617 9.226300 -0.005116 0.138427 0.990359 1.577100 0.000000 0.000000 0.000000 1.000000
0.996925 -0.077653 0.010505 0.000000 0.078360 0.987406 -0.137436 9.226300 0.000299 0.137836 0.990455 1.577100 0.000000 0.000000 0.000000 1.000000
0.997067 -0.076348 0.005424 0.000000 0.076373 0.987699 -0.136449 9.226300 0.005061 0.136463 0.990632 1.577100 0.000000 0.000000 0.000000 1.000000
0.997154 -0.075364 0.002058 0.000000 0.074940 0.987815 -0.136399 9.226300 0.008247 0.136165 0.990652 1.577100 0.000000 0.000000 0.000000 1.000000
0.997124 -0.075791 0.000437 0.000000 0.075127 0.987593 -0.137900 9.226300 0.010020 0.137536 0.990446 1.577100 0.000000 0.000000 0.000000 1.000000
0.997021 -0.077134 0.000030 -0.000000 0.076376 0.987169 -0.140229 9.226300 0.010787 0.139814 0.990119 1.577100 0.000000 0.000000 0.000000 1.000000
0.996919 -0.078430 0.000596 0.000000 0.077714 0.986731 -0.142558 9.226300 0.010593 0.142165 0.989786 1.577100 0.000000 0.000000 0.000000 1.000000
0.996855 -0.079220 0.002196 0.000000 0.078704 0.986352 -0.144621 9.226300 0.009291 0.144339 0.989485 1.577100 0.000000 0.000000 0.000000 1.000000
0.996800 -0.079792 0.004729 0.000000 0.079624 0.986033 -0.146282 9.226300 0.007009 0.146191 0.989232 1.577100 0.000000 0.000000 0.000000 1.000000
0.996723 -0.080523 0.007731 0.000000 0.080783 0.985803 -0.147195 9.226300 0.004232 0.147337 0.989077 1.577100 0.000000 0.000000 0.000000 1.000000
0.996639 -0.081233 0.010618 -0.000000 0.081911 0.985699 -0.147268 9.226300 0.001497 0.147643 0.989040 1.577100 0.000000 0.000000 0.000000 1.000000
0.996589 -0.081483 0.013092 0.000000 0.082523 0.985676 -0.147082 9.226300 -0.000919 0.147661 0.989038 1.577100 0.000000 0.000000 0.000000 1.000000
0.996574 -0.081297 0.015216 0.000000 0.082654 0.985620 -0.147382 9.226300 -0.003015 0.148134 0.988963 1.577100 0.000000 0.000000 0.000000 1.000000
0.996549 -0.081212 0.017157 0.000000 0.082861 0.985491 -0.148126 9.226300 -0.004878 0.149036 0.988820 1.577100 0.000000 0.000000 0.000000 1.000000
0.996468 -0.081802 0.018966 0.000000 0.083715 0.985385 -0.148349 9.226300 -0.006554 0.149413 0.988753 1.577100 0.000000 0.000000 0.000000 1.000000
0.996297 -0.083470 0.020612 0.000000 0.085602 0.985402 -0.147155 9.226300 -0.008028 0.148374 0.988899 1.577100 0.000000 0.000000 0.000000 1.000000
0.995982 -0.086776 0.022117 0.000000 0.089073 0.985453 -0.144737 9.226300 -0.009236 0.146126 0.989223 1.577100 0.000000 0.000000 0.000000 1.000000
0.995438 -0.092450 0.023569 0.000000 0.094873 0.985281 -0.142198 9.226300 -0.010075 0.143786 0.989558 1.577100 0.000000 0.000000 0.000000 1.000000
0.994613 -0.100606 0.024978 0.000000 0.103129 0.984723 -0.140301 9.226300 -0.010481 0.142121 0.989794 1.577100 0.000000 0.000000 0.000000 1.000000
0.993590 -0.109968 0.026200 0.000000 0.112554 0.983925 -0.138651 9.226300 -0.010531 0.140711 0.989995 1.577100 0.000000 0.000000 0.000000 1.000000
0.992667 -0.117852 0.026901 0.000000 0.120437 0.983318 -0.136308 9.226300 -0.010388 0.138548 0.990301 1.577100 0.000000 0.000000 0.000000 1.000000
0.992204 -0.121723 0.026752 0.000000 0.124216 0.983308 -0.132951 9.226300 -0.010122 0.135238 0.990761 1.577100 0.000000 0.000000 0.000000 1.000000
0.992324 -0.120989 0.025592 0.000000 0.123296 0.983938 -0.129091 9.226300 -0.009562 0.131256 0.991302 1.577100 0.000000 0.000000 0.000000 1.000000
0.992808 -0.117421 0.023348 -0.000000 0.119432 0.984912 -0.125238 9.226300 -0.008290 0.127126 0.991852 1.577100 0.000000 0.000000 0.000000 1.000000
0.993295 -0.113880 0.019897 -0.000000 0.115460 0.985868 -0.121384 9.226300 -0.005793 0.122867 0.992406 1.577100 0.000000 0.000000 0.000000 1.000000
0.993560 -0.112288 0.015174 -0.000000 0.113295 0.986590 -0.117493 9.226300 -0.001777 0.118455 0.992958 1.577100 0.000000 0.000000 0.000000 1.000000
0.993593 -0.112606 0.009588 -0.000000 0.112963 0.987031 -0.114055 9.226300 0.003379 0.114407 0.993428 1.577100 0.000000 0.000000 0.000000 1.000000
0.993550 -0.113320 0.004199 0.000000 0.113078 0.987286 -0.111715 9.226300 0.008514 0.111469 0.993731 1.577100 0.000000 0.000000 0.000000 1.000000
0.993625 -0.112732 0.000163 0.000000 0.112059 0.987536 -0.110521 9.226300 0.012298 0.109835 0.993874 1.577100 0.000000 0.000000 0.000000 1.000000
0.993897 -0.110292 -0.002080 0.000000 0.109398 0.987908 -0.109861 9.226300 0.014172 0.108963 0.993945 1.577100 0.000000 0.000000 0.000000 1.000000
0.994235 -0.107184 -0.003000 0.000000 0.106219 0.988339 -0.109104 9.226300 0.014660 0.108157 0.994026 1.577100 0.000000 0.000000 0.000000 1.000000
0.994415 -0.105485 -0.003404 -0.000000 0.104503 0.988641 -0.108019 9.226300 0.014760 0.107060 0.994143 1.577100 0.000000 0.000000 0.000000 1.000000
0.994331 -0.106263 -0.003868 0.000000 0.105248 0.988714 -0.106618 9.226300 0.015154 0.105606 0.994293 1.577100 0.000000 0.000000 0.000000 1.000000
0.994097 -0.108384 -0.004815 0.000000 0.107285 0.988681 -0.104881 9.226300 0.016128 0.103745 0.994473 1.577100 0.000000 0.000000 0.000000 1.000000
0.993944 -0.109674 -0.006834 0.000000 0.108398 0.988782 -0.102765 9.226300 0.018028 0.101402 0.994682 1.577100 0.000000 0.000000 0.000000 1.000000
0.993996 -0.108915 -0.010476 0.000000 0.107326 0.989150 -0.100317 9.226300 0.021289 0.098590 0.994900 1.577100 0.000000 0.000000 0.000000 1.000000
0.994139 -0.106979 -0.015581 -0.000000 0.104969 0.989676 -0.097587 9.226300 0.025860 0.095379 0.995105 1.577100 0.000000 0.000000 0.000000 1.000000
0.994225 -0.105235 -0.021016 0.000000 0.102811 0.990200 -0.094519 9.226300 0.030756 0.091813 0.995301 1.577100 0.000000 0.000000 0.000000 1.000000
