<?xml version="1.0" encoding="utf-8"?>
<COLLADA xmlns="http://www.collada.org/2005/11/COLLADASchema" version="1.4.1">
  <asset><contributor><author>Mixamo</author><authoring_tool>COLLADA Mixamo exporter</authoring_tool><comments></comments></contributor><created>2018-12-15T21:50:31Z</created><modified>2018-12-15T21:50:31Z</modified><revision></revision><title></title><unit meter="0.010000"/><up_axis>Y_UP</up_axis></asset>
  <library_animations>
    <animation id="mixamorig_Hips-anim" name="mixamorig_Hips"><source id="mixamorig_Hips-Matrix-animation-input"><float_array id="mixamorig_Hips-Matrix-animation-input-array" count="21">

0.000000 0.033333 0.066667 0.100000 0.133333 0.166667 0.200000 0.233333 0.266667 0.300000 0.333333 0.366667 0.400000 0.433333 0.466667 0.500000
0.533333 0.566667 0.600000 0.633333 0.666667</float_array><technique_common><accessor source="#mixamorig_Hips-Matrix-animation-input-array" count="21"><param name="TIME" type="float"/></accessor></technique_common></source><source id="mixamorig_Hips-Matrix-animation-output-transform"><float_array id="mixamorig_Hips-Matrix-animation-output-transform-array" count="336">

0.996220 0.068443 0.053482 0.169926 -0.063143 0.993455 -0.095188 95.084457 -0.059647 0.091451 0.994022 1.345623 0.000000 0.000000 0.000000 1.000000
0.997586 0.027506 -0.063767 -0.116460 -0.025943 0.999345 0.025214 90.941513 0.064419 -0.023499 0.997646 19.588360 0.000000 0.000000 0.000000 1.000000
0.987789 0.024551 -0.153854 0.168108 -0.006831 0.993381 0.114659 85.928871 0.155651 -0.112208 0.981419 34.315773 0.000000 0.000000 0.000000 1.000000
0.963631 0.040708 -0.264117 0.687851 0.011926 0.980794 0.194679 81.051575 0.266970 -0.190749 0.944639 45.498558 0.000000 0.000000 0.000000 1.000000
0.916009 0.041111 -0.399046 1.369276 0.058111 0.970645 0.233391 75.655716 0.396927 -0.236977 0.886730 56.044865 0.000000 0.000000 0.000000 1.000000
0.846538 0.027039 -0.531641 2.120123 0.114916 0.965879 0.232105 69.939331 0.519776 -0.257580 0.814546 65.025749 0.000000 0.000000 0.000000 1.000000
0.780601 0.022575 -0.624621 3.325056 0.160208 0.958734 0.234866 66.100769 0.604148 -0.283406 0.744773 70.946022 0.000000 0.000000 0.000000 1.000000
0.733936 0.015497 -0.679042 4.973849 0.185844 0.957007 0.222709 65.085625 0.653299 -0.289650 0.699502 73.197426 0.000000 0.000000 0.000000 1.000000
0.671732 -0.024585 -0.740386 6.889397 0.194453 0.970254 0.144204 64.877640 0.714818 -0.240837 0.656531 73.002846 0.000000 0.000000 0.000000 1.000000
0.562552 -0.086548 -0.822219 8.550789 0.195923 0.980133 0.030878 65.126541 0.803212 -0.178462 0.568333 71.840469 0.000000 0.000000 0.000000 1.000000
0.414550 -0.131724 -0.900443 10.171680 0.185736 0.980887 -0.057982 65.723213 0.890871 -0.143208 0.431093 69.620583 0.000000 0.000000 0.000000 1.000000
0.232747 -0.149919 -0.960913 11.964413 0.165948 0.979679 -0.112652 66.913200 0.958275 -0.133242 0.252896 66.189003 0.000000 0.000000 0.000000 1.000000
0.020646 -0.162758 -0.986450 12.720192 0.154598 0.975313 -0.157685 68.410217 0.987762 -0.149247 0.045299 62.482525 0.000000 0.000000 0.000000 1.000000
-0.194755 -0.174364 -0.965229 12.682232 0.145606 0.968030 -0.204249 70.510872 0.969984 -0.180321 -0.163140 59.070862 0.000000 0.000000 0.000000 1.000000
-0.385925 -0.178853 -0.905027 11.244354 0.144143 0.957287 -0.250647 73.165131 0.911200 -0.227184 -0.343661 55.637127 0.000000 0.000000 0.000000 1.000000
-0.571516 -0.159058 -0.805028 8.702232 0.122724 0.953433 -0.275506 75.974434 0.811362 -0.256253 -0.525382 50.605194 0.000000 0.000000 0.000000 1.000000
-0.729909 -0.120444 -0.672849 6.044746 0.083163 0.961393 -0.262310 78.927597 0.678466 -0.247419 -0.691714 44.773708 0.000000 0.000000 0.000000 1.000000
-0.852189 -0.089066 -0.515598 3.867223 0.033808 0.973974 -0.224126 82.062920 0.522141 -0.208429 -0.826998 37.713379 0.000000 0.000000 0.000000 1.000000
-0.936860 -0.089605 -0.338030 1.661692 -0.028812 0.983107 -0.180747 85.646500 0.348516 -0.159596 -0.923616 28.642447 0.000000 0.000000 0.000000 1.000000
-0.981283 -0.090402 -0.170032 0.058457 -0.068801 0.989267 -0.128910 89.904602 0.179861 -0.114799 -0.976970 15.924793 0.000000 0.000000 0.000000 1.000000
-0.996183 -0.068500 -0.054106 -0.168013 -0.063143 0.993455 -0.095188 95.084473 0.060272 -0.091408 -0.993988 -1.371213 0.000000 0.000000 0.000000 1.000000</float_array><technique_common><accessor source="#mixamorig_Hips-Matrix-animation-output-transform-array" count="21" stride="16"><param type="float4x4"/></accessor></technique_common></source><source id="mixamorig_Hips-Interpolations"><Name_array id="mixamorig_Hips-Interpolations-array" count="21">
 LINEAR LINEAR LINEAR LINEAR LINEAR LINEAR LINEAR LINEAR LINEAR LINEAR LINEAR
LINEAR LINEAR LINEAR LINEAR LINEAR LINEAR LINEAR LINEAR LINEAR LINEAR</Name_array><technique_common><accessor source="#mixamorig_Hips-Interpolations-array" count="21"><param type="name"/></accessor></technique_common></source><sampler id="mixamorig_Hips-Matrix-animation-transform"><input semantic="INPUT" source="#mixamorig_Hips-Matrix-animation-input"/><input semantic="OUTPUT" source="#mixamorig_Hips-Matrix-animation-output-transform"/><input semantic="INTERPOLATION" source="#mixamorig_Hips-Interpolations"/></sampler><channel source="#mixamorig_Hips-Matrix-animation-transform" target="mixamorig_Hips/matrix"/></animation>
    <animation id="mixamorig_Spine-anim" name="mixamorig_Spine"><source id="mixamorig_Spine-Matrix-animation-input"><float_array id="mixamorig_Spine-Matrix-animation-input-array" count="21">

0.000000 0.033333 0.066667 0.100000 0.133333 0.166667 0.200000 0.233333 0.266667 0.300000 0.333333 0.366667 0.400000 0.433333 0.466667 0.500000
0.533333 0.566667 0.600000 0.633333 0.666667</float_array><technique_common><accessor source="#mixamorig_Spine-Matrix-animation-input-array" count="21"><param name="TIME" type="float"/></accessor></technique_common></source><source id="mixamorig_Spine-Matrix-animation-output-transform"><float_array id="mixamorig_Spine-Matrix-animation-output-transform-array" count="336">

0.998943 -0.040295 0.022109 -0.038100 0.042042 0.995472 -0.085251 9.490500 -0.018574 0.086091 0.996114 -1.392100 0.000000 0.000000 0.000000 1.000000
0.999424 -0.004041 0.033689 -0.038100 0.007406 0.994924 -0.100354 9.490500 -0.033112 0.100546 0.994381 -1.392100 0.000000 0.000000 0.000000 1.000000
0.998925 0.026042 0.038341 -0.038100 -0.021554 0.993345 -0.113142 9.490500 -0.041032 0.112194 0.992839 -1.392100 0.000000 0.000000 0.000000 1.000000
0.997761 0.050551 0.043801 -0.038100 -0.044687 0.991044 -0.125833 9.490500 -0.049770 0.123594 0.991084 -1.392100 0.000000 0.000000 0.000000 1.000000
0.996123 0.071973 0.050579 -0.038100 -0.064937 0.989499 -0.129134 9.490500 -0.059342 0.125349 0.990336 -1.392100 0.000000 0.000000 0.000000 1.000000
0.994378 0.090891 0.054325 -0.038100 -0.083413 0.988403 -0.126896 9.490500 -0.065229 0.121651 0.990427 -1.392100 0.000000 0.000000 0.000000 1.000000
0.992994 0.105208 0.053796 -0.038100 -0.097139 0.986028 -0.135326 9.490500 -0.067282 0.129152 0.989340 -1.392100 0.000000 0.000000 0.000000 1.000000
0.993177 0.105308 0.050105 -0.038100 -0.096986 0.984431 -0.146593 9.490500 -0.064762 0.140733 0.987927 -1.392100 0.000000 0.000000 0.000000 1.000000
0.994397 0.096104 0.044020 -0.038100 -0.088784 0.985350 -0.145611 9.490500 -0.057369 0.140887 0.988362 -1.392100 0.000000 0.000000 0.000000 1.000000
0.994940 0.094184 0.034989 -0.038100 -0.088323 0.985878 -0.142279 9.490500 -0.047895 0.138469 0.989208 -1.392100 0.000000 0.000000 0.000000 1.000000
0.995098 0.095631 0.025180 -0.038100 -0.091073 0.985451 -0.143499 9.490500 -0.038536 0.140502 0.989330 -1.392100 0.000000 0.000000 0.000000 1.000000
0.995716 0.090955 0.016614 -0.038100 -0.087734 0.986158 -0.140694 9.490500 -0.029181 0.138634 0.989914 -1.392100 0.000000 0.000000 0.000000 1.000000
0.996066 0.088388 0.006383 -0.038100 -0.086862 0.988061 -0.127238 9.490500 -0.017553 0.126183 0.991852 -1.392100 0.000000 0.000000 0.000000 1.000000
0.996588 0.082509 -0.002104 -0.038100 -0.082239 0.990511 -0.110112 9.490500 -0.007002 0.109909 0.993917 -1.392100 0.000000 0.000000 0.000000 1.000000
0.997079 0.076051 -0.007096 -0.038100 -0.076381 0.992445 -0.096010 9.490500 -0.000259 0.096272 0.995355 -1.392100 0.000000 0.000000 0.000000 1.000000
0.997903 0.064026 -0.009524 -0.038100 -0.064609 0.994211 -0.085854 9.490500 0.003972 0.086289 0.996262 -1.392100 0.000000 0.000000 0.000000 1.000000
0.998915 0.045660 -0.009204 -0.038100 -0.046261 0.995581 -0.081728 9.490500 0.005431 0.082065 0.996612 -1.392100 0.000000 0.000000 0.000000 1.000000
0.999737 0.022460 -0.004654 -0.038100 -0.022764 0.996440 -0.081177 9.490500 0.002814 0.081261 0.996689 -1.392100 0.000000 0.000000 0.000000 1.000000
0.999956 -0.007416 0.005734 -0.038100 0.007852 0.996749 -0.080186 9.490500 -0.005120 0.080228 0.996763 -1.392100 0.000000 0.000000 0.000000 1.000000
0.999333 -0.033075 0.015503 -0.038100 0.034262 0.995886 -0.083893 9.490500 -0.012664 0.084368 0.996354 -1.392100 0.000000 0.000000 0.000000 1.000000
0.998943 -0.040295 0.022109 -0.038100 0.042041 0.995472 -0.085252 9.490500 -0.018574 0.086091 0.996114 -1.392100 0.000000 0.000000 0.000000 1.000000</float_array><technique_common><accessor source="#mixamorig_Spine-Matrix-animation-output-transform-array" count="21" stride="16"><param type="float4x4"/></accessor></technique_common></source><source id="mixamorig_Spine-Interpolations"><Name_array id="mixamorig_Spine-Interpolations-array" count="21">
 LINEAR LINEAR LINEAR LINEAR LINEAR LINEAR LINEAR LINEAR LINEAR LINEAR LINEAR
LINEAR LINEAR LINEAR LINEAR LINEAR LINEAR LINEAR LINEAR LINEAR LINEAR</Name_array><technique_common><accessor source="#mixamorig_Spine-Interpolations-array" count="21"><param type="name"/></accessor></technique_common></source><sampler id="mixamorig_Spine-Matrix-animation-transform"><input semantic="INPUT" source="#mixamorig_Spine-Matrix-animation-input"/><input semantic="OUTPUT" source="#mixamorig_Spine-Matrix-animation-output-transform"/><input semantic="INTERPOLATION" source="#mixamorig_Spine-Interpolations"/></sampler><channel source="#mixamorig_Spine-Matrix-animation-transform" target="mixamorig_Spine/matrix"/></animation>
    <animation id="mixamorig_Spine1-anim" name="mixamorig_Spine1"><source id="mixamorig_Spine1-Matrix-animation-input"><float_array id="mixamorig_Spine1-Matrix-animation-input-array" count="21">

0.000000 0.033333 0.066667 0.100000 0.133333 0.166667 0.200000 0.233333 0.266667 0.300000 0.333333 0.366667 0.400000 0.433333 0.466667 0.500000
0.533333 0.566667 0.600000 0.633333 0.666667</float_array><technique_common><accessor source="#mixamorig_Spine1-Matrix-animation-input-array" count="21"><param name="TIME" type="float"/></accessor></technique_common></source><source id="mixamorig_Spine1-Matrix-animation-output-transform"><float_array id="mixamorig_Spine1-Matrix-animation-output-transform-array" count="336">

0.998355 -0.030016 0.048854 -0.044200 0.037968 0.984541 -0.170987 11.072300 -0.042967 0.172561 0.984061 -1.624100 0.000000 0.000000 0.000000 1.000000
0.998072 0.012703 0.060754 -0.044200 -0.000267 0.979701 -0.200463 11.072300 -0.062068 0.200060 0.977816 -1.624100 0.000000 0.000000 0.000000 1.000000
0.996701 0.047755 0.065617 -0.044200 -0.031844 0.973828 -0.225042 11.072300 -0.074647 0.222211 0.972137 -1.624100 0.000000 0.000000 0.000000 1.000000
0.994032 0.084240 0.069316 -0.044200 -0.064454 0.966138 -0.249846 11.072300 -0.088016 0.243887 0.965801 -1.624100 0.000000 0.000000 0.000000 1.000000
0.989881 0.121840 0.072734 -0.044200 -0.099471 0.961368 -0.256667 11.072300 -0.101197 0.246835 0.963759 -1.624100 0.000000 0.000000 0.000000 1.000000
0.984895 0.157406 0.072140 -0.044200 -0.134607 0.958105 -0.252814 11.072300 -0.108912 0.239285 0.964822 -1.624100 0.000000 0.000000 0.000000 1.000000
0.980557 0.184999 0.065447 -0.044200 -0.161137 0.949423 -0.269503 11.072300 -0.111995 0.253717 0.960773 -1.624100 0.000000 0.000000 0.000000 1.000000
0.981373 0.183242 0.057707 -0.044200 -0.159039 0.943401 -0.291033 11.072300 -0.107770 0.276434 0.954971 -1.624100 0.000000 0.000000 0.000000 1.000000
0.985413 0.161903 0.052435 -0.044200 -0.140253 0.947116 -0.288617 11.072300 -0.096390 0.277053 0.956008 -1.624100 0.000000 0.000000 0.000000 1.000000
0.986895 0.154740 0.045763 -0.044200 -0.135851 0.949786 -0.281870 11.072300 -0.087082 0.271959 0.958361 -1.624100 0.000000 0.000000 0.000000 1.000000
0.986828 0.157218 0.038131 -0.044200 -0.140127 0.948475 -0.284181 11.072300 -0.080845 0.275094 0.958012 -1.624100 0.000000 0.000000 0.000000 1.000000
0.987914 0.151880 0.030955 -0.044200 -0.137390 0.950480 -0.278767 11.072300 -0.071761 0.271145 0.959860 -1.624100 0.000000 0.000000 0.000000 1.000000
0.988800 0.147653 0.021750 -0.044200 -0.137466 0.957779 -0.252511 11.072300 -0.058115 0.246693 0.967350 -1.624100 0.000000 0.000000 0.000000 1.000000
0.990604 0.135933 0.015061 -0.044200 -0.129383 0.967128 -0.218913 11.072300 -0.044324 0.214907 0.975628 -1.624100 0.000000 0.000000 0.000000 1.000000
0.992656 0.120552 0.010024 -0.044200 -0.116436 0.974646 -0.191068 11.072300 -0.032804 0.188498 0.981526 -1.624100 0.000000 0.000000 0.000000 1.000000
0.995427 0.095333 0.006048 -0.044200 -0.092902 0.980892 -0.170940 11.072300 -0.022229 0.169596 0.985263 -1.624100 0.000000 0.000000 0.000000 1.000000
0.998178 0.059921 0.007042 -0.044200 -0.057979 0.984963 -0.162746 11.072300 -0.016688 0.162042 0.986643 -1.624100 0.000000 0.000000 0.000000 1.000000
0.999611 0.023971 0.014240 -0.044200 -0.021357 0.986620 -0.161631 11.072300 -0.017924 0.161264 0.986749 -1.624100 0.000000 0.000000 0.000000 1.000000
0.999529 -0.013321 0.027629 -0.044200 0.017569 0.987006 -0.159717 11.072300 -0.025142 0.160127 0.986776 -1.624100 0.000000 0.000000 0.000000 1.000000
0.998612 -0.034156 0.040099 -0.044200 0.040420 0.985028 -0.167589 11.072300 -0.033775 0.168977 0.985041 -1.624100 0.000000 0.000000 0.000000 1.000000
0.998355 -0.030016 0.048854 -0.044200 0.037968 0.984541 -0.170988 11.072300 -0.042967 0.172561 0.984061 -1.624100 0.000000 0.000000 0.000000 1.000000</float_array><technique_common><accessor source="#mixamorig_Spine1-Matrix-animation-output-transform-array" count="21" stride="16"><param type="float4x4"/></accessor></technique_common></source><source id="mixamorig_Spine1-Interpolations"><Name_array id="mixamorig_Spine1-Interpolations-array" count="21">
 LINEAR LINEAR LINEAR LINEAR LINEAR LINEAR LINEAR LINEAR LINEAR LINEAR LINEAR
LINEAR LINEAR LINEAR LINEAR LINEAR LINEAR LINEAR LINEAR LINEAR LINEAR</Name_array><technique_common><accessor source="#mixamorig_Spine1-Interpolations-array" count="21"><param type="name"/></accessor></technique_common></source><sampler id="mixamorig_Spine1-Matrix-animation-transform"><input semantic="INPUT" source="#mixamorig_Spine1-Matrix-animation-input"/><input semantic="OUTPUT" source="#mixamorig_Spine1-Matrix-animation-output-transform"/><input semantic="INTERPOLATION" source="#mixamorig_Spine1-Interpolations"/></sampler><channel source="#mixamorig_Spine1-Matrix-animation-transform" target="mixamorig_Spine1/matrix"/></animation>
    <animation id="mixamorig_Spine2-anim" name="mixamorig_Spine2"><source id="mixamorig_Spine2-Matrix-animation-input"><float_array id="mixamorig_Spine2-Matrix-animation-input-array" count="21">

0.000000 0.033333 0.066667 0.100000 0.133333 0.166667 0.200000 0.233333 0.266667 0.300000 0.333333 0.366667 0.400000 0.433333 0.466667 0.500000
0.533333 0.566667 0.600000 0.633333 0.666667</float_array><technique_common><accessor source="#mixamorig_Spine2-Matrix-animation-input-array" count="21"><param name="TIME" type="float"/></accessor></technique_common></source><source id="mixamorig_Spine2-Matrix-animation-output-transform"><float_array id="mixamorig_Spine2-Matrix-animation-output-transform-array" count="336">

0.998355 -0.030016 0.048854 -0.050500 0.037968 0.984541 -0.170987 12.654000 -0.042967 0.172561 0.984061 -1.856100 0.000000 0.000000 0.000000 1.000000
0.998072 0.012703 0.060754 -0.050500 -0.000267 0.979701 -0.200463 12.654000 -0.062068 0.200060 0.977816 -1.856100 0.000000 0.000000 0.000000 1.000000
0.996701 0.047755 0.065617 -0.050500 -0.031844 0.973828 -0.225042 12.654000 -0.074647 0.222211 0.972137 -1.856100 0.000000 0.000000 0.000000 1.000000
0.994032 0.084240 0.069316 -0.050500 -0.064454 0.966138 -0.249846 12.654000 -0.088016 0.243887 0.965801 -1.856100 0.000000 0.000000 0.000000 1.000000
0.989881 0.121840 0.072734 -0.050500 -0.099471 0.961368 -0.256667 12.654000 -0.101197 0.246835 0.963759 -1.856100 0.000000 0.000000 0.000000 1.000000
0.984895 0.157406 0.072140 -0.050500 -0.134607 0.958105 -0.252814 12.654000 -0.108912 0.239285 0.964822 -1.856100 0.000000 0.000000 0.000000 1.000000
0.980557 0.184998 0.065447 -0.050500 -0.161136 0.949423 -0.269503 12.654000 -0.111995 0.253717 0.960773 -1.856100 0.000000 0.000000 0.000000 1.000000
0.981373 0.183242 0.057707 -0.050500 -0.159039 0.943402 -0.291033 12.654000 -0.107770 0.276434 0.954971 -1.856100 0.000000 0.000000 0.000000 1.000000
0.985413 0.161903 0.052435 -0.050500 -0.140253 0.947116 -0.288617 12.654000 -0.096390 0.277053 0.956008 -1.856100 0.000000 0.000000 0.000000 1.000000
0.986895 0.154740 0.045763 -0.050500 -0.135851 0.949786 -0.281870 12.654000 -0.087082 0.271959 0.958361 -1.856100 0.000000 0.000000 0.000000 1.000000
0.986828 0.157218 0.038131 -0.050500 -0.140127 0.948475 -0.284181 12.654000 -0.080845 0.275094 0.958012 -1.856100 0.000000 0.000000 0.000000 1.000000
0.987914 0.151880 0.030954 -0.050500 -0.137390 0.950480 -0.278767 12.654000 -0.071761 0.271145 0.959860 -1.856100 0.000000 0.000000 0.000000 1.000000
0.988800 0.147653 0.021750 -0.050500 -0.137466 0.957779 -0.252511 12.654000 -0.058115 0.246693 0.967350 -1.856100 0.000000 0.000000 0.000000 1.000000
0.990604 0.135933 0.015062 -0.050500 -0.129383 0.967128 -0.218913 12.654000 -0.044324 0.214907 0.975628 -1.856100 0.000000 0.000000 0.000000 1.000000
0.992656 0.120552 0.010024 -0.050500 -0.116436 0.974646 -0.191068 12.654000 -0.032804 0.188498 0.981526 -1.856100 0.000000 0.000000 0.000000 1.000000
0.995427 0.095333 0.006048 -0.050500 -0.092902 0.980892 -0.170940 12.654000 -0.022229 0.169596 0.985263 -1.856100 0.000000 0.000000 0.000000 1.000000
0.998178 0.059921 0.007042 -0.050500 -0.057979 0.984963 -0.162746 12.654000 -0.016688 0.162042 0.986643 -1.856100 0.000000 0.000000 0.000000 1.000000
0.999611 0.023971 0.014240 -0.050500 -0.021357 0.986620 -0.161630 12.654000 -0.017924 0.161263 0.986749 -1.856100 0.000000 0.000000 0.000000 1.000000
0.999529 -0.013321 0.027629 -0.050500 0.017569 0.987006 -0.159717 12.654000 -0.025142 0.160127 0.986776 -1.856100 0.000000 0.000000 0.000000 1.000000
0.998612 -0.034156 0.040099 -0.050500 0.040420 0.985028 -0.167589 12.654000 -0.033775 0.168977 0.985041 -1.856100 0.000000 0.000000 0.000000 1.000000
0.998355 -0.030016 0.048854 -0.050500 0.037968 0.984541 -0.170988 12.654000 -0.042967 0.172562 0.984061 -1.856100 0.000000 0.000000 0.000000 1.000000</float_array><technique_common><accessor source="#mixamorig_Spine2-Matrix-animation-output-transform-array" count="21" stride="16"><param type="float4x4"/></accessor></technique_common></source><source id="mixamorig_Spine2-Interpolations"><Name_array id="mixamorig_Spine2-Interpolations-array" count="21">
 LINEAR LINEAR LINEAR LINEAR LINEAR LINEAR LINEAR LINEAR LINEAR LINEAR LINEAR
LINEAR LINEAR LINEAR LINEAR LINEAR LINEAR LINEAR LINEAR LINEAR LINEAR</Name_array><technique_common><accessor source="#mixamorig_Spine2-Interpolations-array" count="21"><param type="name"/></accessor></technique_common></source><sampler id="mixamorig_Spine2-Matrix-animation-transform"><input semantic="INPUT" source="#mixamorig_Spine2-Matrix-animation-input"/><input semantic="OUTPUT" source="#mixamorig_Spine2-Matrix-animation-output-transform"/><input semantic="INTERPOLATION" source="#mixamorig_Spine2-Interpolations"/></sampler><channel source="#mixamorig_Spine2-Matrix-animation-transform" target="mixamorig_Spine2/matrix"/></animation>
    <animation id="mixamorig_Neck-anim" name="mixamorig_Neck"><source id="mixamorig_Neck-Matrix-animation-input"><float_array id="mixamorig_Neck-Matrix-animation-input-array" count="21">

0.000000 0.033333 0.066667 0.100000 0.133333 0.166667 0.200000 0.233333 0.266667 0.300000 0.333333 0.366667 0.400000 0.433333 0.466667 0.500000
0.533333 0.566667 0.600000 0.633333 0.666667</float_array><technique_common><accessor source="#mixamorig_Neck-Matrix-animation-input-array" count="21"><param name="TIME" type="float"/></accessor></technique_common></source><source id="mixamorig_Neck-Matrix-animation-output-transform"><float_array id="mixamorig_Neck-Matrix-animation-output-transform-array" count="336">

0.998465 0.007577 -0.054863 -0.056900 -0.000366 0.991478 0.130270 14.235800 0.055382 -0.130050 0.989959 -2.088100 0.000000 0.000000 0.000000 1.000000
0.996854 -0.009817 -0.078652 -0.056900 0.018250 0.994067 0.107229 14.235800 0.077133 -0.108327 0.991118 -2.088100 0.000000 0.000000 0.000000 1.000000
0.991673 -0.056277 -0.115834 -0.056900 0.066397 0.994128 0.085446 14.235800 0.110345 -0.092425 0.989587 -2.088100 0.000000 0.000000 0.000000 1.000000
0.981617 -0.105172 -0.159269 -0.056900 0.117835 0.990402 0.072244 14.235800 0.150142 -0.089683 0.984588 -2.088100 0.000000 0.000000 0.000000 1.000000
0.970757 -0.132350 -0.200286 -0.056900 0.149858 0.985868 0.074877 14.235800 0.187546 -0.102702 0.976872 -2.088100 0.000000 0.000000 0.000000 1.000000
0.960502 -0.138319 -0.241461 -0.056900 0.161347 0.983789 0.078266 14.235800 0.226721 -0.114133 0.967249 -2.088100 0.000000 0.000000 0.000000 1.000000
0.955009 -0.113782 -0.273882 -0.056900 0.138402 0.987737 0.072252 14.235800 0.262303 -0.106907 0.959045 -2.088100 0.000000 0.000000 0.000000 1.000000
0.956865 -0.046677 -0.286760 -0.056900 0.069017 0.995275 0.068294 14.235800 0.282217 -0.085139 0.955565 -2.088100 0.000000 0.000000 0.000000 1.000000
0.959383 0.008502 -0.281979 -0.056900 0.013095 0.997126 0.074618 14.235800 0.281803 -0.075279 0.956515 -2.088100 0.000000 0.000000 0.000000 1.000000
0.962547 0.011244 -0.270883 -0.056900 0.012403 0.996267 0.085425 14.235800 0.270832 -0.085586 0.958814 -2.088100 0.000000 0.000000 0.000000 1.000000
0.962168 -0.011959 -0.272196 -0.056900 0.036328 0.995747 0.084665 14.235800 0.270026 -0.091350 0.958510 -2.088100 0.000000 0.000000 0.000000 1.000000
0.955619 -0.059811 -0.288471 -0.056900 0.082487 0.994331 0.067091 14.235800 0.282822 -0.087909 0.955135 -2.088100 0.000000 0.000000 0.000000 1.000000
0.948326 -0.125202 -0.291551 -0.056900 0.148162 0.987263 0.057962 14.235800 0.280581 -0.098163 0.954798 -2.088100 0.000000 0.000000 0.000000 1.000000
0.944739 -0.176264 -0.276405 -0.056900 0.200313 0.977825 0.061097 14.235800 0.259507 -0.113088 0.959097 -2.088100 0.000000 0.000000 0.000000 1.000000
0.949675 -0.197425 -0.243190 -0.056900 0.216652 0.974712 0.054758 14.235800 0.226230 -0.104690 0.968432 -2.088100 0.000000 0.000000 0.000000 1.000000
0.965255 -0.171910 -0.196797 -0.056900 0.186096 0.980941 0.055881 14.235800 0.183440 -0.090563 0.978850 -2.088100 0.000000 0.000000 0.000000 1.000000
0.978349 -0.135121 -0.156767 -0.056900 0.147091 0.986824 0.067394 14.235800 0.145595 -0.088993 0.985334 -2.088100 0.000000 0.000000 0.000000 1.000000
0.986449 -0.100500 -0.129685 -0.056900 0.112555 0.989631 0.089230 14.235800 0.119373 -0.102618 0.987532 -2.088100 0.000000 0.000000 0.000000 1.000000
0.994376 -0.044010 -0.096328 -0.056900 0.055820 0.990766 0.123562 14.235800 0.090001 -0.128244 0.987650 -2.088100 0.000000 0.000000 0.000000 1.000000
0.998061 0.002250 -0.062208 -0.056900 0.006362 0.990426 0.137901 14.235800 0.061923 -0.138029 0.988491 -2.088100 0.000000 0.000000 0.000000 1.000000
0.998465 0.007577 -0.054863 -0.056900 -0.000366 0.991478 0.130271 14.235800 0.055382 -0.130051 0.989959 -2.088100 0.000000 0.000000 0.000000 1.000000</float_array><technique_common><accessor source="#mixamorig_Neck-Matrix-animation-output-transform-array" count="21" stride="16"><param type="float4x4"/></accessor></technique_common></source><source id="mixamorig_Neck-Interpolations"><Name_array id="mixamorig_Neck-Interpolations-array" count="21">
 LINEAR LINEAR LINEAR LINEAR LINEAR LINEAR LINEAR LINEAR LINEAR LINEAR LINEAR
LINEAR LINEAR LINEAR LINEAR LINEAR LINEAR LINEAR LINEAR LINEAR LINEAR</Name_array><technique_common><accessor source="#mixamorig_Neck-Interpolations-array" count="21"><param type="name"/></accessor></technique_common></source><sampler id="mixamorig_Neck-Matrix-animation-transform"><input semantic="INPUT" source="#mixamorig_Neck-Matrix-animation-input"/><input semantic="OUTPUT" source="#mixamorig_Neck-Matrix-animation-output-transform"/><input semantic="INTERPOLATION" source="#mixamorig_Neck-Interpolations"/></sampler><channel source="#mixamorig_Neck-Matrix-animation-transform" target="mixamorig_Neck/matrix"/></animation>
    <animation id="mixamorig_Head-anim" name="mixamorig_Head"><source id="mixamorig_Head-Matrix-animation-input"><float_array id="mixamorig_Head-Matrix-animation-input-array" count="21">

0.000000 0.033333 0.066667 0.100000 0.133333 0.166667 0.200000 0.233333 0.266667 0.300000 0.333333 0.366667 0.400000 0.433333 0.466667 0.500000
0.533333 0.566667 0.600000 0.633333 0.666667</float_array><technique_common><accessor source="#mixamorig_Head-Matrix-animation-input-array" count="21"><param name="TIME" type="float"/></accessor></technique_common></source><source id="mixamorig_Head-Matrix-animation-output-transform"><float_array id="mixamorig_Head-Matrix-animation-output-transform-array" count="336">

0.987594 0.090815 -0.128108 0.000000 -0.057729 0.968649 0.241632 3.280200 0.146036 -0.231239 0.961874 0.313300 0.000000 0.000000 0.000000 1.000000
0.980167 0.048034 -0.192263 0.000000 -0.010661 0.981557 0.190873 3.280200 0.197886 -0.185037 0.962602 0.313300 0.000000 0.000000 0.000000 1.000000
0.963892 -0.008977 -0.266142 0.000000 0.040357 0.992812 0.112677 3.280200 0.263217 -0.119350 0.957326 0.313300 0.000000 0.000000 0.000000 1.000000
0.935399 -0.059992 -0.348467 -0.000000 0.077626 0.996301 0.036851 3.280200 0.344967 -0.061520 0.936596 0.313300 0.000000 0.000000 0.000000 1.000000
0.897198 -0.091154 -0.432119 0.000000 0.091198 0.995618 -0.020671 3.280200 0.432110 -0.020863 0.901580 0.313300 0.000000 0.000000 0.000000 1.000000
0.852744 -0.079239 -0.516283 0.000000 0.052340 0.996414 -0.066480 3.280200 0.519700 0.029668 0.853834 0.313300 0.000000 0.000000 0.000000 1.000000
0.803925 -0.043144 -0.593164 -0.000000 -0.038839 0.991428 -0.124750 3.280200 0.593461 0.123328 0.795358 0.313300 0.000000 0.000000 0.000000 1.000000
0.761238 -0.024174 -0.648021 0.000000 -0.138989 0.969999 -0.199457 3.280200 0.633402 0.241902 0.735041 0.313300 0.000000 0.000000 0.000000 1.000000
0.749503 -0.033635 -0.661146 -0.000000 -0.179326 0.951053 -0.251676 3.280200 0.637250 0.307192 0.706786 0.313300 0.000000 0.000000 0.000000 1.000000
0.760056 -0.080465 -0.644857 -0.000000 -0.119428 0.958109 -0.260315 3.280200 0.638789 0.274868 0.718607 0.313300 0.000000 0.000000 0.000000 1.000000
0.759974 -0.135253 -0.635725 -0.000000 -0.032978 0.968824 -0.245545 3.280200 0.649116 0.207573 0.731821 0.313300 0.000000 0.000000 0.000000 1.000000
0.752255 -0.154116 -0.640594 0.000000 0.034437 0.980126 -0.195362 3.280200 0.657971 0.124902 0.742613 0.313300 0.000000 0.000000 0.000000 1.000000
0.771818 -0.145319 -0.619014 0.000000 0.096941 0.989046 -0.111316 3.280200 0.628410 0.025908 0.777451 0.313300 0.000000 0.000000 0.000000 1.000000
0.811611 -0.119690 -0.571805 0.000000 0.145359 0.989379 -0.000776 3.280200 0.565825 -0.082487 0.820389 0.313300 0.000000 0.000000 0.000000 1.000000
0.863154 -0.067786 -0.500371 0.000000 0.150615 0.980401 0.126998 3.280200 0.481956 -0.184982 0.856446 0.313300 0.000000 0.000000 0.000000 1.000000
0.909162 -0.017677 -0.416068 -0.000000 0.128703 0.962114 0.240357 3.280200 0.396056 -0.272073 0.876993 0.313300 0.000000 0.000000 0.000000 1.000000
0.940435 0.014554 -0.339662 0.000000 0.095121 0.947917 0.303982 3.280200 0.326395 -0.318184 0.890070 0.313300 0.000000 0.000000 0.000000 1.000000
0.961598 0.037864 -0.271838 0.000000 0.049542 0.950223 0.307605 3.280200 0.269954 -0.309260 0.911857 0.313300 0.000000 0.000000 0.000000 1.000000
0.976664 0.056357 -0.207246 -0.000000 0.003691 0.960410 0.278565 3.280200 0.214740 -0.272830 0.937790 0.313300 0.000000 0.000000 0.000000 1.000000
0.986072 0.069900 -0.150914 0.000000 -0.028885 0.965580 0.258498 3.280200 0.163789 -0.250539 0.954151 0.313300 0.000000 0.000000 0.000000 1.000000
0.987594 0.090815 -0.128108 -0.000000 -0.057729 0.968649 0.241632 3.280200 0.146036 -0.231239 0.961874 0.313300 0.000000 0.000000 0.000000 1.000000</float_array><technique_common><accessor source="#mixamorig_Head-Matrix-animation-output-transform-array" count="21" stride="16"><param type="float4x4"/></accessor></technique_common></source><source id="mixamorig_Head-Interpolations"><Name_array id="mixamorig_Head-Interpolations-array" count="21">
 LINEAR LINEAR LINEAR LINEAR LINEAR LINEAR LINEAR LINEAR LINEAR LINEAR LINEAR
LINEAR LINEAR LINEAR LINEAR LINEAR LINEAR LINEAR LINEAR LINEAR LINEAR</Name_array><technique_common><accessor source="#mixamorig_Head-Interpolations-array" count="21"><param type="name"/></accessor></technique_common></source><sampler id="mixamorig_Head-Matrix-animation-transform"><input semantic="INPUT" source="#mixamorig_Head-Matrix-animation-input"/><input semantic="OUTPUT" source="#mixamorig_Head-Matrix-animation-output-transform"/><input semantic="INTERPOLATION" source="#mixamorig_Head-Interpolations"/></sampler><channel source="#mixamorig_Head-Matrix-animation-transform" target="mixamorig_Head/matrix"/></animation>
    <animation id="mixamorig_LeftShoulder-anim" name="mixamorig_LeftShoulder"><source id="mixamorig_LeftShoulder-Matrix-animation-input"><float_array id="mixamorig_LeftShoulder-Matrix-animation-input-array" count="21">

0.000000 0.033333 0.066667 0.100000 0.133333 0.166667 0.200000 0.233333 0.266667 0.300000 0.333333 0.366667 0.400000 0.433333 0.466667 0.500000
0.533333 0.566667 0.600000 0.633333 0.666667</float_array><technique_common><accessor source="#mixamorig_LeftShoulder-Matrix-animation-input-array" count="21"><param name="TIME" type="float"/></accessor></technique_common></source><source id="mixamorig_LeftShoulder-Matrix-animation-output-transform"><float_array id="mixamorig_LeftShoulder-Matrix-animation-output-transform-array" count="336">

0.987136 0.158444 -0.021405 6.728800 -0.158851 0.987121 -0.018915 11.756600 0.018133 0.022072 0.999592 -2.058500 0.000000 0.000000 0.000000 1.000000
0.984662 0.174462 0.002008 6.728800 -0.174392 0.984489 -0.019196 11.756600 -0.005326 0.018551 0.999814 -2.058500 0.000000 0.000000 0.000000 1.000000
0.985685 0.168076 0.013236 6.728800 -0.167813 0.985637 -0.018927 11.756600 -0.016227 0.016434 0.999733 -2.058500 0.000000 0.000000 0.000000 1.000000
0.986061 0.164250 0.026571 6.728800 -0.163786 0.986317 -0.018782 11.756600 -0.029292 0.014169 0.999470 -2.058500 0.000000 0.000000 0.000000 1.000000
0.983857 0.171999 0.049408 6.728800 -0.171208 0.985035 -0.019852 11.756600 -0.052083 0.011072 0.998581 -2.058500 0.000000 0.000000 0.000000 1.000000
0.981229 0.176781 0.077056 6.728800 -0.175621 0.984220 -0.021642 11.756600 -0.079666 0.007703 0.996792 -2.058500 0.000000 0.000000 0.000000 1.000000
0.980484 0.179015 0.081266 6.728800 -0.177715 0.983813 -0.023018 11.756600 -0.084072 0.008126 0.996427 -2.058500 0.000000 0.000000 0.000000 1.000000
0.984289 0.169368 0.049903 6.728800 -0.168435 0.985459 -0.022377 11.756600 -0.052967 0.013620 0.998503 -2.058500 0.000000 0.000000 0.000000 1.000000
0.988492 0.149272 0.024523 6.728800 -0.148741 0.988627 -0.022194 11.756600 -0.027557 0.018291 0.999453 -2.058500 0.000000 0.000000 0.000000 1.000000
0.989052 0.144207 0.031316 6.728800 -0.143467 0.989346 -0.024714 11.756600 -0.034547 0.019951 0.999204 -2.058500 0.000000 0.000000 0.000000 1.000000
0.986995 0.153488 0.047781 6.728800 -0.152192 0.987905 -0.029687 11.756600 -0.051760 0.022029 0.998417 -2.058500 0.000000 0.000000 0.000000 1.000000
0.985837 0.160835 0.047509 6.728800 -0.159241 0.986597 -0.035630 11.756600 -0.052603 0.027560 0.998235 -2.058500 0.000000 0.000000 0.000000 1.000000
0.980081 0.192093 0.050417 6.728800 -0.190070 0.980859 -0.042290 11.756600 -0.057575 0.031865 0.997833 -2.058500 0.000000 0.000000 0.000000 1.000000
0.975558 0.212998 0.054014 6.728800 -0.210853 0.976581 -0.042780 11.756600 -0.061861 0.030345 0.997623 -2.058500 0.000000 0.000000 0.000000 1.000000
0.983596 0.174661 0.045085 6.728800 -0.173493 0.984418 -0.028664 11.756600 -0.049389 0.020372 0.998572 -2.058500 0.000000 0.000000 0.000000 1.000000
0.983423 0.178062 0.034243 6.728800 -0.177315 0.983867 -0.023768 11.756600 -0.037922 0.017302 0.999131 -2.058500 0.000000 0.000000 0.000000 1.000000
0.980207 0.197423 0.014796 6.728800 -0.197067 0.980130 -0.022559 11.756600 -0.018956 0.019197 0.999636 -2.058500 0.000000 0.000000 0.000000 1.000000
0.980884 0.194469 -0.006987 6.728800 -0.194572 0.980682 -0.020093 11.756600 0.002945 0.021068 0.999774 -2.058500 0.000000 0.000000 0.000000 1.000000
0.982483 0.185583 -0.016899 6.728800 -0.185891 0.982388 -0.018921 11.756600 0.013090 0.021731 0.999678 -2.058500 0.000000 0.000000 0.000000 1.000000
0.984245 0.175837 -0.018519 6.728800 -0.176181 0.984176 -0.018930 11.756600 0.014898 0.021894 0.999649 -2.058500 0.000000 0.000000 0.000000 1.000000
0.987136 0.158444 -0.021406 6.728800 -0.158852 0.987121 -0.018914 11.756600 0.018133 0.022071 0.999592 -2.058500 0.000000 0.000000 0.000000 1.000000</float_array><technique_common><accessor source="#mixamorig_LeftShoulder-Matrix-animation-output-transform-array" count="21" stride="16"><param type="float4x4"/></accessor></technique_common></source><source id="mixamorig_LeftShoulder-Interpolations"><Name_array id="mixamorig_LeftShoulder-Interpolations-array" count="21">
 LINEAR LINEAR LINEAR LINEAR LINEAR LINEAR LINEAR LINEAR LINEAR LINEAR LINEAR
LINEAR LINEAR LINEAR LINEAR LINEAR LINEAR LINEAR LINEAR LINEAR LINEAR</Name_array><technique_common><accessor source="#mixamorig_LeftShoulder-Interpolations-array" count="21"><param type="name"/></accessor></technique_common></source><sampler id="mixamorig_LeftShoulder-Matrix-animation-transform"><input semantic="INPUT" source="#mixamorig_LeftShoulder-Matrix-animation-input"/><input semantic="OUTPUT" source="#mixamorig_LeftShoulder-Matrix-animation-output-transform"/><input semantic="INTERPOLATION" source="#mixamorig_LeftShoulder-Interpolations"/></sampler><channel source="#mixamorig_LeftShoulder-Matrix-animation-transform" target="mixamorig_LeftShoulder/matrix"/></animation>
    <animation id="mixamorig_LeftArm-anim" name="mixamorig_LeftArm"><source id="mixamorig_LeftArm-Matrix-animation-input"><float_array id="mixamorig_LeftArm-Matrix-animation-input-array" count="21">

0.000000 0.033333 0.066667 0.100000 0.133333 0.166667 0.200000 0.233333 0.266667 0.300000 0.333333 0.366667 0.400000 0.433333 0.466667 0.500000
0.533333 0.566667 0.600000 0.633333 0.666667</float_array><technique_common><accessor source="#mixamorig_LeftArm-Matrix-animation-input-array" count="21"><param name="TIME" type="float"/></accessor></technique_common></source><source id="mixamorig_LeftArm-Matrix-animation-output-transform"><float_array id="mixamorig_LeftArm-Matrix-animation-output-transform-array" count="336">

0.332722 0.901155 0.277879 14.094700 -0.834132 0.418693 -0.359053 -3.178700 -0.439909 -0.112323 0.890991 0.059300 0.000000 0.000000 0.000000 1.000000
0.335687 0.849673 0.406658 14.094700 -0.753156 0.501382 -0.425877 -3.178700 -0.565747 -0.163316 0.808244 0.059300 0.000000 0.000000 0.000000 1.000000
0.312729 0.805458 0.503427 14.094700 -0.673059 0.561896 -0.480900 -3.178700 -0.670218 -0.188444 0.717842 0.059300 0.000000 0.000000 0.000000 1.000000
0.277097 0.768103 0.577265 14.094700 -0.602094 0.607013 -0.518669 -3.178700 -0.748799 -0.203847 0.630672 0.059300 0.000000 0.000000 0.000000 1.000000
0.276495 0.739704 0.613505 14.094700 -0.556239 0.643770 -0.525508 -3.178700 -0.783676 -0.195954 0.589452 0.059300 0.000000 0.000000 0.000000 1.000000
0.375091 0.711695 0.593967 14.094700 -0.577983 0.680504 -0.450389 -3.178700 -0.724737 -0.174366 0.666598 0.059300 0.000000 0.000000 0.000000 1.000000
0.590729 0.667341 0.453536 14.094700 -0.665102 0.720965 -0.194547 -3.178700 -0.456813 -0.186723 0.869745 0.059300 0.000000 0.000000 0.000000 1.000000
0.744956 0.643779 0.174900 14.094700 -0.666425 0.730070 0.151250 -3.178700 -0.030318 -0.229232 0.972899 0.059300 0.000000 0.000000 0.000000 1.000000
0.793527 0.608373 -0.014056 14.094700 -0.568815 0.749742 0.338137 -3.178700 0.216252 -0.260325 0.940992 0.059300 0.000000 0.000000 0.000000 1.000000
0.877045 0.473417 -0.081657 14.094700 -0.406774 0.822242 0.398061 -3.178700 0.255591 -0.315902 0.913717 0.059300 0.000000 0.000000 0.000000 1.000000
0.937177 0.303073 -0.172758 14.094700 -0.210298 0.885936 0.413392 -3.178700 0.278340 -0.351091 0.894015 0.059300 0.000000 0.000000 0.000000 1.000000
0.932005 0.208629 -0.296380 14.094700 -0.058690 0.893800 0.444610 -3.178700 0.357663 -0.396984 0.845270 0.059300 0.000000 0.000000 0.000000 1.000000
0.920973 0.218125 -0.322848 14.094700 -0.046072 0.883761 0.465666 -3.178700 0.386893 -0.413991 0.823969 0.059300 0.000000 0.000000 0.000000 1.000000
0.923486 0.292481 -0.248249 14.094700 -0.158697 0.880393 0.446904 -3.178700 0.349268 -0.373313 0.859447 0.059300 0.000000 0.000000 0.000000 1.000000
0.887291 0.443538 -0.126445 14.094700 -0.373930 0.852303 0.365728 -3.178700 0.269984 -0.277225 0.922093 0.059300 0.000000 0.000000 0.000000 1.000000
0.833953 0.551442 -0.020818 14.094700 -0.533927 0.815848 0.222067 -3.178700 0.139441 -0.174079 0.974809 0.059300 0.000000 0.000000 0.000000 1.000000
0.751781 0.657176 0.054270 14.094700 -0.659408 0.749526 0.058243 -3.178700 -0.002400 -0.079572 0.996826 0.059300 0.000000 0.000000 0.000000 1.000000
0.642201 0.758014 0.113981 14.094700 -0.756303 0.650800 -0.066826 -3.178700 -0.124833 -0.043288 0.991233 0.059300 0.000000 0.000000 0.000000 1.000000
0.511884 0.844028 0.159974 14.094700 -0.829159 0.534127 -0.164932 -3.178700 -0.224654 -0.048218 0.973245 0.059300 0.000000 0.000000 0.000000 1.000000
0.403368 0.891336 0.206914 14.094700 -0.860457 0.446412 -0.245620 -3.178700 -0.311299 -0.078966 0.947025 0.059300 0.000000 0.000000 0.000000 1.000000
0.332721 0.901155 0.277878 14.094700 -0.834132 0.418693 -0.359054 -3.178700 -0.439909 -0.112323 0.890991 0.059300 0.000000 0.000000 0.000000 1.000000</float_array><technique_common><accessor source="#mixamorig_LeftArm-Matrix-animation-output-transform-array" count="21" stride="16"><param type="float4x4"/></accessor></technique_common></source><source id="mixamorig_LeftArm-Interpolations"><Name_array id="mixamorig_LeftArm-Interpolations-array" count="21">
 LINEAR LINEAR LINEAR LINEAR LINEAR LINEAR LINEAR LINEAR LINEAR LINEAR LINEAR
LINEAR LINEAR LINEAR LINEAR LINEAR LINEAR LINEAR LINEAR LINEAR LINEAR</Name_array><technique_common><accessor source="#mixamorig_LeftArm-Interpolations-array" count="21"><param type="name"/></accessor></technique_common></source><sampler id="mixamorig_LeftArm-Matrix-animation-transform"><input semantic="INPUT" source="#mixamorig_LeftArm-Matrix-animation-input"/><input semantic="OUTPUT" source="#mixamorig_LeftArm-Matrix-animation-output-transform"/><input semantic="INTERPOLATION" source="#mixamorig_LeftArm-Interpolations"/></sampler><channel source="#mixamorig_LeftArm-Matrix-animation-transform" target="mixamorig_LeftArm/matrix"/></animation>
    <animation id="mixamorig_LeftForeArm-anim" name="mixamorig_LeftForeArm"><source id="mixamorig_LeftForeArm-Matrix-animation-input"><float_array id="mixamorig_LeftForeArm-Matrix-animation-input-array" count="21">

0.000000 0.033333 0.066667 0.100000 0.133333 0.166667 0.200000 0.233333 0.266667 0.300000 0.333333 0.366667 0.400000 0.433333 0.466667 0.500000
