<?xml version="1.0" encoding="utf-8"?>
<COLLADA xmlns="http://www.collada.org/2005/11/COLLADASchema" version="1.4.1">
  <asset><contributor><author>Mixamo</author><authoring_tool>COLLADA Mixamo exporter</authoring_tool><comments></comments></contributor><created>2018-12-15T21:57:25Z</created><modified>2018-12-15T21:57:25Z</modified><revision></revision><title></title><unit meter="0.010000"/><up_axis>Y_UP</up_axis></asset>
  <library_animations>
    <animation id="mixamorig_Hips-anim" name="mixamorig_Hips"><source id="mixamorig_Hips-Matrix-animation-input"><float_array id="mixamorig_Hips-Matrix-animation-input-array" count="31">

0.000000 0.033333 0.066667 0.100000 0.133333 0.166667 0.200000 0.233333 0.266667 0.300000 0.333333 0.366667 0.400000 0.433333 0.466667 0.500000
0.533333 0.566667 0.600000 0.633333 0.666667 0.700000 0.733333 0.766667 0.800000 0.833333 0.866667 0.900000 0.933333 0.966667 1.000000</float_array><technique_common><accessor source="#mixamorig_Hips-Matrix-animation-input-array" count="31"><param name="TIME" type="float"/></accessor></technique_common></source><source id="mixamorig_Hips-Matrix-animation-output-transform"><float_array id="mixamorig_Hips-Matrix-animation-output-transform-array" count="496">

0.946733 -0.087233 0.309980 0.012447 0.195646 0.920393 -0.338526 85.661980 -0.255773 0.381140 0.888433 1.180367 0.000000 0.000000 0.000000 1.000000
0.971540 0.056253 0.230100 -0.194175 -0.005129 0.976160 -0.216989 97.524757 -0.236821 0.209634 0.948667 16.520027 0.000000 0.000000 0.000000 1.000000
0.971090 0.193902 0.139236 0.172505 -0.181765 0.978716 -0.095265 110.637321 -0.154744 0.067203 0.985666 31.597944 0.000000 0.000000 0.000000 1.000000
0.962273 0.263249 0.068785 0.618670 -0.264508 0.964334 0.009724 124.067184 -0.063772 -0.027552 0.997584 46.250992 0.000000 0.000000 0.000000 1.000000
0.973285 0.227317 0.032310 0.612926 -0.229286 0.969654 0.084848 137.846405 -0.012043 -0.089990 0.995870 60.896126 0.000000 0.000000 0.000000 1.000000
0.992604 0.120282 0.016439 0.129706 -0.121393 0.982014 0.144611 151.458832 0.001250 -0.145537 0.989352 75.558090 0.000000 0.000000 0.000000 1.000000
0.999680 0.024855 0.004658 -0.471093 -0.025286 0.980259 0.196097 163.958282 0.000308 -0.196152 0.980574 89.816574 0.000000 0.000000 0.000000 1.000000
0.999842 -0.001104 -0.017739 -0.934621 0.005041 0.974690 0.223502 174.957123 0.017043 -0.223557 0.974542 103.688370 0.000000 0.000000 0.000000 1.000000
0.997960 0.037303 -0.051813 -1.298382 -0.025351 0.976359 0.214663 184.212433 0.058596 -0.212911 0.975313 117.499878 0.000000 0.000000 0.000000 1.000000
0.992115 0.095878 -0.080716 -1.730673 -0.079989 0.980198 0.181146 191.390457 0.096486 -0.173262 0.980138 131.468765 0.000000 0.000000 0.000000 1.000000
0.987001 0.133925 -0.088845 -2.308014 -0.120073 0.981934 0.146245 196.145859 0.106826 -0.133676 0.985251 145.638962 0.000000 0.000000 0.000000 1.000000
0.987836 0.134044 -0.078812 -2.973901 -0.123488 0.984280 0.126265 197.958328 0.094498 -0.114997 0.988861 160.007034 0.000000 0.000000 0.000000 1.000000
0.993100 0.098352 -0.063872 -3.509721 -0.090167 0.988626 0.120372 196.340195 0.074985 -0.113782 0.990672 174.542984 0.000000 0.000000 0.000000 1.000000
0.998192 0.033946 -0.049595 -3.786050 -0.028125 0.993119 0.113684 189.907867 0.053113 -0.112084 0.992278 189.466507 0.000000 0.000000 0.000000 1.000000
0.998219 -0.053801 -0.025774 -4.007845 0.056037 0.993823 0.095786 179.801880 0.020461 -0.097060 0.995068 204.738861 0.000000 0.000000 0.000000 1.000000
0.989647 -0.142594 0.016316 -4.208655 0.140961 0.987060 0.076438 166.653885 -0.027005 -0.073347 0.996941 219.747742 0.000000 0.000000 0.000000 1.000000
0.976562 -0.204009 0.068614 -4.301680 0.198890 0.977173 0.074672 151.483627 -0.082281 -0.059275 0.994845 234.535645 0.000000 0.000000 0.000000 1.000000
0.969794 -0.215997 0.113334 -4.285134 0.205850 0.973981 0.094801 136.071869 -0.130862 -0.068608 0.989024 248.922333 0.000000 0.000000 0.000000 1.000000
0.975190 -0.174951 0.135630 -4.130251 0.158922 0.979820 0.121227 121.655350 -0.154102 -0.096665 0.983315 262.928070 0.000000 0.000000 0.000000 1.000000
0.986163 -0.099888 0.132303 -3.806089 0.082104 0.987620 0.133660 110.224228 -0.144017 -0.120948 0.982156 276.725494 0.000000 0.000000 0.000000 1.000000
0.992861 -0.034060 0.114312 -3.268146 0.020510 0.992839 0.117686 99.503784 -0.117502 -0.114501 0.986450 290.388000 0.000000 0.000000 0.000000 1.000000
0.995006 0.002478 0.099780 -2.364224 -0.008812 0.997969 0.063090 91.310638 -0.099421 -0.063654 0.993007 303.967499 0.000000 0.000000 0.000000 1.000000
0.992704 -0.016413 0.119458 -1.269148 0.020220 0.999323 -0.030730 87.429749 -0.118872 0.032921 0.992364 317.512115 0.000000 0.000000 0.000000 1.000000
0.980445 -0.080475 0.179587 -0.435473 0.106403 0.984452 -0.139758 87.502548 -0.165548 0.156134 0.973764 331.846436 0.000000 0.000000 0.000000 1.000000
0.951951 -0.153036 0.265271 -0.269560 0.215777 0.949841 -0.226368 89.662956 -0.217323 0.272731 0.937224 346.497070 0.000000 0.000000 0.000000 1.000000
0.914953 -0.191670 0.355139 -0.667261 0.298042 0.914255 -0.274425 90.601616 -0.272088 0.356932 0.893626 360.904938 0.000000 0.000000 0.000000 1.000000
0.881715 -0.183072 0.434814 -1.099366 0.331761 0.895870 -0.295553 89.661400 -0.335429 0.404847 0.850638 374.896820 0.000000 0.000000 0.000000 1.000000
0.860538 -0.148993 0.487109 -1.205584 0.329354 0.892236 -0.308934 88.206444 -0.388587 0.426281 0.816875 388.210602 0.000000 0.000000 0.000000 1.000000
0.864723 -0.115189 0.488862 -0.955199 0.302729 0.896201 -0.324313 87.020584 -0.400761 0.428433 0.809837 401.090485 0.000000 0.000000 0.000000 1.000000
0.898348 -0.095380 0.428805 -0.506780 0.257254 0.905476 -0.337541 86.179596 -0.356078 0.413541 0.837969 413.907257 0.000000 0.000000 0.000000 1.000000
0.946733 -0.087233 0.309980 0.012445 0.195646 0.920393 -0.338526 85.661980 -0.255773 0.381140 0.888433 426.952515 0.000000 0.000000 0.000000 1.000000</float_array><technique_common><accessor source="#mixamorig_Hips-Matrix-animation-output-transform-array" count="31" stride="16"><param type="float4x4"/></accessor></technique_common></source><source id="mixamorig_Hips-Interpolations"><Name_array id="mixamorig_Hips-Interpolations-array" count="31">
 LINEAR LINEAR LINEAR LINEAR LINEAR LINEAR LINEAR LINEAR LINEAR LINEAR LINEAR
LINEAR LINEAR LINEAR LINEAR LINEAR LINEAR LINEAR LINEAR LINEAR LINEAR LINEAR LINEAR
LINEAR LINEAR LINEAR LINEAR LINEAR LINEAR LINEAR LINEAR</Name_array><technique_common><accessor source="#mixamorig_Hips-Interpolations-array" count="31"><param type="name"/></accessor></technique_common></source><sampler id="mixamorig_Hips-Matrix-animation-transform"><input semantic="INPUT" source="#mixamorig_Hips-Matrix-animation-input"/><input semantic="OUTPUT" source="#mixamorig_Hips-Matrix-animation-output-transform"/><input semantic="INTERPOLATION" source="#mixamorig_Hips-Interpolations"/></sampler><channel source="#mixamorig_Hips-Matrix-animation-transform" target="mixamorig_Hips/matrix"/></animation>
    <animation id="mixamorig_Spine-anim" name="mixamorig_Spine"><source id="mixamorig_Spine-Matrix-animation-input"><float_array id="mixamorig_Spine-Matrix-animation-input-array" count="31">

0.000000 0.033333 0.066667 0.100000 0.133333 0.166667 0.200000 0.233333 0.266667 0.300000 0.333333 0.366667 0.400000 0.433333 0.466667 0.500000
0.533333 0.566667 0.600000 0.633333 0.666667 0.700000 0.733333 0.766667 0.800000 0.833333 0.866667 0.900000 0.933333 0.966667 1.000000</float_array><technique_common><accessor source="#mixamorig_Spine-Matrix-animation-input-array" count="31"><param name="TIME" type="float"/></accessor></technique_common></source><source id="mixamorig_Spine-Matrix-animation-output-transform"><float_array id="mixamorig_Spine-Matrix-animation-output-transform-array" count="496">

0.974806 0.046046 -0.218249 -0.038100 -0.100675 0.963954 -0.246289 9.490500 0.199041 0.262056 0.944304 -1.392100 0.000000 0.000000 0.000000 1.000000
0.980182 0.007295 -0.197964 -0.038100 -0.048761 0.977460 -0.205410 9.490500 0.192004 0.210993 0.958445 -1.392100 0.000000 0.000000 0.000000 1.000000
0.979738 -0.061666 -0.190552 -0.038100 0.030139 0.985980 -0.164118 9.490500 0.198001 0.155050 0.967861 -1.392100 0.000000 0.000000 0.000000 1.000000
0.972392 -0.107853 -0.206932 -0.038100 0.079116 0.986633 -0.142462 9.490500 0.219531 0.122157 0.967928 -1.392100 0.000000 0.000000 0.000000 1.000000
0.967890 -0.082099 -0.237591 -0.038100 0.047120 0.987664 -0.149331 9.490500 0.246920 0.133340 0.959818 -1.392100 0.000000 0.000000 0.000000 1.000000
0.967462 0.000221 -0.253015 -0.038100 -0.046295 0.983272 -0.176160 9.490500 0.248744 0.182142 0.951289 -1.392100 0.000000 0.000000 0.000000 1.000000
0.967653 0.066992 -0.243230 -0.038100 -0.121364 0.968824 -0.215988 9.490500 0.221178 0.238521 0.945615 -1.392100 0.000000 0.000000 0.000000 1.000000
0.973839 0.063624 -0.218149 -0.038100 -0.120974 0.957814 -0.260689 9.490500 0.192360 0.280259 0.940453 -1.392100 0.000000 0.000000 0.000000 1.000000
0.981904 -0.001118 -0.189376 -0.038100 -0.056596 0.952552 -0.299068 9.490500 0.180725 0.304374 0.935251 -1.392100 0.000000 0.000000 0.000000 1.000000
0.983268 -0.076821 -0.165176 -0.038100 0.018243 0.943698 -0.330304 9.490500 0.181250 0.321764 0.929310 -1.392100 0.000000 0.000000 0.000000 1.000000
0.981493 -0.119463 -0.149665 -0.038100 0.058788 0.931783 -0.358224 9.490500 0.182250 0.342795 0.921562 -1.392100 0.000000 0.000000 0.000000 1.000000
0.983054 -0.114449 -0.143198 -0.038100 0.052243 0.923681 -0.379585 9.490500 0.175712 0.365672 0.914007 -1.392100 0.000000 0.000000 0.000000 1.000000
0.986820 -0.070320 -0.145746 -0.038100 0.008850 0.922752 -0.385293 9.490500 0.161581 0.378925 0.911212 -1.392100 0.000000 0.000000 0.000000 1.000000
0.987352 -0.004029 -0.158493 -0.038100 -0.055534 0.927555 -0.369536 9.490500 0.148500 0.373664 0.915600 -1.392100 0.000000 0.000000 0.000000 1.000000
0.981294 0.069671 -0.179464 -0.038100 -0.126868 0.935190 -0.330644 9.490500 0.144796 0.347227 0.926535 -1.392100 0.000000 0.000000 0.000000 1.000000
0.973331 0.130423 -0.188722 -0.038100 -0.180670 0.942765 -0.280273 9.490500 0.141367 0.306895 0.941186 -1.392100 0.000000 0.000000 0.000000 1.000000
0.973096 0.162344 -0.163487 -0.038100 -0.198995 0.949844 -0.241240 9.490500 0.116123 0.267283 0.956596 -1.392100 0.000000 0.000000 0.000000 1.000000
0.983188 0.153379 -0.099078 -0.038100 -0.172535 0.957993 -0.229090 9.490500 0.059778 0.242333 0.968350 -1.392100 0.000000 0.000000 0.000000 1.000000
0.995016 0.099061 -0.011407 -0.038100 -0.098882 0.965469 -0.241024 9.490500 -0.012863 0.240951 0.970452 -1.392100 0.000000 0.000000 0.000000 1.000000
0.997166 0.011239 0.074393 -0.038100 0.008560 0.965412 -0.260590 9.490500 -0.074749 0.260488 0.962579 -1.392100 0.000000 0.000000 0.000000 1.000000
0.987827 -0.071261 0.138271 -0.038100 0.106920 0.956679 -0.270803 9.490500 -0.112983 0.282290 0.952653 -1.392100 0.000000 0.000000 0.000000 1.000000
0.975064 -0.121767 0.185536 -0.038100 0.168281 0.950713 -0.260434 9.490500 -0.144679 0.285162 0.947497 -1.392100 0.000000 0.000000 0.000000 1.000000
0.973320 -0.103697 0.204681 -0.038100 0.151445 0.960474 -0.233567 9.490500 -0.172370 0.258334 0.950554 -1.392100 0.000000 0.000000 0.000000 1.000000
0.983368 -0.015387 0.180973 -0.038100 0.052512 0.977937 -0.202191 9.490500 -0.173869 0.208331 0.962480 -1.392100 0.000000 0.000000 0.000000 1.000000
0.989619 0.102782 0.100453 -0.038100 -0.084800 0.981915 -0.169268 9.490500 -0.116034 0.158992 0.980437 -1.392100 0.000000 0.000000 0.000000 1.000000
0.982506 0.184653 -0.024181 -0.038100 -0.186226 0.973382 -0.133592 9.490500 -0.001131 0.135758 0.990741 -1.392100 0.000000 0.000000 0.000000 1.000000
0.967985 0.193004 -0.160482 -0.038100 -0.212524 0.970382 -0.114859 9.490500 0.133561 0.145288 0.980333 -1.392100 0.000000 0.000000 0.000000 1.000000
0.952085 0.145823 -0.268830 -0.038100 -0.186535 0.973460 -0.132591 9.490500 0.242360 0.176384 0.954018 -1.392100 0.000000 0.000000 0.000000 1.000000
0.945540 0.087834 -0.313432 -0.038100 -0.147545 0.973955 -0.172169 9.490500 0.290146 0.209038 0.933873 -1.392100 0.000000 0.000000 0.000000 1.000000
0.955457 0.052861 -0.290359 -0.038100 -0.118015 0.970179 -0.211718 9.490500 0.270509 0.236554 0.933203 -1.392100 0.000000 0.000000 0.000000 1.000000
0.974806 0.046046 -0.218249 -0.038100 -0.100675 0.963954 -0.246289 9.490500 0.199041 0.262056 0.944304 -1.392100 0.000000 0.000000 0.000000 1.000000</float_array><technique_common><accessor source="#mixamorig_Spine-Matrix-animation-output-transform-array" count="31" stride="16"><param type="float4x4"/></accessor></technique_common></source><source id="mixamorig_Spine-Interpolations"><Name_array id="mixamorig_Spine-Interpolations-array" count="31">
 LINEAR LINEAR LINEAR LINEAR LINEAR LINEAR LINEAR LINEAR LINEAR LINEAR LINEAR
LINEAR LINEAR LINEAR LINEAR LINEAR LINEAR LINEAR LINEAR LINEAR LINEAR LINEAR LINEAR
LINEAR LINEAR LINEAR LINEAR LINEAR LINEAR LINEAR LINEAR</Name_array><technique_common><accessor source="#mixamorig_Spine-Interpolations-array" count="31"><param type="name"/></accessor></technique_common></source><sampler id="mixamorig_Spine-Matrix-animation-transform"><input semantic="INPUT" source="#mixamorig_Spine-Matrix-animation-input"/><input semantic="OUTPUT" source="#mixamorig_Spine-Matrix-animation-output-transform"/><input semantic="INTERPOLATION" source="#mixamorig_Spine-Interpolations"/></sampler><channel source="#mixamorig_Spine-Matrix-animation-transform" target="mixamorig_Spine/matrix"/></animation>
    <animation id="mixamorig_Spine1-anim" name="mixamorig_Spine1"><source id="mixamorig_Spine1-Matrix-animation-input"><float_array id="mixamorig_Spine1-Matrix-animation-input-array" count="31">

0.000000 0.033333 0.066667 0.100000 0.133333 0.166667 0.200000 0.233333 0.266667 0.300000 0.333333 0.366667 0.400000 0.433333 0.466667 0.500000
0.533333 0.566667 0.600000 0.633333 0.666667 0.700000 0.733333 0.766667 0.800000 0.833333 0.866667 0.900000 0.933333 0.966667 1.000000</float_array><technique_common><accessor source="#mixamorig_Spine1-Matrix-animation-input-array" count="31"><param name="TIME" type="float"/></accessor></technique_common></source><source id="mixamorig_Spine1-Matrix-animation-output-transform"><float_array id="mixamorig_Spine1-Matrix-animation-output-transform-array" count="496">

0.998511 0.012528 -0.053094 -0.044200 -0.013586 0.999715 -0.019612 11.072300 0.052833 0.020304 0.998397 -1.624100 0.000000 0.000000 0.000000 1.000000
0.999386 -0.019645 -0.029016 -0.044200 0.019463 0.999789 -0.006544 11.072300 0.029139 0.005975 0.999558 -1.624100 0.000000 0.000000 0.000000 1.000000
0.996810 -0.079323 -0.008835 -0.044200 0.079546 0.996422 0.028556 11.072300 0.006539 -0.029167 0.999553 -1.624100 0.000000 0.000000 0.000000 1.000000
0.990382 -0.138274 0.004915 -0.044200 0.137694 0.988466 0.063055 11.072300 -0.013577 -0.061772 0.997998 -1.624100 0.000000 0.000000 0.000000 1.000000
0.985796 -0.167390 0.013676 -0.044200 0.166008 0.983516 0.071674 11.072300 -0.025448 -0.068385 0.997334 -1.624100 0.000000 0.000000 0.000000 1.000000
0.986728 -0.161047 0.020783 -0.044200 0.160013 0.986117 0.044373 11.072300 -0.027640 -0.040459 0.998799 -1.624100 0.000000 0.000000 0.000000 1.000000
0.990113 -0.137805 0.026183 -0.044200 0.138111 0.990363 -0.010273 11.072300 -0.024515 0.013787 0.999604 -1.624100 0.000000 0.000000 0.000000 1.000000
0.992939 -0.115640 0.026446 -0.044200 0.117348 0.990153 -0.076326 11.072300 -0.017360 0.078890 0.996732 -1.624100 0.000000 0.000000 0.000000 1.000000
0.995114 -0.096691 0.019994 -0.044200 0.098553 0.985026 -0.141458 11.072300 -0.006017 0.142737 0.989742 -1.624100 0.000000 0.000000 0.000000 1.000000
0.997046 -0.076147 0.010090 -0.044200 0.076628 0.976929 -0.199343 11.072300 0.005322 0.199528 0.979878 -1.624100 0.000000 0.000000 0.000000 1.000000
0.998493 -0.054815 0.002462 -0.044200 0.053741 0.967894 -0.245546 11.072300 0.011077 0.245308 0.969382 -1.624100 0.000000 0.000000 0.000000 1.000000
0.999310 -0.037139 0.000986 -0.044200 0.035990 0.961124 -0.273762 11.072300 0.009220 0.273608 0.961797 -1.624100 0.000000 0.000000 0.000000 1.000000
0.999720 -0.023080 0.005273 -0.044200 0.023638 0.960762 -0.276364 11.072300 0.001313 0.276411 0.961039 -1.624100 0.000000 0.000000 0.000000 1.000000
0.999883 -0.010232 0.011367 -0.044200 0.012806 0.966441 -0.256571 11.072300 -0.008360 0.256687 0.966459 -1.624100 0.000000 0.000000 0.000000 1.000000
0.999898 0.002490 0.014099 -0.044200 0.000688 0.975267 -0.221030 11.072300 -0.014301 0.221017 0.975165 -1.624100 0.000000 0.000000 0.000000 1.000000
0.999854 0.012846 0.011309 -0.044200 -0.010622 0.983886 -0.178479 11.072300 -0.013419 0.178332 0.983879 -1.624100 0.000000 0.000000 0.000000 1.000000
0.999823 0.017881 0.005797 -0.044200 -0.016864 0.989494 -0.143587 11.072300 -0.008304 0.143463 0.989621 -1.624100 0.000000 0.000000 0.000000 1.000000
0.999840 0.017770 0.002090 -0.044200 -0.017353 0.991516 -0.128820 11.072300 -0.004361 0.128763 0.991666 -1.624100 0.000000 0.000000 0.000000 1.000000
0.999891 0.014692 0.001632 -0.044200 -0.014336 0.990731 -0.135078 11.072300 -0.003601 0.135040 0.990834 -1.624100 0.000000 0.000000 0.000000 1.000000
0.999942 0.010538 0.002269 -0.044200 -0.010086 0.988900 -0.148243 11.072300 -0.003806 0.148211 0.988948 -1.624100 0.000000 0.000000 0.000000 1.000000
0.999976 0.006588 0.002249 -0.044200 -0.006182 0.988957 -0.148074 11.072300 -0.003200 0.148057 0.988974 -1.624100 0.000000 0.000000 0.000000 1.000000
0.999990 0.003659 0.002667 -0.044200 -0.003299 0.992244 -0.124262 11.072300 -0.003101 0.124252 0.992246 -1.624100 0.000000 0.000000 0.000000 1.000000
0.999984 0.003051 0.004705 -0.044200 -0.002672 0.996892 -0.078740 11.072300 -0.004930 0.078727 0.996884 -1.624100 0.000000 0.000000 0.000000 1.000000
0.999967 0.005783 0.005646 -0.044200 -0.005657 0.999739 -0.022134 11.072300 -0.005773 0.022101 0.999739 -1.624100 0.000000 0.000000 0.000000 1.000000
0.999933 0.011602 0.000573 -0.044200 -0.011615 0.999376 0.033352 11.072300 -0.000186 -0.033356 0.999444 -1.624100 0.000000 0.000000 0.000000 1.000000
0.999763 0.018203 -0.011909 -0.044200 -0.017231 0.996873 0.077125 11.072300 0.013276 -0.076902 0.996950 -1.624100 0.000000 0.000000 0.000000 1.000000
0.999377 0.021837 -0.027714 -0.044200 -0.019002 0.994933 0.098723 11.072300 0.029729 -0.098135 0.994729 -1.624100 0.000000 0.000000 0.000000 1.000000
0.998953 0.019954 -0.041157 -0.044200 -0.016195 0.995835 0.089726 11.072300 0.042776 -0.088965 0.995116 -1.624100 0.000000 0.000000 0.000000 1.000000
0.998661 0.015863 -0.049241 -0.044200 -0.012937 0.998164 0.059178 11.072300 0.050089 -0.058462 0.997032 -1.624100 0.000000 0.000000 0.000000 1.000000
0.998533 0.012908 -0.052587 -0.044200 -0.011910 0.999744 0.019240 11.072300 0.052822 -0.018585 0.998431 -1.624100 0.000000 0.000000 0.000000 1.000000
0.998511 0.012528 -0.053094 -0.044200 -0.013586 0.999715 -0.019612 11.072300 0.052833 0.020304 0.998397 -1.624100 0.000000 0.000000 0.000000 1.000000</float_array><technique_common><accessor source="#mixamorig_Spine1-Matrix-animation-output-transform-array" count="31" stride="16"><param type="float4x4"/></accessor></technique_common></source><source id="mixamorig_Spine1-Interpolations"><Name_array id="mixamorig_Spine1-Interpolations-array" count="31">
 LINEAR LINEAR LINEAR LINEAR LINEAR LINEAR LINEAR LINEAR LINEAR LINEAR LINEAR
LINEAR LINEAR LINEAR LINEAR LINEAR LINEAR LINEAR LINEAR LINEAR LINEAR LINEAR LINEAR
LINEAR LINEAR LINEAR LINEAR LINEAR LINEAR LINEAR LINEAR</Name_array><technique_common><accessor source="#mixamorig_Spine1-Interpolations-array" count="31"><param type="name"/></accessor></technique_common></source><sampler id="mixamorig_Spine1-Matrix-animation-transform"><input semantic="INPUT" source="#mixamorig_Spine1-Matrix-animation-input"/><input semantic="OUTPUT" source="#mixamorig_Spine1-Matrix-animation-output-transform"/><input semantic="INTERPOLATION" source="#mixamorig_Spine1-Interpolations"/></sampler><channel source="#mixamorig_Spine1-Matrix-animation-transform" target="mixamorig_Spine1/matrix"/></animation>
    <animation id="mixamorig_Spine2-anim" name="mixamorig_Spine2"><source id="mixamorig_Spine2-Matrix-animation-input"><float_array id="mixamorig_Spine2-Matrix-animation-input-array" count="31">

0.000000 0.033333 0.066667 0.100000 0.133333 0.166667 0.200000 0.233333 0.266667 0.300000 0.333333 0.366667 0.400000 0.433333 0.466667 0.500000
0.533333 0.566667 0.600000 0.633333 0.666667 0.700000 0.733333 0.766667 0.800000 0.833333 0.866667 0.900000 0.933333 0.966667 1.000000</float_array><technique_common><accessor source="#mixamorig_Spine2-Matrix-animation-input-array" count="31"><param name="TIME" type="float"/></accessor></technique_common></source><source id="mixamorig_Spine2-Matrix-animation-output-transform"><float_array id="mixamorig_Spine2-Matrix-animation-output-transform-array" count="496">

0.998552 0.012171 -0.052396 -0.050500 -0.013247 0.999707 -0.020235 12.654000 0.052135 0.020900 0.998421 -1.856100 0.000000 0.000000 0.000000 1.000000
0.999421 -0.019325 -0.028013 -0.050500 0.018564 0.999458 -0.027186 12.654000 0.028524 0.026650 0.999238 -1.856100 0.000000 0.000000 0.000000 1.000000
0.996830 -0.079350 -0.005773 -0.050500 0.079222 0.996660 -0.019795 12.654000 0.007324 0.019275 0.999787 -1.856100 0.000000 0.000000 0.000000 1.000000
0.990242 -0.138967 0.010470 -0.050500 0.139114 0.990164 -0.014898 12.654000 -0.008297 0.016209 0.999834 -1.856100 0.000000 0.000000 0.000000 1.000000
0.985565 -0.168056 0.020480 -0.050500 0.168637 0.985189 -0.031050 12.654000 -0.014959 0.034055 0.999308 -1.856100 0.000000 0.000000 0.000000 1.000000
0.986688 -0.160361 0.027045 -0.050500 0.161982 0.983878 -0.075798 12.654000 -0.014454 0.079170 0.996756 -1.856100 0.000000 0.000000 0.000000 1.000000
0.990384 -0.134779 0.031218 -0.050500 0.137878 0.980137 -0.142554 12.654000 -0.011384 0.145487 0.989295 -1.856100 0.000000 0.000000 0.000000 1.000000
0.993393 -0.110546 0.030809 -0.050500 0.114611 0.969318 -0.217457 12.654000 -0.005825 0.219551 0.975584 -1.856100 0.000000 0.000000 0.000000 1.000000
0.995548 -0.091027 0.024479 -0.050500 0.094215 0.952786 -0.288655 12.654000 0.002952 0.289676 0.957120 -1.856100 0.000000 0.000000 0.000000 1.000000
0.997328 -0.071478 0.015068 -0.050500 0.072221 0.933841 -0.350322 12.654000 0.010969 0.350474 0.936508 -1.856100 0.000000 0.000000 0.000000 1.000000
0.998646 -0.051439 0.007805 -0.050500 0.050275 0.915478 -0.399215 12.654000 0.013390 0.399067 0.916824 -1.856100 0.000000 0.000000 0.000000 1.000000
0.999409 -0.033854 0.005950 -0.050500 0.033128 0.902546 -0.429318 12.654000 0.009164 0.429261 0.903134 -1.856100 0.000000 0.000000 0.000000 1.000000
0.999795 -0.018410 0.008437 -0.050500 0.020249 0.902071 -0.431112 12.654000 0.000326 0.431194 0.902259 -1.856100 0.000000 0.000000 0.000000 1.000000
0.999922 -0.004314 0.011756 -0.050500 0.008709 0.914152 -0.405277 12.654000 -0.008998 0.405348 0.914118 -1.856100 0.000000 0.000000 0.000000 1.000000
0.999899 0.007723 0.011951 -0.050500 -0.002961 0.934427 -0.356143 12.654000 -0.013918 0.356071 0.934355 -1.856100 0.000000 0.000000 0.000000 1.000000
0.999851 0.015175 0.008169 -0.050500 -0.012126 0.956272 -0.292228 12.654000 -0.012246 0.292085 0.956314 -1.856100 0.000000 0.000000 0.000000 1.000000
0.999860 0.016327 0.003782 -0.050500 -0.015009 0.972729 -0.231457 12.654000 -0.007458 0.231368 0.972838 -1.856100 0.000000 0.000000 0.000000 1.000000
0.999912 0.013004 0.002601 -0.050500 -0.012261 0.981275 -0.192219 12.654000 -0.005052 0.192171 0.981349 -1.856100 0.000000 0.000000 0.000000 1.000000
0.999955 0.008210 0.004681 -0.050500 -0.007185 0.982177 -0.187820 12.654000 -0.006140 0.187778 0.982192 -1.856100 0.000000 0.000000 0.000000 1.000000
0.999970 0.003646 0.006891 -0.050500 -0.002144 0.978450 -0.206473 12.654000 -0.007495 0.206452 0.978428 -1.856100 0.000000 0.000000 0.000000 1.000000
0.999974 -0.000071 0.007190 -0.050500 0.001677 0.974668 -0.223649 12.654000 -0.006992 0.223656 0.974643 -1.856100 0.000000 0.000000 0.000000 1.000000
0.999971 -0.002577 0.007120 -0.050500 0.004099 0.974810 -0.222999 12.654000 -0.006366 0.223022 0.974793 -1.856100 0.000000 0.000000 0.000000 1.000000
0.999962 -0.002560 0.008322 -0.050500 0.004176 0.979701 -0.200421 12.654000 -0.007640 0.200448 0.979674 -1.856100 0.000000 0.000000 0.000000 1.000000
0.999967 0.000665 0.008077 -0.050500 0.000655 0.986721 -0.162425 12.654000 -0.008078 0.162425 0.986688 -1.856100 0.000000 0.000000 0.000000 1.000000
0.999981 0.005992 0.001188 -0.050500 -0.005807 0.992856 -0.119177 12.654000 -0.001894 0.119168 0.992872 -1.856100 0.000000 0.000000 0.000000 1.000000
0.999849 0.010895 -0.013507 -0.050500 -0.011940 0.996732 -0.079897 12.654000 0.012592 0.080046 0.996712 -1.856100 0.000000 0.000000 0.000000 1.000000
0.999444 0.012765 -0.030805 -0.050500 -0.014401 0.998464 -0.053493 12.654000 0.030075 0.053907 0.998093 -1.856100 0.000000 0.000000 0.000000 1.000000
0.998980 0.010957 -0.043806 -0.050500 -0.012565 0.999251 -0.036610 12.654000 0.043372 0.037123 0.998369 -1.856100 0.000000 0.000000 0.000000 1.000000
0.998676 0.009825 -0.050498 -0.050500 -0.010630 0.999820 -0.015698 12.654000 0.050335 0.016214 0.998601 -1.856100 0.000000 0.000000 0.000000 1.000000
0.998562 0.010590 -0.052546 -0.050500 -0.010842 0.999931 -0.004518 12.654000 0.052495 0.005081 0.998608 -1.856100 0.000000 0.000000 0.000000 1.000000
0.998552 0.012171 -0.052396 -0.050500 -0.013247 0.999707 -0.020235 12.654000 0.052135 0.020899 0.998421 -1.856100 0.000000 0.000000 0.000000 1.000000</float_array><technique_common><accessor source="#mixamorig_Spine2-Matrix-animation-output-transform-array" count="31" stride="16"><param type="float4x4"/></accessor></technique_common></source><source id="mixamorig_Spine2-Interpolations"><Name_array id="mixamorig_Spine2-Interpolations-array" count="31">
 LINEAR LINEAR LINEAR LINEAR LINEAR LINEAR LINEAR LINEAR LINEAR LINEAR LINEAR
LINEAR LINEAR LINEAR LINEAR LINEAR LINEAR LINEAR LINEAR LINEAR LINEAR LINEAR LINEAR
LINEAR LINEAR LINEAR LINEAR LINEAR LINEAR LINEAR LINEAR</Name_array><technique_common><accessor source="#mixamorig_Spine2-Interpolations-array" count="31"><param type="name"/></accessor></technique_common></source><sampler id="mixamorig_Spine2-Matrix-animation-transform"><input semantic="INPUT" source="#mixamorig_Spine2-Matrix-animation-input"/><input semantic="OUTPUT" source="#mixamorig_Spine2-Matrix-animation-output-transform"/><input semantic="INTERPOLATION" source="#mixamorig_Spine2-Interpolations"/></sampler><channel source="#mixamorig_Spine2-Matrix-animation-transform" target="mixamorig_Spine2/matrix"/></animation>
    <animation id="mixamorig_Neck-anim" name="mixamorig_Neck"><source id="mixamorig_Neck-Matrix-animation-input"><float_array id="mixamorig_Neck-Matrix-animation-input-array" count="31">

0.000000 0.033333 0.066667 0.100000 0.133333 0.166667 0.200000 0.233333 0.266667 0.300000 0.333333 0.366667 0.400000 0.433333 0.466667 0.500000
0.533333 0.566667 0.600000 0.633333 0.666667 0.700000 0.733333 0.766667 0.800000 0.833333 0.866667 0.900000 0.933333 0.966667 1.000000</float_array><technique_common><accessor source="#mixamorig_Neck-Matrix-animation-input-array" count="31"><param name="TIME" type="float"/></accessor></technique_common></source><source id="mixamorig_Neck-Matrix-animation-output-transform"><float_array id="mixamorig_Neck-Matrix-animation-output-transform-array" count="496">

0.999269 0.023759 0.029938 -0.056900 -0.027426 0.991304 0.128702 14.235800 -0.026620 -0.129429 0.991231 -2.088100 0.000000 0.000000 0.000000 1.000000
0.999148 0.027136 0.031111 -0.056900 -0.031357 0.989025 0.144380 14.235800 -0.026851 -0.145232 0.989033 -2.088100 0.000000 0.000000 0.000000 1.000000
0.997666 0.061026 0.030636 -0.056900 -0.064621 0.988763 0.134800 14.235800 -0.022066 -0.136465 0.990399 -2.088100 0.000000 0.000000 0.000000 1.000000
0.993967 0.106475 0.026332 -0.056900 -0.108616 0.988915 0.101245 14.235800 -0.015261 -0.103494 0.994513 -2.088100 0.000000 0.000000 0.000000 1.000000
0.990502 0.136466 0.016826 -0.056900 -0.137227 0.988810 0.058505 14.235800 -0.008654 -0.060258 0.998145 -2.088100 0.000000 0.000000 0.000000 1.000000
0.990624 0.136553 0.004152 -0.056900 -0.136614 0.990288 0.025814 14.235800 -0.000586 -0.026139 0.999658 -2.088100 0.000000 0.000000 0.000000 1.000000
0.993204 0.116237 -0.005878 -0.056900 -0.116175 0.993178 0.010032 14.235800 0.007004 -0.009281 0.999932 -2.088100 0.000000 0.000000 0.000000 1.000000
0.995412 0.095377 -0.007628 -0.056900 -0.095351 0.995437 0.003764 14.235800 0.007952 -0.003020 0.999964 -2.088100 0.000000 0.000000 0.000000 1.000000
0.996419 0.084553 -0.000902 -0.056900 -0.084555 0.996415 -0.002760 14.235800 0.000666 0.002826 0.999996 -2.088100 0.000000 0.000000 0.000000 1.000000
0.996744 0.080179 0.008575 -0.056900 -0.080077 0.996721 -0.011611 14.235800 -0.009478 0.010887 0.999896 -2.088100 0.000000 0.000000 0.000000 1.000000
0.997130 0.074362 0.014208 -0.056900 -0.074092 0.997077 -0.018634 14.235800 -0.015552 0.017528 0.999725 -2.088100 0.000000 0.000000 0.000000 1.000000
0.997808 0.064737 0.013742 -0.056900 -0.064433 0.997689 -0.021545 14.235800 -0.015105 0.020612 0.999673 -2.088100 0.000000 0.000000 0.000000 1.000000
0.998433 0.055097 0.009813 -0.056900 -0.054849 0.998207 -0.023959 14.235800 -0.011116 0.023383 0.999665 -2.088100 0.000000 0.000000 0.000000 1.000000
0.998770 0.049129 0.006638 -0.056900 -0.048856 0.998142 -0.036410 14.235800 -0.008415 0.036041 0.999315 -2.088100 0.000000 0.000000 0.000000 1.000000
0.998895 0.046670 0.005501 -0.056900 -0.046196 0.996666 -0.067247 14.235800 -0.008621 0.066919 0.997721 -2.088100 0.000000 0.000000 0.000000 1.000000
0.999006 0.044389 0.004017 -0.056900 -0.043611 0.992113 -0.117514 14.235800 -0.009201 0.117222 0.993063 -2.088100 0.000000 0.000000 0.000000 1.000000
0.999198 0.040046 -0.000714 -0.056900 -0.039523 0.982947 -0.179589 14.235800 -0.006490 0.179473 0.983741 -2.088100 0.000000 0.000000 0.000000 1.000000
0.999269 0.037124 -0.009083 -0.056900 -0.038219 0.970934 -0.236278 14.235800 0.000047 0.236452 0.971643 -2.088100 0.000000 0.000000 0.000000 1.000000
0.998889 0.043437 -0.018298 -0.056900 -0.046753 0.962357 -0.267739 14.235800 0.005979 0.268297 0.963318 -2.088100 0.000000 0.000000 0.000000 1.000000
0.997707 0.063128 -0.024424 -0.056900 -0.067329 0.962670 -0.262170 14.235800 0.006962 0.263213 0.964713 -2.088100 0.000000 0.000000 0.000000 1.000000
0.995647 0.089649 -0.025502 -0.056900 -0.093076 0.970752 -0.221310 14.235800 0.004916 0.222720 0.974870 -2.088100 0.000000 0.000000 0.000000 1.000000
0.993822 0.108516 -0.023263 -0.056900 -0.110823 0.981569 -0.155695 14.235800 0.005939 0.157311 0.987531 -2.088100 0.000000 0.000000 0.000000 1.000000
0.993779 0.109256 -0.021598 -0.056900 -0.110540 0.991283 -0.071685 14.235800 0.013578 0.073626 0.997193 -2.088100 0.000000 0.000000 0.000000 1.000000
0.995328 0.093910 -0.022417 -0.056900 -0.093204 0.995173 0.030706 14.235800 0.025192 -0.028473 0.999277 -2.088100 0.000000 0.000000 0.000000 1.000000
0.996968 0.074119 -0.023670 -0.056900 -0.069937 0.986976 0.144869 14.235800 0.034099 -0.142774 0.989168 -2.088100 0.000000 0.000000 0.000000 1.000000
0.997928 0.060572 -0.021717 -0.056900 -0.053397 0.967847 0.245806 14.235800 0.035907 -0.244137 0.969076 -2.088100 0.000000 0.000000 0.000000 1.000000
0.998350 0.055445 -0.014913 -0.056900 -0.048431 0.952725 0.299950 14.235800 0.030839 -0.298733 0.953838 -2.088100 0.000000 0.000000 0.000000 1.000000
0.998556 0.053542 -0.004409 -0.056900 -0.049952 0.955526 0.290647 14.235800 0.019775 -0.290007 0.956820 -2.088100 0.000000 0.000000 0.000000 1.000000
0.998767 0.049098 0.007308 -0.056900 -0.049434 0.970470 0.236104 14.235800 0.004500 -0.236174 0.971700 -2.088100 0.000000 0.000000 0.000000 1.000000
0.999056 0.039125 0.018860 -0.056900 -0.041794 0.984165 0.172256 14.235800 -0.011821 -0.172882 0.984872 -2.088100 0.000000 0.000000 0.000000 1.000000
0.999269 0.023759 0.029938 -0.056900 -0.027425 0.991304 0.128701 14.235800 -0.026620 -0.129428 0.991231 -2.088100 0.000000 0.000000 0.000000 1.000000</float_array><technique_common><accessor source="#mixamorig_Neck-Matrix-animation-output-transform-array" count="31" stride="16"><param type="float4x4"/></accessor></technique_common></source><source id="mixamorig_Neck-Interpolations"><Name_array id="mixamorig_Neck-Interpolations-array" count="31">
 LINEAR LINEAR LINEAR LINEAR LINEAR LINEAR LINEAR LINEAR LINEAR LINEAR LINEAR
LINEAR LINEAR LINEAR LINEAR LINEAR LINEAR LINEAR LINEAR LINEAR LINEAR LINEAR LINEAR
LINEAR LINEAR LINEAR LINEAR LINEAR LINEAR LINEAR LINEAR</Name_array><technique_common><accessor source="#mixamorig_Neck-Interpolations-array" count="31"><param type="name"/></accessor></technique_common></source><sampler id="mixamorig_Neck-Matrix-animation-transform"><input semantic="INPUT" source="#mixamorig_Neck-Matrix-animation-input"/><input semantic="OUTPUT" source="#mixamorig_Neck-Matrix-animation-output-transform"/><input semantic="INTERPOLATION" source="#mixamorig_Neck-Interpolations"/></sampler><channel source="#mixamorig_Neck-Matrix-animation-transform" target="mixamorig_Neck/matrix"/></animation>
    <animation id="mixamorig_Head-anim" name="mixamorig_Head"><source id="mixamorig_Head-Matrix-animation-input"><float_array id="mixamorig_Head-Matrix-animation-input-array" count="31">

0.000000 0.033333 0.066667 0.100000 0.133333 0.166667 0.200000 0.233333 0.266667 0.300000 0.333333 0.366667 0.400000 0.433333 0.466667 0.500000
0.533333 0.566667 0.600000 0.633333 0.666667 0.700000 0.733333 0.766667 0.800000 0.833333 0.866667 0.900000 0.933333 0.966667 1.000000</float_array><technique_common><accessor source="#mixamorig_Head-Matrix-animation-input-array" count="31"><param name="TIME" type="float"/></accessor></technique_common></source><source id="mixamorig_Head-Matrix-animation-output-transform"><float_array id="mixamorig_Head-Matrix-animation-output-transform-array" count="496">

0.994802 -0.066506 -0.077111 0.000000 0.092577 0.906072 0.412871 3.280200 0.042410 -0.417863 0.907520 0.313300 0.000000 0.000000 0.000000 1.000000
0.997932 -0.062916 0.013144 0.000000 0.057469 0.964991 0.255910 3.280200 -0.028785 -0.254625 0.966611 0.313300 0.000000 0.000000 0.000000 1.000000
0.996109 -0.003321 0.088069 -0.000000 0.001470 0.999777 0.021074 3.280200 -0.088119 -0.020863 0.995891 0.313300 0.000000 0.000000 0.000000 1.000000
0.988681 0.084438 0.124016 0.000000 -0.055123 0.973217 -0.223181 3.280200 -0.139540 0.213819 0.966856 0.313300 0.000000 0.000000 0.000000 1.000000
0.980533 0.156913 0.118036 0.000000 -0.100728 0.917992 -0.383594 3.280200 -0.168547 0.364237 0.915928 0.313300 0.000000 0.000000 0.000000 1.000000
0.977504 0.189563 0.092479 0.000000 -0.133161 0.894681 -0.426396 3.280200 -0.163568 0.404489 0.899797 0.313300 0.000000 0.000000 0.000000 1.000000
0.978524 0.193002 0.072395 0.000000 -0.151828 0.912373 -0.380162 3.280200 -0.139423 0.361006 0.922083 0.313300 0.000000 0.000000 0.000000 1.000000
0.979147 0.190798 0.069763 0.000000 -0.163369 0.943637 -0.287853 3.280200 -0.120753 0.270453 0.955130 0.313300 0.000000 0.000000 0.000000 1.000000
0.977751 0.193500 0.081001 0.000000 -0.176957 0.968197 -0.176864 3.280200 -0.112648 0.158595 0.980897 0.313300 0.000000 0.000000 0.000000 1.000000
0.976333 0.195427 0.092641 0.000000 -0.190616 0.979932 -0.058291 3.280200 -0.102173 0.039253 0.993992 0.313300 0.000000 0.000000 0.000000 1.000000
0.977646 0.189107 0.091909 0.000000 -0.194686 0.979265 0.056010 3.280200 -0.079412 -0.072651 0.994191 0.313300 0.000000 0.000000 0.000000 1.000000
0.981746 0.174662 0.075286 0.000000 -0.184212 0.971707 0.147822 3.280200 -0.047337 -0.158992 0.986144 0.313300 0.000000 0.000000 0.000000 1.000000
0.986552 0.156120 0.048394 -0.000000 -0.162801 0.964916 0.205995 3.280200 -0.014536 -0.211103 0.977356 0.313300 0.000000 0.000000 0.000000 1.000000
0.990705 0.134801 0.018232 0.000000 -0.135391 0.964203 0.227994 3.280200 0.013154 -0.228343 0.973492 0.313300 0.000000 0.000000 0.000000 1.000000
0.993859 0.109368 -0.016797 0.000000 -0.102920 0.969455 0.222630 3.280200 0.040632 -0.219534 0.974758 0.313300 0.000000 0.000000 0.000000 1.000000
0.994555 0.080682 -0.065956 0.000000 -0.065998 0.977465 0.200516 3.280200 0.080647 -0.195071 0.977468 0.313300 0.000000 0.000000 0.000000 1.000000
0.989278 0.055590 -0.135051 -0.000000 -0.031969 0.984726 0.171153 3.280200 0.142503 -0.165001 0.975945 0.313300 0.000000 0.000000 0.000000 1.000000
0.975091 0.045349 -0.217119 -0.000000 -0.012175 0.988344 0.151751 3.280200 0.221470 -0.145328 0.964277 0.313300 0.000000 0.000000 0.000000 1.000000
0.954404 0.054286 -0.293540 -0.000000 -0.009347 0.988279 0.152375 3.280200 0.298371 -0.142683 0.943725 0.313300 0.000000 0.000000 0.000000 1.000000
0.934981 0.067637 -0.348190 0.000000 -0.016222 0.988777 0.148513 3.280200 0.354327 -0.133209 0.925585 0.313300 0.000000 0.000000 0.000000 1.000000
0.922090 0.057575 -0.382669 0.000000 -0.024479 0.995568 0.090805 3.280200 0.386201 -0.074363 0.919412 0.313300 0.000000 0.000000 0.000000 1.000000
0.912371 0.005092 -0.409333 0.000000 -0.024474 0.998813 -0.042125 3.280200 0.408632 0.048452 0.911412 0.313300 0.000000 0.000000 0.000000 1.000000
0.900117 -0.080770 -0.428095 0.000000 -0.008432 0.979248 -0.202488 3.280200 0.435567 0.185872 0.880757 0.313300 0.000000 0.000000 0.000000 1.000000
0.888005 -0.165492 -0.429021 0.000000 0.024030 0.948419 -0.316108 3.280200 0.459205 0.270396 0.846178 0.313300 0.000000 0.000000 0.000000 1.000000
0.883330 -0.220726 -0.413530 -0.000000 0.068485 0.933500 -0.351976 3.280200 0.463721 0.282591 0.839706 0.313300 0.000000 0.000000 0.000000 1.000000
0.887804 -0.242562 -0.391111 0.000000 0.115108 0.939855 -0.321595 3.280200 0.445594 0.240493 0.862328 0.313300 0.000000 0.000000 0.000000 1.000000
0.900386 -0.236397 -0.365269 -0.000000 0.155309 0.958839 -0.237711 3.280200 0.406428 0.157302 0.900040 0.313300 0.000000 0.000000 0.000000 1.000000
0.922143 -0.205542 -0.327726 0.000000 0.182768 0.978139 -0.099199 3.280200 0.340951 0.031578 0.939551 0.313300 0.000000 0.000000 0.000000 1.000000
0.950629 -0.156964 -0.267705 0.000000 0.186314 0.978555 0.087848 3.280200 0.248175 -0.133388 0.959488 0.313300 0.000000 0.000000 0.000000 1.000000
0.977564 -0.106155 -0.181934 0.000000 0.154402 0.948642 0.276114 3.280200 0.143279 -0.298010 0.943748 0.313300 0.000000 0.000000 0.000000 1.000000
0.994802 -0.066506 -0.077111 -0.000000 0.092577 0.906072 0.412871 3.280200 0.042410 -0.417863 0.907520 0.313300 0.000000 0.000000 0.000000 1.000000</float_array><technique_common><accessor source="#mixamorig_Head-Matrix-animation-output-transform-array" count="31" stride="16"><param type="float4x4"/></accessor></technique_common></source><source id="mixamorig_Head-Interpolations"><Name_array id="mixamorig_Head-Interpolations-array" count="31">
 LINEAR LINEAR LINEAR LINEAR LINEAR LINEAR LINEAR LINEAR LINEAR LINEAR LINEAR
LINEAR LINEAR LINEAR LINEAR LINEAR LINEAR LINEAR LINEAR LINEAR LINEAR LINEAR LINEAR
LINEAR LINEAR LINEAR LINEAR LINEAR LINEAR LINEAR LINEAR</Name_array><technique_common><accessor source="#mixamorig_Head-Interpolations-array" count="31"><param type="name"/></accessor></technique_common></source><sampler id="mixamorig_Head-Matrix-animation-transform"><input semantic="INPUT" source="#mixamorig_Head-Matrix-animation-input"/><input semantic="OUTPUT" source="#mixamorig_Head-Matrix-animation-output-transform"/><input semantic="INTERPOLATION" source="#mixamorig_Head-Interpolations"/></sampler><channel source="#mixamorig_Head-Matrix-animation-transform" target="mixamorig_Head/matrix"/></animation>
    <animation id="mixamorig_LeftShoulder-anim" name="mixamorig_LeftShoulder"><source id="mixamorig_LeftShoulder-Matrix-animation-input"><float_array id="mixamorig_LeftShoulder-Matrix-animation-input-array" count="31">

0.000000 0.033333 0.066667 0.100000 0.133333 0.166667 0.200000 0.233333 0.266667 0.300000 0.333333 0.366667 0.400000 0.433333 0.466667 0.500000
