<?xml version="1.0" encoding="utf-8"?>
<COLLADA xmlns="http://www.collada.org/2005/11/COLLADASchema" version="1.4.1">
  <asset><contributor><author>Mixamo</author><authoring_tool>COLLADA Mixamo exporter</authoring_tool><comments></comments></contributor><created>2018-12-15T21:57:17Z</created><modified>2018-12-15T21:57:17Z</modified><revision></revision><title></title><unit meter="0.010000"/><up_axis>Y_UP</up_axis></asset>
  <library_animations>
    <animation id="mixamorig_Hips-anim" name="mixamorig_Hips"><source id="mixamorig_Hips-Matrix-animation-input"><float_array id="mixamorig_Hips-Matrix-animation-input-array" count="98">

0.000000 0.033333 0.066667 0.100000 0.133333 0.166667 0.200000 0.233333 0.266667 0.300000 0.333333 0.366667 0.400000 0.433333 0.466667 0.500000
0.533333 0.566667 0.600000 0.633333 0.666667 0.700000 0.733333 0.766667 0.800000 0.833333 0.866667 0.900000 0.933333 0.966667 1.000000 1.033333
1.066667 1.100000 1.133333 1.166667 1.200000 1.233333 1.266667 1.300000 1.333333 1.366667 1.400000 1.433333 1.466667 1.500000 1.533333 1.566667
1.600000 1.633333 1.666667 1.700000 1.733333 1.766667 1.800000 1.833333 1.866667 1.900000 1.933333 1.966667 2.000000 2.033333 2.066667 2.100000
2.133333 2.166667 2.200000 2.233333 2.266667 2.300000 2.333333 2.366667 2.400000 2.433333 2.466667 2.500000 2.533333 2.566667 2.600000 2.633333
2.666667 2.700000 2.733333 2.766667 2.800000 2.833333 2.866667 2.900000 2.933333 2.966667 3.000000 3.033333 3.066667 3.100000 3.133333 3.166667
3.200000 3.233333</float_array><technique_common><accessor source="#mixamorig_Hips-Matrix-animation-input-array" count="98"><param name="TIME" type="float"/></accessor></technique_common></source><source id="mixamorig_Hips-Matrix-animation-output-transform"><float_array id="mixamorig_Hips-Matrix-animation-output-transform-array" count="1568">

0.998887 -0.039200 -0.026222 -3.454846 0.040514 0.997846 0.051592 101.143303 0.024143 -0.052597 0.998324 -6.626230 0.000000 0.000000 0.000000 1.000000
0.998848 -0.038539 -0.028605 -3.543536 0.039884 0.998049 0.048044 101.130081 0.026697 -0.049129 0.998436 -6.903236 0.000000 0.000000 0.000000 1.000000
0.998857 -0.037051 -0.030190 -3.656951 0.038325 0.998349 0.042785 101.130135 0.028555 -0.043893 0.998628 -7.260715 0.000000 0.000000 0.000000 1.000000
0.998764 -0.034519 -0.035760 -3.745570 0.035916 0.998587 0.039173 101.116798 0.034358 -0.040409 0.998592 -7.669265 0.000000 0.000000 0.000000 1.000000
0.998294 -0.030697 -0.049673 -3.801019 0.032477 0.998844 0.035441 101.074272 0.048527 -0.036993 0.998137 -8.134043 0.000000 0.000000 0.000000 1.000000
0.996888 -0.024448 -0.074939 -3.865847 0.026614 0.999253 0.028038 100.980232 0.074197 -0.029945 0.996794 -8.683414 0.000000 0.000000 0.000000 1.000000
0.994464 -0.020312 -0.103097 -3.909199 0.022169 0.999611 0.016900 100.832527 0.102713 -0.019092 0.994528 -9.389915 0.000000 0.000000 0.000000 1.000000
0.991617 -0.018565 -0.127874 -3.905894 0.019252 0.999806 0.004139 100.692566 0.127773 -0.006566 0.991782 -10.225733 0.000000 0.000000 0.000000 1.000000
0.987938 -0.016211 -0.153996 -3.866106 0.014768 0.999836 -0.010510 100.572540 0.154141 0.008109 0.988016 -11.135773 0.000000 0.000000 0.000000 1.000000
0.983339 -0.015647 -0.181107 -3.903097 0.010932 0.999576 -0.027002 100.422333 0.181452 0.024572 0.983093 -12.087750 0.000000 0.000000 0.000000 1.000000
0.978849 -0.019103 -0.203689 -3.924667 0.009746 0.998855 -0.046843 100.285789 0.204350 0.043867 0.977914 -13.151763 0.000000 0.000000 0.000000 1.000000
0.975005 -0.023108 -0.220978 -3.922083 0.007648 0.997478 -0.070565 100.157379 0.222051 0.067112 0.972723 -14.324505 0.000000 0.000000 0.000000 1.000000
0.971348 -0.025097 -0.236334 -3.965521 0.001688 0.995112 -0.098738 99.961685 0.237657 0.095510 0.966642 -15.580392 0.000000 0.000000 0.000000 1.000000
0.968648 -0.027153 -0.246947 -4.157605 -0.005851 0.991240 -0.131940 99.561821 0.248367 0.129249 0.960005 -16.927084 0.000000 0.000000 0.000000 1.000000
0.967434 -0.029690 -0.251376 -4.430478 -0.013459 0.985659 -0.168213 98.835968 0.252765 0.166118 0.953160 -18.389376 0.000000 0.000000 0.000000 1.000000
0.964994 -0.034536 -0.259989 -4.706218 -0.021557 0.977494 -0.209861 97.607254 0.261385 0.208119 0.942531 -19.953983 0.000000 0.000000 0.000000 1.000000
0.959493 -0.035183 -0.279529 -5.078083 -0.040774 0.964385 -0.261341 95.813507 0.278768 0.262153 0.923886 -21.547642 0.000000 0.000000 0.000000 1.000000
0.953242 -0.031406 -0.300571 -5.452715 -0.068306 0.946457 -0.315522 93.452858 0.294387 0.321299 0.900057 -23.079792 0.000000 0.000000 0.000000 1.000000
0.948956 -0.039500 -0.312926 -5.695972 -0.080385 0.929077 -0.361045 90.552948 0.304994 0.367770 0.878478 -24.525063 0.000000 0.000000 0.000000 1.000000
0.947661 -0.062507 -0.313101 -5.927696 -0.072741 0.912590 -0.402353 87.026436 0.310883 0.404069 0.860279 -25.811226 0.000000 0.000000 0.000000 1.000000
0.948170 -0.085903 -0.305933 -6.224468 -0.061807 0.894522 -0.442730 82.975815 0.311695 0.438692 0.842850 -26.827953 0.000000 0.000000 0.000000 1.000000
0.946756 -0.100579 -0.305837 -6.601540 -0.057573 0.881744 -0.468201 78.644226 0.316761 0.460880 0.829006 -27.660452 0.000000 0.000000 0.000000 1.000000
0.943826 -0.111111 -0.311203 -7.010711 -0.056665 0.873403 -0.483691 74.294968 0.325549 0.474154 0.818044 -28.432877 0.000000 0.000000 0.000000 1.000000
0.943263 -0.122053 -0.308802 -7.357614 -0.054728 0.860129 -0.507132 70.180672 0.327506 0.495259 0.804648 -29.181194 0.000000 0.000000 0.000000 1.000000
0.946634 -0.134437 -0.292934 -7.713487 -0.045196 0.844510 -0.533629 66.405121 0.319125 0.518391 0.793366 -29.849113 0.000000 0.000000 0.000000 1.000000
0.952722 -0.144268 -0.267408 -8.120569 -0.028940 0.833001 -0.552515 63.202408 0.302462 0.534132 0.789443 -30.358576 0.000000 0.000000 0.000000 1.000000
0.960270 -0.145056 -0.238413 -8.483609 -0.015308 0.825637 -0.563994 60.895233 0.278653 0.545237 0.790613 -30.741394 0.000000 0.000000 0.000000 1.000000
0.969058 -0.139350 -0.203738 -8.845574 -0.005207 0.813677 -0.581294 59.775757 0.246780 0.564368 0.787775 -31.013750 0.000000 0.000000 0.000000 1.000000
0.976950 -0.135602 -0.164866 -9.111622 0.004883 0.786317 -0.617804 59.977032 0.213412 0.602759 0.768854 -30.819656 0.000000 0.000000 0.000000 1.000000
0.981382 -0.133541 -0.138043 -9.317182 0.010838 0.756087 -0.654381 61.160477 0.191759 0.640702 0.743458 -30.301594 0.000000 0.000000 0.000000 1.000000
0.983639 -0.127952 -0.126814 -9.477850 0.013501 0.754320 -0.656368 62.673904 0.179642 0.643918 0.743706 -29.671085 0.000000 0.000000 0.000000 1.000000
0.985804 -0.118644 -0.118804 -9.787668 0.022708 0.795293 -0.605800 64.225449 0.166359 0.594502 0.786697 -29.205334 0.000000 0.000000 0.000000 1.000000
0.987467 -0.111036 -0.112159 -10.271863 0.039171 0.860844 -0.507359 65.994743 0.152886 0.496607 0.854404 -29.124056 0.000000 0.000000 0.000000 1.000000
0.987498 -0.102452 -0.119796 -10.658646 0.046860 0.916417 -0.397471 68.041626 0.150505 0.386888 0.909761 -28.827419 0.000000 0.000000 0.000000 1.000000
0.985630 -0.094505 -0.140007 -10.795451 0.044651 0.945131 -0.323626 70.642113 0.162909 0.312724 0.935769 -27.768703 0.000000 0.000000 0.000000 1.000000
0.982891 -0.088259 -0.161668 -10.690407 0.037406 0.955077 -0.293986 74.553612 0.180353 0.282909 0.942038 -25.945770 0.000000 0.000000 0.000000 1.000000
0.981405 -0.075237 -0.176587 -10.201270 0.025881 0.963446 -0.266651 80.389084 0.190194 0.257122 0.947478 -23.396912 0.000000 0.000000 0.000000 1.000000
0.982327 -0.060693 -0.177058 -9.417948 0.021984 0.976831 -0.212880 88.670464 0.185876 0.205225 0.960902 -20.389076 0.000000 0.000000 0.000000 1.000000
0.984402 -0.050021 -0.168675 -8.537238 0.024088 0.988023 -0.152418 99.742325 0.174279 0.145977 0.973816 -17.179441 0.000000 0.000000 0.000000 1.000000
0.986985 -0.015296 -0.160081 -8.139427 -0.000468 0.995189 -0.097973 110.225037 0.160809 0.096773 0.982230 -15.287252 0.000000 0.000000 0.000000 1.000000
0.987623 0.018466 -0.155756 -8.418589 -0.023740 0.999204 -0.032068 119.937195 0.155039 0.035369 0.987275 -14.487604 0.000000 0.000000 0.000000 1.000000
0.985422 0.025432 -0.168219 -9.324839 -0.017419 0.998650 0.048942 127.682732 0.169237 -0.045298 0.984534 -14.619863 0.000000 0.000000 0.000000 1.000000
0.981171 0.021284 -0.191963 -9.797071 -0.003815 0.995851 0.090916 133.324921 0.193101 -0.088472 0.977182 -15.083771 0.000000 0.000000 0.000000 1.000000
0.976545 0.001045 -0.215310 -9.262338 0.006052 0.999460 0.032301 137.630753 0.215228 -0.032847 0.976011 -15.819756 0.000000 0.000000 0.000000 1.000000
0.972164 -0.026889 -0.232752 -8.643639 0.005531 0.995750 -0.091935 139.206940 0.234235 0.088088 0.968181 -16.248182 0.000000 0.000000 0.000000 1.000000
0.972041 -0.033570 -0.232400 -8.446423 -0.009714 0.983132 -0.182640 138.618286 0.234611 0.179791 0.955318 -16.001036 0.000000 0.000000 0.000000 1.000000
0.974011 -0.010083 -0.226277 -8.189228 -0.037612 0.977939 -0.205477 137.988190 0.223357 0.208648 0.952144 -15.331753 0.000000 0.000000 0.000000 1.000000
0.974887 0.021741 -0.221636 -7.936538 -0.063644 0.980916 -0.183723 137.946182 0.213412 0.193215 0.957665 -14.891558 0.000000 0.000000 0.000000 1.000000
0.978917 0.028173 -0.202306 -7.866611 -0.062614 0.984149 -0.165921 137.636032 0.194425 0.175090 0.965164 -14.510402 0.000000 0.000000 0.000000 1.000000
0.983417 0.007582 -0.181199 -7.693431 -0.039557 0.984037 -0.173510 136.724319 0.176991 0.177801 0.968019 -14.026394 0.000000 0.000000 0.000000 1.000000
0.983156 -0.003734 -0.182729 -7.354629 -0.028521 0.984408 -0.173573 134.482925 0.180528 0.175861 0.967720 -13.278111 0.000000 0.000000 0.000000 1.000000
0.981032 0.002031 -0.193835 -7.097414 -0.032325 0.987658 -0.153255 130.621475 0.191131 0.156614 0.968990 -12.654083 0.000000 0.000000 0.000000 1.000000
0.979505 0.006678 -0.201309 -6.955275 -0.034685 0.990113 -0.135919 125.953262 0.198411 0.140115 0.970052 -12.084713 0.000000 0.000000 0.000000 1.000000
0.977238 0.014592 -0.211645 -6.926630 -0.041897 0.991258 -0.125109 120.963318 0.207969 0.131129 0.969306 -11.032260 0.000000 0.000000 0.000000 1.000000
0.977787 0.026421 -0.207928 -7.001500 -0.048089 0.993839 -0.099854 115.312378 0.204009 0.107635 0.973034 -9.541624 0.000000 0.000000 0.000000 1.000000
0.985504 0.029403 -0.167082 -7.243284 -0.039154 0.997698 -0.055369 108.961304 0.165070 0.061109 0.984387 -8.057418 0.000000 0.000000 0.000000 1.000000
0.994348 0.031601 -0.101356 -7.601253 -0.031709 0.999497 0.000544 101.987625 0.101322 0.002673 0.994850 -6.743150 0.000000 0.000000 0.000000 1.000000
0.998403 0.040578 -0.039303 -7.903695 -0.038288 0.997618 0.057371 94.455215 0.041538 -0.055774 0.997579 -5.594365 0.000000 0.000000 0.000000 1.000000
0.998820 0.047537 0.009974 -8.318665 -0.048259 0.994502 0.092934 85.842796 -0.005501 -0.093306 0.995622 -5.104945 0.000000 0.000000 0.000000 1.000000
0.999041 0.032095 0.029777 -8.921462 -0.034765 0.994966 0.093986 75.454124 -0.026611 -0.094931 0.995128 -6.188870 0.000000 0.000000 0.000000 1.000000
0.999967 0.001726 0.007932 -9.361072 -0.002289 0.997438 0.071502 66.062866 -0.007789 -0.071518 0.997409 -8.199430 0.000000 0.000000 0.000000 1.000000
0.999325 -0.029937 -0.021294 -9.655910 0.030913 0.998414 0.047057 58.651329 0.019852 -0.047684 0.998665 -10.190210 0.000000 0.000000 0.000000 1.000000
0.998485 -0.047203 -0.028278 -9.816207 0.048108 0.998322 0.032223 52.269424 0.026710 -0.033535 0.999081 -11.873133 0.000000 0.000000 0.000000 1.000000
0.998051 -0.051831 -0.034743 -10.014632 0.052506 0.998443 0.018812 46.381332 0.033714 -0.020600 0.999219 -13.090087 0.000000 0.000000 0.000000 1.000000
0.997533 -0.051610 -0.047575 -10.356138 0.051733 0.998660 0.001361 41.787849 0.047441 -0.003819 0.998867 -13.902126 0.000000 0.000000 0.000000 1.000000
0.996723 -0.056500 -0.057886 -10.487128 0.056049 0.998384 -0.009399 39.115971 0.058324 0.006123 0.998279 -14.384941 0.000000 0.000000 0.000000 1.000000
0.995216 -0.067257 -0.070863 -10.154359 0.066502 0.997702 -0.012966 38.367088 0.071572 0.008191 0.997402 -14.724185 0.000000 0.000000 0.000000 1.000000
0.992882 -0.080351 -0.087910 -9.569475 0.078790 0.996668 -0.021094 39.263184 0.089312 0.014017 0.995905 -15.184540 0.000000 0.000000 0.000000 1.000000
0.990191 -0.096609 -0.100936 -8.980459 0.093606 0.995026 -0.034088 41.379395 0.103727 0.024305 0.994309 -15.705664 0.000000 0.000000 0.000000 1.000000
0.988043 -0.112967 -0.104929 -8.447179 0.108595 0.992998 -0.046498 44.320110 0.109448 0.034548 0.993392 -16.148470 0.000000 0.000000 0.000000 1.000000
0.987130 -0.124234 -0.100696 -7.955133 0.118536 0.991090 -0.060741 47.740295 0.107345 0.048024 0.993061 -16.520195 0.000000 0.000000 0.000000 1.000000
0.987592 -0.128430 -0.090370 -7.538243 0.121255 0.989321 -0.080872 51.367943 0.099792 0.068911 0.992619 -16.805380 0.000000 0.000000 0.000000 1.000000
0.988805 -0.128334 -0.076121 -7.268075 0.119854 0.986997 -0.107108 55.019260 0.088877 0.096786 0.991329 -16.928181 0.000000 0.000000 0.000000 1.000000
0.989620 -0.129972 -0.061309 -7.173892 0.120754 0.983382 -0.135563 58.675446 0.077910 0.126753 0.988870 -16.881397 0.000000 0.000000 0.000000 1.000000
0.989684 -0.134718 -0.048752 -7.227932 0.125412 0.979148 -0.159818 62.263321 0.069266 0.152055 0.985942 -16.671593 0.000000 0.000000 0.000000 1.000000
0.989802 -0.137150 -0.038502 -7.254992 0.128678 0.976767 -0.171370 66.357285 0.061110 0.164668 0.984454 -16.142239 0.000000 0.000000 0.000000 1.000000
0.990445 -0.134402 -0.030884 -7.141116 0.127413 0.977529 -0.167938 71.212509 0.052762 0.162398 0.985314 -15.239655 0.000000 0.000000 0.000000 1.000000
0.991196 -0.129703 -0.026607 -6.982173 0.124077 0.980051 -0.155259 76.010910 0.046214 0.150591 0.987515 -14.221033 0.000000 0.000000 0.000000 1.000000
0.991903 -0.124697 -0.024075 -6.842433 0.120345 0.983444 -0.135480 80.369690 0.040570 0.131486 0.990487 -13.217669 0.000000 0.000000 0.000000 1.000000
0.992722 -0.118447 -0.021762 -6.655833 0.115358 0.987149 -0.110589 84.330147 0.034581 0.107274 0.993628 -12.221561 0.000000 0.000000 0.000000 1.000000
0.993668 -0.110605 -0.019783 -6.334345 0.108551 0.990439 -0.085130 87.837425 0.029010 0.082443 0.996173 -11.308892 0.000000 0.000000 0.000000 1.000000
0.994392 -0.103940 -0.019517 -5.960867 0.102510 0.992688 -0.063742 90.856613 0.026000 0.061384 0.997776 -10.496376 0.000000 0.000000 0.000000 1.000000
0.994558 -0.102045 -0.021011 -5.607313 0.100861 0.993579 -0.051269 93.384506 0.026108 0.048871 0.998464 -9.728766 0.000000 0.000000 0.000000 1.000000
0.994568 -0.102049 -0.020514 -5.275265 0.101103 0.993954 -0.042832 95.452347 0.024761 0.040525 0.998872 -9.014370 0.000000 0.000000 0.000000 1.000000
0.994967 -0.098915 -0.015992 -4.973513 0.098424 0.994722 -0.029002 97.118797 0.018776 0.027282 0.999451 -8.412269 0.000000 0.000000 0.000000 1.000000
0.995581 -0.093347 -0.010235 -4.703675 0.093216 0.995567 -0.012548 98.454262 0.011361 0.011539 0.999869 -7.921118 0.000000 0.000000 0.000000 1.000000
0.996149 -0.087505 -0.005563 -4.471052 0.087510 0.996164 0.000545 99.507324 0.005493 -0.001030 0.999984 -7.507600 0.000000 0.000000 0.000000 1.000000
0.996642 -0.081860 -0.002074 -4.257465 0.081878 0.996581 0.011025 100.303940 0.001164 -0.011158 0.999937 -7.183948 0.000000 0.000000 0.000000 1.000000
0.997063 -0.076589 0.000439 -4.073244 0.076564 0.996862 0.020113 100.870949 -0.001978 -0.020020 0.999798 -6.956166 0.000000 0.000000 0.000000 1.000000
0.997433 -0.071578 0.001769 -3.930256 0.071501 0.997053 0.027790 101.241875 -0.003753 -0.027592 0.999612 -6.799217 0.000000 0.000000 0.000000 1.000000
0.997790 -0.066436 0.001513 -3.813334 0.066344 0.997194 0.034690 101.446808 -0.003813 -0.034513 0.999397 -6.688401 0.000000 0.000000 0.000000 1.000000
0.998150 -0.060803 0.000108 -3.718675 0.060748 0.997316 0.040865 101.525711 -0.002592 -0.040783 0.999165 -6.617772 0.000000 0.000000 0.000000 1.000000
0.998473 -0.055208 -0.001778 -3.647772 0.055231 0.997445 0.045302 101.530800 -0.000728 -0.045331 0.998972 -6.586374 0.000000 0.000000 0.000000 1.000000
0.998698 -0.050832 -0.004336 -3.600332 0.050982 0.997557 0.047753 101.489273 0.001898 -0.047912 0.998850 -6.581085 0.000000 0.000000 0.000000 1.000000
0.998840 -0.047482 -0.008032 -3.565259 0.047822 0.997635 0.049364 101.417152 0.005670 -0.049691 0.998749 -6.584636 0.000000 0.000000 0.000000 1.000000
0.998931 -0.044362 -0.013032 -3.534300 0.044971 0.997688 0.050948 101.332397 0.010741 -0.051479 0.998616 -6.588087 0.000000 0.000000 0.000000 1.000000
0.998949 -0.041598 -0.019252 -3.501314 0.042547 0.997748 0.051845 101.239227 0.017052 -0.052609 0.998470 -6.599339 0.000000 0.000000 0.000000 1.000000
0.998928 -0.040373 -0.022628 -3.482696 0.041503 0.997787 0.051951 101.190460 0.020480 -0.052834 0.998393 -6.608973 0.000000 0.000000 0.000000 1.000000</float_array><technique_common><accessor source="#mixamorig_Hips-Matrix-animation-output-transform-array" count="98" stride="16"><param type="float4x4"/></accessor></technique_common></source><source id="mixamorig_Hips-Interpolations"><Name_array id="mixamorig_Hips-Interpolations-array" count="98">
 LINEAR LINEAR LINEAR LINEAR LINEAR LINEAR LINEAR LINEAR LINEAR LINEAR LINEAR
LINEAR LINEAR LINEAR LINEAR LINEAR LINEAR LINEAR LINEAR LINEAR LINEAR LINEAR LINEAR
LINEAR LINEAR LINEAR LINEAR LINEAR LINEAR LINEAR LINEAR LINEAR LINEAR LINEAR LINEAR
LINEAR LINEAR LINEAR LINEAR LINEAR LINEAR LINEAR LINEAR LINEAR LINEAR LINEAR LINEAR
LINEAR LINEAR LINEAR LINEAR LINEAR LINEAR LINEAR LINEAR LINEAR LINEAR LINEAR LINEAR
LINEAR LINEAR LINEAR LINEAR LINEAR LINEAR LINEAR LINEAR LINEAR LINEAR LINEAR LINEAR
LINEAR LINEAR LINEAR LINEAR LINEAR LINEAR LINEAR LINEAR LINEAR LINEAR LINEAR LINEAR
LINEAR LINEAR LINEAR LINEAR LINEAR LINEAR LINEAR LINEAR LINEAR LINEAR LINEAR LINEAR
LINEAR LINEAR LINEAR</Name_array><technique_common><accessor source="#mixamorig_Hips-Interpolations-array" count="98"><param type="name"/></accessor></technique_common></source><sampler id="mixamorig_Hips-Matrix-animation-transform"><input semantic="INPUT" source="#mixamorig_Hips-Matrix-animation-input"/><input semantic="OUTPUT" source="#mixamorig_Hips-Matrix-animation-output-transform"/><input semantic="INTERPOLATION" source="#mixamorig_Hips-Interpolations"/></sampler><channel source="#mixamorig_Hips-Matrix-animation-transform" target="mixamorig_Hips/matrix"/></animation>
    <animation id="mixamorig_Spine-anim" name="mixamorig_Spine"><source id="mixamorig_Spine-Matrix-animation-input"><float_array id="mixamorig_Spine-Matrix-animation-input-array" count="98">

0.000000 0.033333 0.066667 0.100000 0.133333 0.166667 0.200000 0.233333 0.266667 0.300000 0.333333 0.366667 0.400000 0.433333 0.466667 0.500000
0.533333 0.566667 0.600000 0.633333 0.666667 0.700000 0.733333 0.766667 0.800000 0.833333 0.866667 0.900000 0.933333 0.966667 1.000000 1.033333
1.066667 1.100000 1.133333 1.166667 1.200000 1.233333 1.266667 1.300000 1.333333 1.366667 1.400000 1.433333 1.466667 1.500000 1.533333 1.566667
1.600000 1.633333 1.666667 1.700000 1.733333 1.766667 1.800000 1.833333 1.866667 1.900000 1.933333 1.966667 2.000000 2.033333 2.066667 2.100000
2.133333 2.166667 2.200000 2.233333 2.266667 2.300000 2.333333 2.366667 2.400000 2.433333 2.466667 2.500000 2.533333 2.566667 2.600000 2.633333
2.666667 2.700000 2.733333 2.766667 2.800000 2.833333 2.866667 2.900000 2.933333 2.966667 3.000000 3.033333 3.066667 3.100000 3.133333 3.166667
3.200000 3.233333</float_array><technique_common><accessor source="#mixamorig_Spine-Matrix-animation-input-array" count="98"><param name="TIME" type="float"/></accessor></technique_common></source><source id="mixamorig_Spine-Matrix-animation-output-transform"><float_array id="mixamorig_Spine-Matrix-animation-output-transform-array" count="1568">

0.994531 0.091076 0.051113 -0.038100 -0.082264 0.984660 -0.153871 9.490500 -0.064343 0.148825 0.986768 -1.392100 0.000000 0.000000 0.000000 1.000000
0.994402 0.094621 0.047029 -0.038100 -0.086114 0.983642 -0.158216 9.490500 -0.061230 0.153280 0.986284 -1.392100 0.000000 0.000000 0.000000 1.000000
0.994698 0.094814 0.039827 -0.038100 -0.087116 0.982670 -0.163615 9.490500 -0.054650 0.159278 0.985720 -1.392100 0.000000 0.000000 0.000000 1.000000
0.995179 0.092398 0.032888 -0.038100 -0.085451 0.981445 -0.171653 9.490500 -0.048138 0.168015 0.984608 -1.392100 0.000000 0.000000 0.000000 1.000000
0.995506 0.089600 0.030670 -0.038100 -0.082556 0.979728 -0.182530 9.490500 -0.046403 0.179177 0.982722 -1.392100 0.000000 0.000000 0.000000 1.000000
0.995619 0.087459 0.033077 -0.038100 -0.079371 0.977487 -0.195499 9.490500 -0.049431 0.192017 0.980146 -1.392100 0.000000 0.000000 0.000000 1.000000
0.995595 0.086857 0.035306 -0.038100 -0.077573 0.974592 -0.210124 9.490500 -0.052660 0.206459 0.977037 -1.392100 0.000000 0.000000 0.000000 1.000000
0.995553 0.087891 0.033892 -0.038100 -0.078020 0.970955 -0.226185 9.490500 -0.052787 0.222535 0.973495 -1.392100 0.000000 0.000000 0.000000 1.000000
0.995638 0.088696 0.028958 -0.038100 -0.079004 0.966535 -0.244067 9.490500 -0.049637 0.240715 0.969326 -1.392100 0.000000 0.000000 0.000000 1.000000
0.995814 0.088863 0.021404 -0.038100 -0.080074 0.961043 -0.264548 9.490500 -0.044078 0.261726 0.964135 -1.392100 0.000000 0.000000 0.000000 1.000000
0.995921 0.089384 0.012339 -0.038100 -0.082115 0.954496 -0.286695 9.490500 -0.037403 0.284512 0.957943 -1.392100 0.000000 0.000000 0.000000 1.000000
0.995996 0.089302 0.004069 -0.038100 -0.083702 0.947585 -0.308345 9.490500 -0.031392 0.306770 0.951266 -1.392100 0.000000 0.000000 0.000000 1.000000
0.996333 0.085530 -0.002042 -0.038100 -0.081428 0.940687 -0.329358 9.490500 -0.026250 0.328317 0.944203 -1.392100 0.000000 0.000000 0.000000 1.000000
0.996893 0.078379 -0.007826 -0.038100 -0.076124 0.933129 -0.351390 9.490500 -0.020239 0.350894 0.936196 -1.392100 0.000000 0.000000 0.000000 1.000000
0.997373 0.071172 -0.013487 -0.038100 -0.071059 0.925086 -0.373050 9.490500 -0.014074 0.373028 0.927713 -1.392100 0.000000 0.000000 0.000000 1.000000
0.997797 0.064785 -0.014269 -0.038100 -0.065216 0.918569 -0.389844 9.490500 -0.012149 0.389916 0.920770 -1.392100 0.000000 0.000000 0.000000 1.000000
0.998461 0.055104 -0.006219 -0.038100 -0.052921 0.913356 -0.403709 9.490500 -0.016566 0.403416 0.914867 -1.392100 0.000000 0.000000 0.000000 1.000000
0.999061 0.043126 0.004120 -0.038100 -0.037315 0.904929 -0.423924 9.490500 -0.022010 0.423372 0.905688 -1.392100 0.000000 0.000000 0.000000 1.000000
0.999316 0.036624 0.005126 -0.038100 -0.030476 0.894112 -0.446806 9.490500 -0.020947 0.446344 0.894616 -1.392100 0.000000 0.000000 0.000000 1.000000
0.999297 0.037303 -0.003712 -0.038100 -0.034936 0.890804 -0.453042 9.490500 -0.013593 0.452853 0.891481 -1.392100 0.000000 0.000000 0.000000 1.000000
0.999120 0.040471 -0.010987 -0.038100 -0.041149 0.895618 -0.442916 9.490500 -0.008085 0.442978 0.896496 -1.392100 0.000000 0.000000 0.000000 1.000000
0.998971 0.044509 -0.008679 -0.038100 -0.043742 0.895321 -0.443268 9.490500 -0.011959 0.443192 0.896347 -1.392100 0.000000 0.000000 0.000000 1.000000
0.998844 0.048056 0.000630 -0.038100 -0.042361 0.886518 -0.460751 9.490500 -0.022700 0.460192 0.887529 -1.392100 0.000000 0.000000 0.000000 1.000000
0.998845 0.046986 0.010085 -0.038100 -0.036730 0.881753 -0.470279 9.490500 -0.030989 0.469365 0.882460 -1.392100 0.000000 0.000000 0.000000 1.000000
0.999104 0.039746 0.014552 -0.038100 -0.028573 0.886998 -0.460889 9.490500 -0.031226 0.460060 0.887338 -1.392100 0.000000 0.000000 0.000000 1.000000
0.999556 0.026560 0.013472 -0.038100 -0.017709 0.893767 -0.448182 9.490500 -0.023945 0.447745 0.893841 -1.392100 0.000000 0.000000 0.000000 1.000000
0.999948 0.005677 0.008495 -0.038100 -0.001367 0.898323 -0.439333 9.490500 -0.010125 0.439298 0.898284 -1.392100 0.000000 0.000000 0.000000 1.000000
0.999731 -0.023174 -0.000667 -0.038100 0.020776 0.908321 -0.417756 9.490500 0.010287 0.417630 0.908559 -1.392100 0.000000 0.000000 0.000000 1.000000
0.998446 -0.054321 -0.012455 -0.038100 0.045934 0.928674 -0.368042 9.490500 0.031559 0.366898 0.929726 -1.392100 0.000000 0.000000 0.000000 1.000000
0.996666 -0.078752 -0.021332 -0.038100 0.068738 0.951320 -0.300442 9.490500 0.043954 0.297974 0.953561 -1.392100 0.000000 0.000000 0.000000 1.000000
0.995722 -0.088604 -0.026194 -0.038100 0.079447 0.965792 -0.246850 9.490500 0.047170 0.243713 0.968700 -1.392100 0.000000 0.000000 0.000000 1.000000
0.996315 -0.079725 -0.031623 -0.038100 0.070110 0.969428 -0.235145 9.490500 0.049403 0.232062 0.971446 -1.392100 0.000000 0.000000 0.000000 1.000000
0.997689 -0.056975 -0.037034 -0.038100 0.045347 0.964115 -0.261584 9.490500 0.050609 0.259300 0.964470 -1.392100 0.000000 0.000000 0.000000 1.000000
0.998816 -0.034165 -0.034622 -0.038100 0.022803 0.957620 -0.287132 9.490500 0.042965 0.286003 0.957265 -1.392100 0.000000 0.000000 0.000000 1.000000
0.999565 -0.019903 -0.021771 -0.038100 0.013143 0.961250 -0.275363 9.490500 0.026408 0.274957 0.961094 -1.392100 0.000000 0.000000 0.000000 1.000000
0.999952 -0.009748 0.000191 -0.038100 0.009524 0.972414 -0.233066 9.490500 0.002086 0.233057 0.972461 -1.392100 0.000000 0.000000 0.000000 1.000000
0.999512 0.005798 0.030698 -0.038100 0.000347 0.980511 -0.196463 9.490500 -0.031239 0.196377 0.980031 -1.392100 0.000000 0.000000 0.000000 1.000000
0.997767 0.023724 0.062430 -0.038100 -0.012110 0.983553 -0.180212 9.490500 -0.065678 0.179053 0.981645 -1.392100 0.000000 0.000000 0.000000 1.000000
0.996845 0.022216 0.076198 -0.038100 -0.008887 0.985234 -0.170982 9.490500 -0.078872 0.169766 0.982323 -1.392100 0.000000 0.000000 0.000000 1.000000
0.997637 -0.020292 0.065646 -0.038100 0.031320 0.984668 -0.171606 9.490500 -0.061157 0.173256 0.982976 -1.392100 0.000000 0.000000 0.000000 1.000000
0.997952 -0.052878 0.035989 -0.038100 0.059495 0.973973 -0.218717 9.490500 -0.023487 0.220410 0.975124 -1.392100 0.000000 0.000000 0.000000 1.000000
0.999390 -0.033265 0.010646 -0.038100 0.034918 0.944753 -0.325917 9.490500 0.000784 0.326090 0.945338 -1.392100 0.000000 0.000000 0.000000 1.000000
0.999991 0.002184 0.003627 -0.038100 -0.000365 0.897949 -0.440099 9.490500 -0.004218 0.440094 0.897942 -1.392100 0.000000 0.000000 0.000000 1.000000
0.999772 0.021144 0.003107 -0.038100 -0.016886 0.870645 -0.491622 9.490500 -0.013100 0.491457 0.870803 -1.392100 0.000000 0.000000 0.000000 1.000000
0.999825 0.017091 0.007589 -0.038100 -0.011420 0.879410 -0.475927 9.490500 -0.014808 0.475758 0.879452 -1.392100 0.000000 0.000000 0.000000 1.000000
0.999548 -0.003482 0.029875 -0.038100 0.016569 0.892720 -0.450307 9.490500 -0.025102 0.450598 0.892374 -1.392100 0.000000 0.000000 0.000000 1.000000
0.997079 -0.032682 0.069028 -0.038100 0.061006 0.884578 -0.462384 9.490500 -0.045949 0.465245 0.883989 -1.392100 0.000000 0.000000 0.000000 1.000000
0.993630 -0.053649 0.099100 -0.038100 0.096605 0.858309 -0.503957 9.490500 -0.058022 0.510321 0.858025 -1.392100 0.000000 0.000000 0.000000 1.000000
0.993266 -0.052106 0.103474 -0.038100 0.099957 0.836975 -0.538034 9.490500 -0.058571 0.544755 0.836548 -1.392100 0.000000 0.000000 0.000000 1.000000
0.995202 -0.032482 0.092290 -0.038100 0.077618 0.836390 -0.542612 9.490500 -0.059566 0.547172 0.834898 -1.392100 0.000000 0.000000 0.000000 1.000000
0.995742 -0.012432 0.091339 -0.038100 0.058491 0.851054 -0.521809 9.490500 -0.071247 0.524930 0.848158 -1.392100 0.000000 0.000000 0.000000 1.000000
0.994368 -0.003000 0.105944 -0.038100 0.054444 0.872089 -0.486309 9.490500 -0.090934 0.489338 0.867340 -1.392100 0.000000 0.000000 0.000000 1.000000
0.992547 0.000779 0.121856 -0.038100 0.053314 0.896421 -0.439985 9.490500 -0.109577 0.443203 0.889699 -1.392100 0.000000 0.000000 0.000000 1.000000
0.991165 0.003318 0.132596 -0.038100 0.049218 0.919114 -0.390906 9.490500 -0.123168 0.393978 0.910830 -1.392100 0.000000 0.000000 0.000000 1.000000
0.991331 0.003364 0.131346 -0.038100 0.043970 0.933538 -0.355772 9.490500 -0.123814 0.358463 0.925297 -1.392100 0.000000 0.000000 0.000000 1.000000
0.993856 0.008211 0.110374 -0.038100 0.030678 0.937733 -0.345999 9.490500 -0.106342 0.347259 0.931720 -1.392100 0.000000 0.000000 0.000000 1.000000
0.996978 0.028176 0.072398 -0.038100 -0.000188 0.932782 -0.360441 9.490500 -0.077687 0.359338 0.929968 -1.392100 0.000000 0.000000 0.000000 1.000000
0.998206 0.053004 0.027856 -0.038100 -0.037859 0.919100 -0.392202 9.490500 -0.046391 0.390443 0.919457 -1.392100 0.000000 0.000000 0.000000 1.000000
0.996908 0.077204 -0.014634 -0.038100 -0.075836 0.896515 -0.436474 9.490500 -0.020578 0.436234 0.899598 -1.392100 0.000000 0.000000 0.000000 1.000000
0.993782 0.103264 -0.041634 -0.038100 -0.110386 0.864905 -0.489647 9.490500 -0.014554 0.491199 0.870926 -1.392100 0.000000 0.000000 0.000000 1.000000
0.991155 0.124479 -0.045999 -0.038100 -0.129242 0.826761 -0.547507 9.490500 -0.030123 0.548609 0.835536 -1.392100 0.000000 0.000000 0.000000 1.000000
0.987812 0.150292 -0.040492 -0.038100 -0.144613 0.789938 -0.595891 9.490500 -0.057572 0.594483 0.802044 -1.392100 0.000000 0.000000 0.000000 1.000000
0.984436 0.172942 -0.031257 -0.038100 -0.154948 0.770185 -0.618713 9.490500 -0.082928 0.613927 0.784995 -1.392100 0.000000 0.000000 0.000000 1.000000
0.982425 0.185837 -0.017457 -0.038100 -0.156959 0.771892 -0.616074 9.490500 -0.101014 0.607986 0.787495 -1.392100 0.000000 0.000000 0.000000 1.000000
0.982940 0.183789 -0.007099 -0.038100 -0.150093 0.779225 -0.608506 9.490500 -0.106305 0.599191 0.793517 -1.392100 0.000000 0.000000 0.000000 1.000000
0.986101 0.166004 -0.006845 -0.038100 -0.135071 0.777000 -0.614839 9.490500 -0.096747 0.607218 0.788623 -1.392100 0.000000 0.000000 0.000000 1.000000
0.989716 0.142892 -0.006643 -0.038100 -0.115204 0.768687 -0.629165 9.490500 -0.084797 0.623460 0.777244 -1.392100 0.000000 0.000000 0.000000 1.000000
0.991923 0.126840 0.000326 -0.038100 -0.097786 0.766352 -0.634935 9.490500 -0.080785 0.629775 0.772565 -1.392100 0.000000 0.000000 0.000000 1.000000
0.993154 0.116746 0.003917 -0.038100 -0.088170 0.771211 -0.630444 9.490500 -0.076623 0.625782 0.776225 -1.392100 0.000000 0.000000 0.000000 1.000000
0.994966 0.100185 -0.002306 -0.038100 -0.079658 0.776731 -0.624774 9.490500 -0.060802 0.621813 0.780802 -1.392100 0.000000 0.000000 0.000000 1.000000
0.997519 0.069775 -0.009320 -0.038100 -0.060551 0.782946 -0.619136 9.490500 -0.035904 0.618164 0.785229 -1.392100 0.000000 0.000000 0.000000 1.000000
0.999519 0.030285 -0.006716 -0.038100 -0.028165 0.795241 -0.605639 9.490500 -0.013001 0.605537 0.795711 -1.392100 0.000000 0.000000 0.000000 1.000000
0.999972 -0.004833 0.005662 -0.038100 0.007220 0.815154 -0.579199 9.490500 -0.001816 0.579224 0.815167 -1.392100 0.000000 0.000000 0.000000 1.000000
0.999529 -0.023244 0.020050 -0.038100 0.030415 0.838137 -0.544611 9.490500 -0.004145 0.544964 0.838449 -1.392100 0.000000 0.000000 0.000000 1.000000
0.999238 -0.025740 0.029329 -0.038100 0.037117 0.858941 -0.510728 9.490500 -0.012046 0.511427 0.859242 -1.392100 0.000000 0.000000 0.000000 1.000000
0.999257 -0.021614 0.031903 -0.038100 0.034268 0.877089 -0.479104 9.490500 -0.017627 0.479841 0.877178 -1.392100 0.000000 0.000000 0.000000 1.000000
0.999374 -0.015440 0.031837 -0.038100 0.028041 0.894357 -0.446473 9.490500 -0.021580 0.447087 0.894230 -1.392100 0.000000 0.000000 0.000000 1.000000
0.999415 -0.007090 0.033458 -0.038100 0.020329 0.909843 -0.414453 9.490500 -0.027503 0.414891 0.909455 -1.392100 0.000000 0.000000 0.000000 1.000000
0.999280 0.001565 0.037896 -0.038100 0.013246 0.921833 -0.387362 9.490500 -0.035540 0.387585 0.921149 -1.392100 0.000000 0.000000 0.000000 1.000000
0.998950 0.007157 0.045257 -0.038100 0.009887 0.930788 -0.365426 9.490500 -0.044740 0.365489 0.929740 -1.392100 0.000000 0.000000 0.000000 1.000000
0.998401 0.010601 0.055526 -0.038100 0.009193 0.938735 -0.344517 9.490500 -0.055777 0.344476 0.937137 -1.392100 0.000000 0.000000 0.000000 1.000000
0.997568 0.017354 0.067506 -0.038100 0.005162 0.947454 -0.319851 9.490500 -0.069509 0.319422 0.945060 -1.392100 0.000000 0.000000 0.000000 1.000000
0.996468 0.029511 0.078622 -0.038100 -0.005388 0.956760 -0.290828 9.490500 -0.083805 0.289377 0.953539 -1.392100 0.000000 0.000000 0.000000 1.000000
0.995395 0.041995 0.086175 -0.038100 -0.017930 0.964633 -0.262985 9.490500 -0.094171 0.260229 0.960944 -1.392100 0.000000 0.000000 0.000000 1.000000
0.994755 0.049332 0.089601 -0.038100 -0.026305 0.969925 -0.241978 9.490500 -0.098843 0.238352 0.966136 -1.392100 0.000000 0.000000 0.000000 1.000000
0.994520 0.051903 0.090748 -0.038100 -0.030087 0.973424 -0.227025 9.490500 -0.100120 0.223051 0.969652 -1.392100 0.000000 0.000000 0.000000 1.000000
0.994418 0.053069 0.091190 -0.038100 -0.032465 0.976266 -0.214127 9.490500 -0.100389 0.209971 0.972540 -1.392100 0.000000 0.000000 0.000000 1.000000
0.994396 0.054480 0.090597 -0.038100 -0.035208 0.978729 -0.202113 9.490500 -0.099681 0.197791 0.975163 -1.392100 0.000000 0.000000 0.000000 1.000000
0.994517 0.056041 0.088291 -0.038100 -0.038214 0.980650 -0.192005 9.490500 -0.097343 0.187578 0.977414 -1.392100 0.000000 0.000000 0.000000 1.000000
0.994737 0.057543 0.084778 -0.038100 -0.041121 0.982051 -0.184080 9.490500 -0.093849 0.179625 0.979248 -1.392100 0.000000 0.000000 0.000000 1.000000
0.994972 0.058984 0.080946 -0.038100 -0.043812 0.983086 -0.177825 9.490500 -0.090066 0.173385 0.980727 -1.392100 0.000000 0.000000 0.000000 1.000000
0.995203 0.060709 0.076712 -0.038100 -0.046724 0.983904 -0.172480 9.490500 -0.085949 0.168069 0.982021 -1.392100 0.000000 0.000000 0.000000 1.000000
0.995411 0.063648 0.071460 -0.038100 -0.050957 0.984610 -0.167169 9.490500 -0.081000 0.162761 0.983335 -1.392100 0.000000 0.000000 0.000000 1.000000
0.995500 0.068449 0.065530 -0.038100 -0.057076 0.985147 -0.161953 9.490500 -0.075642 0.157484 0.984620 -1.392100 0.000000 0.000000 0.000000 1.000000
0.995424 0.074188 0.060219 -0.038100 -0.063881 0.985371 -0.157996 9.490500 -0.071060 0.153426 0.985602 -1.392100 0.000000 0.000000 0.000000 1.000000
0.995229 0.079693 0.056293 -0.038100 -0.070079 0.985285 -0.155895 9.490500 -0.067889 0.151206 0.986168 -1.392100 0.000000 0.000000 0.000000 1.000000
0.994930 0.085184 0.053468 -0.038100 -0.076013 0.985008 -0.154856 9.490500 -0.065858 0.150007 0.986489 -1.392100 0.000000 0.000000 0.000000 1.000000
0.994747 0.088022 0.052253 -0.038100 -0.079033 0.984837 -0.154435 9.490500 -0.065055 0.149494 0.986620 -1.392100 0.000000 0.000000 0.000000 1.000000</float_array><technique_common><accessor source="#mixamorig_Spine-Matrix-animation-output-transform-array" count="98" stride="16"><param type="float4x4"/></accessor></technique_common></source><source id="mixamorig_Spine-Interpolations"><Name_array id="mixamorig_Spine-Interpolations-array" count="98">
 LINEAR LINEAR LINEAR LINEAR LINEAR LINEAR LINEAR LINEAR LINEAR LINEAR LINEAR
LINEAR LINEAR LINEAR LINEAR LINEAR LINEAR LINEAR LINEAR LINEAR LINEAR LINEAR LINEAR
LINEAR LINEAR LINEAR LINEAR LINEAR LINEAR LINEAR LINEAR LINEAR LINEAR LINEAR LINEAR
LINEAR LINEAR LINEAR LINEAR LINEAR LINEAR LINEAR LINEAR LINEAR LINEAR LINEAR LINEAR
LINEAR LINEAR LINEAR LINEAR LINEAR LINEAR LINEAR LINEAR LINEAR LINEAR LINEAR LINEAR
LINEAR LINEAR LINEAR LINEAR LINEAR LINEAR LINEAR LINEAR LINEAR LINEAR LINEAR LINEAR
LINEAR LINEAR LINEAR LINEAR LINEAR LINEAR LINEAR LINEAR LINEAR LINEAR LINEAR LINEAR
LINEAR LINEAR LINEAR LINEAR LINEAR LINEAR LINEAR LINEAR LINEAR LINEAR LINEAR LINEAR
LINEAR LINEAR LINEAR</Name_array><technique_common><accessor source="#mixamorig_Spine-Interpolations-array" count="98"><param type="name"/></accessor></technique_common></source><sampler id="mixamorig_Spine-Matrix-animation-transform"><input semantic="INPUT" source="#mixamorig_Spine-Matrix-animation-input"/><input semantic="OUTPUT" source="#mixamorig_Spine-Matrix-animation-output-transform"/><input semantic="INTERPOLATION" source="#mixamorig_Spine-Interpolations"/></sampler><channel source="#mixamorig_Spine-Matrix-animation-transform" target="mixamorig_Spine/matrix"/></animation>
    <animation id="mixamorig_Spine1-anim" name="mixamorig_Spine1"><source id="mixamorig_Spine1-Matrix-animation-input"><float_array id="mixamorig_Spine1-Matrix-animation-input-array" count="98">

0.000000 0.033333 0.066667 0.100000 0.133333 0.166667 0.200000 0.233333 0.266667 0.300000 0.333333 0.366667 0.400000 0.433333 0.466667 0.500000
0.533333 0.566667 0.600000 0.633333 0.666667 0.700000 0.733333 0.766667 0.800000 0.833333 0.866667 0.900000 0.933333 0.966667 1.000000 1.033333
1.066667 1.100000 1.133333 1.166667 1.200000 1.233333 1.266667 1.300000 1.333333 1.366667 1.400000 1.433333 1.466667 1.500000 1.533333 1.566667
1.600000 1.633333 1.666667 1.700000 1.733333 1.766667 1.800000 1.833333 1.866667 1.900000 1.933333 1.966667 2.000000 2.033333 2.066667 2.100000
2.133333 2.166667 2.200000 2.233333 2.266667 2.300000 2.333333 2.366667 2.400000 2.433333 2.466667 2.500000 2.533333 2.566667 2.600000 2.633333
2.666667 2.700000 2.733333 2.766667 2.800000 2.833333 2.866667 2.900000 2.933333 2.966667 3.000000 3.033333 3.066667 3.100000 3.133333 3.166667
3.200000 3.233333</float_array><technique_common><accessor source="#mixamorig_Spine1-Matrix-animation-input-array" count="98"><param name="TIME" type="float"/></accessor></technique_common></source><source id="mixamorig_Spine1-Matrix-animation-output-transform"><float_array id="mixamorig_Spine1-Matrix-animation-output-transform-array" count="1568">

0.999890 0.010865 0.010073 -0.044200 -0.010639 0.999695 -0.022270 11.072300 -0.010312 0.022161 0.999701 -1.624100 0.000000 0.000000 0.000000 1.000000
0.999892 0.011299 0.009444 -0.044200 -0.011079 0.999674 -0.023021 11.072300 -0.009701 0.022913 0.999690 -1.624100 0.000000 0.000000 0.000000 1.000000
0.999902 0.011343 0.008210 -0.044200 -0.011142 0.999647 -0.024134 11.072300 -0.008481 0.024040 0.999675 -1.624100 0.000000 0.000000 0.000000 1.000000
0.999915 0.011008 0.007006 -0.044200 -0.010824 0.999607 -0.025841 11.072300 -0.007288 0.025763 0.999642 -1.624100 0.000000 0.000000 0.000000 1.000000
0.999924 0.010372 0.006721 -0.044200 -0.010180 0.999555 -0.028056 11.072300 -0.007009 0.027985 0.999584 -1.624100 0.000000 0.000000 0.000000 1.000000
0.999927 0.009526 0.007387 -0.044200 -0.009296 0.999488 -0.030614 11.072300 -0.007675 0.030543 0.999504 -1.624100 0.000000 0.000000 0.000000 1.000000
0.999927 0.008883 0.008132 -0.044200 -0.008607 0.999403 -0.033454 11.072300 -0.008424 0.033381 0.999407 -1.624100 0.000000 0.000000 0.000000 1.000000
0.999928 0.008732 0.008286 -0.044200 -0.008424 0.999297 -0.036530 11.072300 -0.008599 0.036457 0.999298 -1.624100 0.000000 0.000000 0.000000 1.000000
0.999931 0.008803 0.007823 -0.044200 -0.008483 0.999164 -0.039997 11.072300 -0.008169 0.039927 0.999169 -1.624100 0.000000 0.000000 0.000000 1.000000
0.999936 0.008984 0.006904 -0.044200 -0.008671 0.998989 -0.044106 11.072300 -0.007293 0.044043 0.999003 -1.624100 0.000000 0.000000 0.000000 1.000000
0.999938 0.009521 0.005725 -0.044200 -0.009231 0.998774 -0.048634 11.072300 -0.006181 0.048579 0.998800 -1.624100 0.000000 0.000000 0.000000 1.000000
0.999937 0.010165 0.004658 -0.044200 -0.009904 0.998544 -0.053022 11.072300 -0.005190 0.052972 0.998582 -1.624100 0.000000 0.000000 0.000000 1.000000
0.999940 0.010262 0.003834 -0.044200 -0.010025 0.998308 -0.057278 11.072300 -0.004415 0.057236 0.998351 -1.624100 0.000000 0.000000 0.000000 1.000000
0.999948 0.009759 0.002899 -0.044200 -0.009560 0.998031 -0.061989 11.072300 -0.003498 0.061959 0.998073 -1.624100 0.000000 0.000000 0.000000 1.000000
0.999956 0.009119 0.001968 -0.044200 -0.008967 0.997712 -0.067007 11.072300 -0.002574 0.066986 0.997751 -1.624100 0.000000 0.000000 0.000000 1.000000
0.999965 0.008137 0.002143 -0.044200 -0.007963 0.997429 -0.071215 11.072300 -0.002716 0.071195 0.997459 -1.624100 0.000000 0.000000 0.000000 1.000000
0.999973 0.006303 0.003884 -0.044200 -0.005996 0.997195 -0.074608 11.072300 -0.004343 0.074583 0.997205 -1.624100 0.000000 0.000000 0.000000 1.000000
0.999974 0.004414 0.005634 -0.044200 -0.003955 0.996865 -0.079025 11.072300 -0.005965 0.079001 0.996857 -1.624100 0.000000 0.000000 0.000000 1.000000
