<?xml version="1.0" encoding="utf-8"?>
<COLLADA xmlns="http://www.collada.org/2005/11/COLLADASchema" version="1.4.1">
  <asset><contributor><author>Mixamo</author><authoring_tool>COLLADA Mixamo exporter</authoring_tool><comments></comments></contributor><created>2018-12-15T21:25:21Z</created><modified>2018-12-15T21:25:21Z</modified><revision></revision><title></title><unit meter="0.010000"/><up_axis>Y_UP</up_axis></asset>
  <library_animations>
    <animation id="mixamorig_Hips-anim" name="mixamorig_Hips"><source id="mixamorig_Hips-Matrix-animation-input"><float_array id="mixamorig_Hips-Matrix-animation-input-array" count="22">

0.000000 0.033333 0.066667 0.100000 0.133333 0.166667 0.200000 0.233333 0.266667 0.300000 0.333333 0.366667 0.400000 0.433333 0.466667 0.500000
0.533333 0.566667 0.600000 0.633333 0.666667 0.700000</float_array><technique_common><accessor source="#mixamorig_Hips-Matrix-animation-input-array" count="22"><param name="TIME" type="float"/></accessor></technique_common></source><source id="mixamorig_Hips-Matrix-animation-output-transform"><float_array id="mixamorig_Hips-Matrix-animation-output-transform-array" count="352">

0.980697 0.180632 -0.074866 0.507388 -0.190678 0.968258 -0.161614 92.598984 0.043297 0.172770 0.984010 1.015729 0.000000 0.000000 0.000000 1.000000
0.983852 0.138494 -0.113383 0.504621 -0.159377 0.966160 -0.202814 94.793884 0.081457 0.217610 0.972631 14.620638 0.000000 0.000000 0.000000 1.000000
0.987067 0.075580 -0.141371 0.633413 -0.107675 0.965915 -0.235401 97.434174 0.118760 0.247579 0.961562 27.999290 0.000000 0.000000 0.000000 1.000000
0.991181 0.011863 -0.131983 0.938671 -0.047611 0.961360 -0.271147 99.587448 0.123667 0.275039 0.953446 41.069668 0.000000 0.000000 0.000000 1.000000
0.996008 -0.022890 -0.086281 1.160646 -0.003819 0.954753 -0.297375 101.158852 0.089184 0.296517 0.950854 53.715611 0.000000 0.000000 0.000000 1.000000
0.999277 -0.018374 -0.033282 1.047478 0.007926 0.956905 -0.290294 101.953911 0.037182 0.289820 0.956359 65.802910 0.000000 0.000000 0.000000 1.000000
0.999945 0.005298 0.009105 0.808459 -0.002892 0.969172 -0.246367 101.062935 -0.010130 0.246327 0.969134 77.592598 0.000000 0.000000 0.000000 1.000000
0.998559 0.012490 0.052187 0.887179 -0.002154 0.981082 -0.193581 98.370880 -0.053618 0.193190 0.979695 89.690712 0.000000 0.000000 0.000000 1.000000
0.994035 -0.012604 0.108328 1.405489 0.030268 0.986162 -0.163001 95.220726 -0.104775 0.165307 0.980661 102.246170 0.000000 0.000000 0.000000 1.000000
0.985635 -0.054058 0.160006 2.115943 0.079928 0.983883 -0.159953 92.619781 -0.148781 0.170444 0.974070 114.983391 0.000000 0.000000 0.000000 1.000000
0.981280 -0.075737 0.177067 2.701263 0.107013 0.978849 -0.174363 91.733528 -0.160116 0.190048 0.968630 128.068512 0.000000 0.000000 0.000000 1.000000
0.986045 -0.058294 0.155939 3.003438 0.087852 0.977852 -0.189968 92.560547 -0.141411 0.201017 0.969327 141.464218 0.000000 0.000000 0.000000 1.000000
0.993267 -0.005701 0.115710 2.970490 0.028615 0.979915 -0.197351 95.829613 -0.112261 0.199333 0.973480 154.940674 0.000000 0.000000 0.000000 1.000000
0.996035 0.058971 0.066609 2.659359 -0.044054 0.977434 -0.206598 99.536568 -0.077289 0.202844 0.976156 168.167938 0.000000 0.000000 0.000000 1.000000
0.994330 0.105882 0.009796 2.306815 -0.101120 0.970046 -0.220875 101.797386 -0.032890 0.218632 0.975253 181.016434 0.000000 0.000000 0.000000 1.000000
0.991945 0.120712 -0.038385 2.133890 -0.126225 0.967313 -0.219939 101.845932 0.010581 0.223013 0.974758 193.415649 0.000000 0.000000 0.000000 1.000000
0.992178 0.110741 -0.057606 2.062241 -0.119685 0.975041 -0.187006 100.253342 0.035459 0.192438 0.980668 205.527969 0.000000 0.000000 0.000000 1.000000
0.992882 0.105599 -0.055087 1.729678 -0.112297 0.984111 -0.137530 97.880791 0.039688 0.142737 0.988965 217.724396 0.000000 0.000000 0.000000 1.000000
0.990365 0.125872 -0.057736 0.985683 -0.131500 0.985513 -0.107104 95.148514 0.043419 0.113664 0.992570 230.227905 0.000000 0.000000 0.000000 1.000000
0.984112 0.161625 -0.073489 0.284459 -0.168993 0.979622 -0.108541 92.893997 0.054448 0.119236 0.991372 243.023132 0.000000 0.000000 0.000000 1.000000
0.979122 0.185444 -0.083253 0.043540 -0.195159 0.972146 -0.129788 91.847061 0.056865 0.143326 0.988040 256.222778 0.000000 0.000000 0.000000 1.000000
0.980697 0.180632 -0.074866 0.507387 -0.190678 0.968258 -0.161614 92.598984 0.043297 0.172770 0.984010 269.885132 0.000000 0.000000 0.000000 1.000000</float_array><technique_common><accessor source="#mixamorig_Hips-Matrix-animation-output-transform-array" count="22" stride="16"><param type="float4x4"/></accessor></technique_common></source><source id="mixamorig_Hips-Interpolations"><Name_array id="mixamorig_Hips-Interpolations-array" count="22">
 LINEAR LINEAR LINEAR LINEAR LINEAR LINEAR LINEAR LINEAR LINEAR LINEAR LINEAR
LINEAR LINEAR LINEAR LINEAR LINEAR LINEAR LINEAR LINEAR LINEAR LINEAR LINEAR</Name_array><technique_common><accessor source="#mixamorig_Hips-Interpolations-array" count="22"><param type="name"/></accessor></technique_common></source><sampler id="mixamorig_Hips-Matrix-animation-transform"><input semantic="INPUT" source="#mixamorig_Hips-Matrix-animation-input"/><input semantic="OUTPUT" source="#mixamorig_Hips-Matrix-animation-output-transform"/><input semantic="INTERPOLATION" source="#mixamorig_Hips-Interpolations"/></sampler><channel source="#mixamorig_Hips-Matrix-animation-transform" target="mixamorig_Hips/matrix"/></animation>
    <animation id="mixamorig_Spine-anim" name="mixamorig_Spine"><source id="mixamorig_Spine-Matrix-animation-input"><float_array id="mixamorig_Spine-Matrix-animation-input-array" count="22">

0.000000 0.033333 0.066667 0.100000 0.133333 0.166667 0.200000 0.233333 0.266667 0.300000 0.333333 0.366667 0.400000 0.433333 0.466667 0.500000
0.533333 0.566667 0.600000 0.633333 0.666667 0.700000</float_array><technique_common><accessor source="#mixamorig_Spine-Matrix-animation-input-array" count="22"><param name="TIME" type="float"/></accessor></technique_common></source><source id="mixamorig_Spine-Matrix-animation-output-transform"><float_array id="mixamorig_Spine-Matrix-animation-output-transform-array" count="352">

0.989931 -0.127526 0.061434 -0.038100 0.129855 0.990896 -0.035531 9.490500 -0.056343 0.043150 0.997479 -1.392100 0.000000 0.000000 0.000000 1.000000
0.991705 -0.101386 0.079007 -0.038100 0.102609 0.994655 -0.011560 9.490500 -0.077413 0.019571 0.996807 -1.392100 0.000000 0.000000 0.000000 1.000000
0.992569 -0.062975 0.104122 -0.038100 0.063095 0.998005 0.002142 9.490500 -0.104049 0.004444 0.994562 -1.392100 0.000000 0.000000 0.000000 1.000000
0.991663 -0.025442 0.126324 -0.038100 0.024385 0.999654 0.009909 9.490500 -0.126533 -0.006746 0.991939 -1.392100 0.000000 0.000000 0.000000 1.000000
0.990513 -0.004558 0.137346 -0.038100 0.002824 0.999914 0.012814 9.490500 -0.137393 -0.012304 0.990440 -1.392100 0.000000 0.000000 0.000000 1.000000
0.990853 -0.001759 0.134937 -0.038100 0.001161 0.999989 0.004516 9.490500 -0.134943 -0.004318 0.990844 -1.392100 0.000000 0.000000 0.000000 1.000000
0.992649 -0.008913 0.120696 -0.038100 0.011006 0.999800 -0.016687 9.490500 -0.120524 0.017893 0.992549 -1.392100 0.000000 0.000000 0.000000 1.000000
0.995117 -0.013401 0.097785 -0.038100 0.017335 0.999069 -0.039495 9.490500 -0.097165 0.040997 0.994424 -1.392100 0.000000 0.000000 0.000000 1.000000
0.997208 -0.009280 0.074094 -0.038100 0.012893 0.998743 -0.048435 9.490500 -0.073551 0.049255 0.996074 -1.392100 0.000000 0.000000 0.000000 1.000000
0.998066 0.003268 0.062070 -0.038100 -0.000800 0.999210 -0.039744 9.490500 -0.062151 0.039617 0.997280 -1.392100 0.000000 0.000000 0.000000 1.000000
0.997946 0.009608 0.063329 -0.038100 -0.008346 0.999762 -0.020171 9.490500 -0.063508 0.019601 0.997789 -1.392100 0.000000 0.000000 0.000000 1.000000
0.998024 -0.005526 0.062584 -0.038100 0.005785 0.999975 -0.003954 9.490500 -0.062561 0.004309 0.998032 -1.392100 0.000000 0.000000 0.000000 1.000000
0.997852 -0.042331 0.049993 -0.038100 0.042461 0.999097 -0.001526 9.490500 -0.049884 0.003645 0.998748 -1.392100 0.000000 0.000000 0.000000 1.000000
0.995988 -0.082651 0.034298 -0.038100 0.082979 0.996517 -0.008244 9.490500 -0.033497 0.011057 0.999378 -1.392100 0.000000 0.000000 0.000000 1.000000
0.993734 -0.108663 0.026171 -0.038100 0.109103 0.993902 -0.016005 9.490500 -0.024273 0.018760 0.999529 -1.392100 0.000000 0.000000 0.000000 1.000000
0.992570 -0.119088 0.024961 -0.038100 0.119771 0.992409 -0.027929 9.490500 -0.021445 0.030711 0.999298 -1.392100 0.000000 0.000000 0.000000 1.000000
0.992718 -0.117204 0.027810 -0.038100 0.118492 0.991678 -0.050343 9.490500 -0.021678 0.053271 0.998345 -1.392100 0.000000 0.000000 0.000000 1.000000
0.993159 -0.110709 0.037127 -0.038100 0.113265 0.990669 -0.075806 9.490500 -0.028388 0.079492 0.996431 -1.392100 0.000000 0.000000 0.000000 1.000000
0.993034 -0.105257 0.052954 -0.038100 0.109617 0.990107 -0.087592 9.490500 -0.043211 0.092787 0.994748 -1.392100 0.000000 0.000000 0.000000 1.000000
0.991990 -0.107670 0.066049 -0.038100 0.112820 0.990394 -0.079941 9.490500 -0.056807 0.086752 0.994609 -1.392100 0.000000 0.000000 0.000000 1.000000
0.990597 -0.119120 0.067296 -0.038100 0.123195 0.990564 -0.060050 9.490500 -0.059508 0.067775 0.995924 -1.392100 0.000000 0.000000 0.000000 1.000000
0.989931 -0.127526 0.061434 -0.038100 0.129855 0.990896 -0.035531 9.490500 -0.056343 0.043150 0.997479 -1.392100 0.000000 0.000000 0.000000 1.000000</float_array><technique_common><accessor source="#mixamorig_Spine-Matrix-animation-output-transform-array" count="22" stride="16"><param type="float4x4"/></accessor></technique_common></source><source id="mixamorig_Spine-Interpolations"><Name_array id="mixamorig_Spine-Interpolations-array" count="22">
 LINEAR LINEAR LINEAR LINEAR LINEAR LINEAR LINEAR LINEAR LINEAR LINEAR LINEAR
LINEAR LINEAR LINEAR LINEAR LINEAR LINEAR LINEAR LINEAR LINEAR LINEAR LINEAR</Name_array><technique_common><accessor source="#mixamorig_Spine-Interpolations-array" count="22"><param type="name"/></accessor></technique_common></source><sampler id="mixamorig_Spine-Matrix-animation-transform"><input semantic="INPUT" source="#mixamorig_Spine-Matrix-animation-input"/><input semantic="OUTPUT" source="#mixamorig_Spine-Matrix-animation-output-transform"/><input semantic="INTERPOLATION" source="#mixamorig_Spine-Interpolations"/></sampler><channel source="#mixamorig_Spine-Matrix-animation-transform" target="mixamorig_Spine/matrix"/></animation>
    <animation id="mixamorig_Spine1-anim" name="mixamorig_Spine1"><source id="mixamorig_Spine1-Matrix-animation-input"><float_array id="mixamorig_Spine1-Matrix-animation-input-array" count="22">

0.000000 0.033333 0.066667 0.100000 0.133333 0.166667 0.200000 0.233333 0.266667 0.300000 0.333333 0.366667 0.400000 0.433333 0.466667 0.500000
0.533333 0.566667 0.600000 0.633333 0.666667 0.700000</float_array><technique_common><accessor source="#mixamorig_Spine1-Matrix-animation-input-array" count="22"><param name="TIME" type="float"/></accessor></technique_common></source><source id="mixamorig_Spine1-Matrix-animation-output-transform"><float_array id="mixamorig_Spine1-Matrix-animation-output-transform-array" count="352">

0.999644 -0.024710 -0.010071 -0.044200 0.023015 0.989425 -0.143207 11.072300 0.013503 0.142924 0.989642 -1.624100 0.000000 0.000000 0.000000 1.000000
0.999589 0.010974 0.026487 -0.044200 -0.007919 0.993584 -0.112819 11.072300 -0.027555 0.112563 0.993262 -1.624100 0.000000 0.000000 0.000000 1.000000
0.995751 0.054043 0.074561 -0.044200 -0.047314 0.994886 -0.089242 11.072300 -0.079002 0.085335 0.993215 -1.624100 0.000000 0.000000 0.000000 1.000000
0.988886 0.093451 0.115639 -0.044200 -0.085842 0.993908 -0.069131 11.072300 -0.121395 0.058436 0.990883 -1.624100 0.000000 0.000000 0.000000 1.000000
0.983787 0.115519 0.137179 -0.044200 -0.108742 0.992495 -0.055934 11.072300 -0.142611 0.040110 0.988966 -1.624100 0.000000 0.000000 0.000000 1.000000
0.983887 0.112166 0.139230 -0.044200 -0.104846 0.992745 -0.058864 11.072300 -0.144822 0.043318 0.988509 -1.624100 0.000000 0.000000 0.000000 1.000000
0.987819 0.091541 0.125835 -0.044200 -0.081823 0.993403 -0.080352 11.072300 -0.132360 0.069077 0.988792 -1.624100 0.000000 0.000000 0.000000 1.000000
0.992353 0.076160 0.097139 -0.044200 -0.065495 0.991924 -0.108613 11.072300 -0.104626 0.101420 0.989327 -1.624100 0.000000 0.000000 0.000000 1.000000
0.995101 0.080007 0.058078 -0.044200 -0.072068 0.989172 -0.127850 11.072300 -0.067677 0.123038 0.990092 -1.624100 0.000000 0.000000 0.000000 1.000000
0.995296 0.093589 0.025042 -0.044200 -0.089481 0.987111 -0.132686 11.072300 -0.037137 0.129821 0.990842 -1.624100 0.000000 0.000000 0.000000 1.000000
0.995476 0.094747 0.007059 -0.044200 -0.093120 0.987723 -0.125428 11.072300 -0.018856 0.124203 0.992078 -1.624100 0.000000 0.000000 0.000000 1.000000
0.997512 0.070000 -0.008354 -0.044200 -0.070496 0.990823 -0.115330 11.072300 0.000205 0.115632 0.993292 -1.624100 0.000000 0.000000 0.000000 1.000000
0.999084 0.024785 -0.034876 -0.044200 -0.028599 0.993128 -0.113483 11.072300 0.031823 0.114376 0.992928 -1.624100 0.000000 0.000000 0.000000 1.000000
0.997538 -0.021651 -0.066698 -0.044200 0.013723 0.993025 -0.117102 11.072300 0.068768 0.115899 0.990878 -1.624100 0.000000 0.000000 0.000000 1.000000
0.994606 -0.051962 -0.089773 -0.044200 0.041146 0.992115 -0.118386 11.072300 0.095217 0.114054 0.988901 -1.624100 0.000000 0.000000 0.000000 1.000000
0.993301 -0.058243 -0.099808 -0.044200 0.045749 0.991328 -0.123187 11.072300 0.106117 0.117796 0.987352 -1.624100 0.000000 0.000000 0.000000 1.000000
0.994054 -0.044261 -0.099484 -0.044200 0.029900 0.989491 -0.141469 11.072300 0.104700 0.137653 0.984931 -1.624100 0.000000 0.000000 0.000000 1.000000
0.995859 -0.027937 -0.086511 -0.044200 0.013129 0.985832 -0.167219 11.072300 0.089957 0.165391 0.982117 -1.624100 0.000000 0.000000 0.000000 1.000000
0.997960 -0.025384 -0.058586 -0.044200 0.014268 0.983031 -0.182883 11.072300 0.062235 0.181674 0.981387 -1.624100 0.000000 0.000000 0.000000 1.000000
0.999065 -0.032167 -0.028886 -0.044200 0.026407 0.983055 -0.181401 11.072300 0.034232 0.180468 0.982985 -1.624100 0.000000 0.000000 0.000000 1.000000
0.999333 -0.033960 -0.013435 -0.044200 0.031227 0.985320 -0.167839 11.072300 0.018938 0.167307 0.985723 -1.624100 0.000000 0.000000 0.000000 1.000000
0.999644 -0.024710 -0.010071 -0.044200 0.023015 0.989425 -0.143207 11.072300 0.013503 0.142924 0.989642 -1.624100 0.000000 0.000000 0.000000 1.000000</float_array><technique_common><accessor source="#mixamorig_Spine1-Matrix-animation-output-transform-array" count="22" stride="16"><param type="float4x4"/></accessor></technique_common></source><source id="mixamorig_Spine1-Interpolations"><Name_array id="mixamorig_Spine1-Interpolations-array" count="22">
 LINEAR LINEAR LINEAR LINEAR LINEAR LINEAR LINEAR LINEAR LINEAR LINEAR LINEAR
LINEAR LINEAR LINEAR LINEAR LINEAR LINEAR LINEAR LINEAR LINEAR LINEAR LINEAR</Name_array><technique_common><accessor source="#mixamorig_Spine1-Interpolations-array" count="22"><param type="name"/></accessor></technique_common></source><sampler id="mixamorig_Spine1-Matrix-animation-transform"><input semantic="INPUT" source="#mixamorig_Spine1-Matrix-animation-input"/><input semantic="OUTPUT" source="#mixamorig_Spine1-Matrix-animation-output-transform"/><input semantic="INTERPOLATION" source="#mixamorig_Spine1-Interpolations"/></sampler><channel source="#mixamorig_Spine1-Matrix-animation-transform" target="mixamorig_Spine1/matrix"/></animation>
    <animation id="mixamorig_Spine2-anim" name="mixamorig_Spine2"><source id="mixamorig_Spine2-Matrix-animation-input"><float_array id="mixamorig_Spine2-Matrix-animation-input-array" count="22">

0.000000 0.033333 0.066667 0.100000 0.133333 0.166667 0.200000 0.233333 0.266667 0.300000 0.333333 0.366667 0.400000 0.433333 0.466667 0.500000
0.533333 0.566667 0.600000 0.633333 0.666667 0.700000</float_array><technique_common><accessor source="#mixamorig_Spine2-Matrix-animation-input-array" count="22"><param name="TIME" type="float"/></accessor></technique_common></source><source id="mixamorig_Spine2-Matrix-animation-output-transform"><float_array id="mixamorig_Spine2-Matrix-animation-output-transform-array" count="352">

0.994735 -0.101675 -0.012828 -0.050500 0.100097 0.990797 -0.091114 12.654000 0.021973 0.089350 0.995758 -1.856100 0.000000 0.000000 0.000000 1.000000
0.997275 -0.069491 0.024788 -0.050500 0.070844 0.995758 -0.058705 12.654000 -0.020604 0.060301 0.997968 -1.856100 0.000000 0.000000 0.000000 1.000000
0.996797 -0.029888 0.074183 -0.050500 0.032445 0.998912 -0.033501 12.654000 -0.073101 0.035800 0.996682 -1.856100 0.000000 0.000000 0.000000 1.000000
0.993142 0.007361 0.116684 -0.050500 -0.005945 0.999904 -0.012484 12.654000 -0.116765 0.011705 0.993091 -1.856100 0.000000 0.000000 0.000000 1.000000
0.989823 0.028641 0.139392 -0.050500 -0.029052 0.999577 0.000911 12.654000 -0.139307 -0.004952 0.990237 -1.856100 0.000000 0.000000 0.000000 1.000000
0.989568 0.024900 0.141898 -0.050500 -0.024901 0.999688 -0.001773 12.654000 -0.141898 -0.001779 0.989880 -1.856100 0.000000 0.000000 0.000000 1.000000
0.991696 0.003967 0.128540 -0.050500 -0.001040 0.999739 -0.022830 12.654000 -0.128597 0.022506 0.991442 -1.856100 0.000000 0.000000 0.000000 1.000000
0.994898 -0.010423 0.100348 -0.050500 0.015659 0.998548 -0.051535 12.654000 -0.099666 0.052843 0.993617 -1.856100 0.000000 0.000000 0.000000 1.000000
0.998044 -0.003646 0.062410 -0.050500 0.008145 0.997373 -0.071981 12.654000 -0.061983 0.072349 0.995452 -1.856100 0.000000 0.000000 0.000000 1.000000
0.999466 0.012887 0.030043 -0.050500 -0.010517 0.996915 -0.077777 12.654000 -0.030953 0.077419 0.996518 -1.856100 0.000000 0.000000 0.000000 1.000000
0.999816 0.015689 0.011071 -0.050500 -0.014864 0.997363 -0.071032 12.654000 -0.012156 0.070855 0.997413 -1.856100 0.000000 0.000000 0.000000 1.000000
0.999950 -0.007798 -0.006306 -0.050500 0.007394 0.998069 -0.061681 12.654000 0.006775 0.061631 0.998076 -1.856100 0.000000 0.000000 0.000000 1.000000
0.998090 -0.051048 -0.034781 -0.050500 0.048838 0.996900 -0.061688 12.654000 0.037822 0.059872 0.997489 -1.856100 0.000000 0.000000 0.000000 1.000000
0.993106 -0.094888 -0.068825 -0.050500 0.090232 0.993605 -0.067879 12.654000 0.074825 0.061200 0.995317 -1.856100 0.000000 0.000000 0.000000 1.000000
0.987943 -0.123063 -0.093932 -0.050500 0.116629 0.990622 -0.071178 12.654000 0.101811 0.059365 0.993031 -1.856100 0.000000 0.000000 0.000000 1.000000
0.986237 -0.127973 -0.104684 -0.050500 0.120296 0.989774 -0.076653 12.654000 0.113423 0.063006 0.991547 -1.856100 0.000000 0.000000 0.000000 1.000000
0.988199 -0.112883 -0.103536 -0.050500 0.103243 0.990188 -0.094178 12.654000 0.113151 0.082377 0.990157 -1.856100 0.000000 0.000000 0.000000 1.000000
0.991336 -0.096437 -0.089181 -0.050500 0.085562 0.989245 -0.118631 12.654000 0.099663 0.109973 0.988925 -1.856100 0.000000 0.000000 0.000000 1.000000
0.993507 -0.096161 -0.060801 -0.050500 0.087411 0.987244 -0.133077 12.654000 0.072823 0.126898 0.989239 -1.856100 0.000000 0.000000 0.000000 1.000000
0.993832 -0.106269 -0.031688 -0.050500 0.101299 0.986262 -0.130486 12.654000 0.045119 0.126471 0.990944 -1.856100 0.000000 0.000000 0.000000 1.000000
0.993786 -0.110073 -0.016532 -0.050500 0.107433 0.987400 -0.116184 12.654000 0.029112 0.113686 0.993090 -1.856100 0.000000 0.000000 0.000000 1.000000
0.994735 -0.101675 -0.012828 -0.050500 0.100097 0.990797 -0.091114 12.654000 0.021973 0.089350 0.995758 -1.856100 0.000000 0.000000 0.000000 1.000000</float_array><technique_common><accessor source="#mixamorig_Spine2-Matrix-animation-output-transform-array" count="22" stride="16"><param type="float4x4"/></accessor></technique_common></source><source id="mixamorig_Spine2-Interpolations"><Name_array id="mixamorig_Spine2-Interpolations-array" count="22">
 LINEAR LINEAR LINEAR LINEAR LINEAR LINEAR LINEAR LINEAR LINEAR LINEAR LINEAR
LINEAR LINEAR LINEAR LINEAR LINEAR LINEAR LINEAR LINEAR LINEAR LINEAR LINEAR</Name_array><technique_common><accessor source="#mixamorig_Spine2-Interpolations-array" count="22"><param type="name"/></accessor></technique_common></source><sampler id="mixamorig_Spine2-Matrix-animation-transform"><input semantic="INPUT" source="#mixamorig_Spine2-Matrix-animation-input"/><input semantic="OUTPUT" source="#mixamorig_Spine2-Matrix-animation-output-transform"/><input semantic="INTERPOLATION" source="#mixamorig_Spine2-Interpolations"/></sampler><channel source="#mixamorig_Spine2-Matrix-animation-transform" target="mixamorig_Spine2/matrix"/></animation>
    <animation id="mixamorig_Neck-anim" name="mixamorig_Neck"><source id="mixamorig_Neck-Matrix-animation-input"><float_array id="mixamorig_Neck-Matrix-animation-input-array" count="22">

0.000000 0.033333 0.066667 0.100000 0.133333 0.166667 0.200000 0.233333 0.266667 0.300000 0.333333 0.366667 0.400000 0.433333 0.466667 0.500000
0.533333 0.566667 0.600000 0.633333 0.666667 0.700000</float_array><technique_common><accessor source="#mixamorig_Neck-Matrix-animation-input-array" count="22"><param name="TIME" type="float"/></accessor></technique_common></source><source id="mixamorig_Neck-Matrix-animation-output-transform"><float_array id="mixamorig_Neck-Matrix-animation-output-transform-array" count="352">

0.997365 0.068509 0.023869 -0.056900 -0.071694 0.981079 0.179845 14.235800 -0.011097 -0.181082 0.983405 -2.088100 0.000000 0.000000 0.000000 1.000000
0.998514 0.054305 0.004513 -0.056900 -0.054492 0.994737 0.086770 14.235800 0.000223 -0.086887 0.996218 -2.088100 0.000000 0.000000 0.000000 1.000000
0.999221 0.035713 -0.016802 -0.056900 -0.035140 0.998829 0.033260 14.235800 0.017970 -0.032643 0.999305 -2.088100 0.000000 0.000000 0.000000 1.000000
0.999094 0.019588 -0.037789 -0.056900 -0.018761 0.999579 0.022125 14.235800 0.038206 -0.021396 0.999041 -2.088100 0.000000 0.000000 0.000000 1.000000
0.998498 0.018324 -0.051639 -0.056900 -0.017880 0.999799 0.009052 14.235800 0.051794 -0.008115 0.998625 -2.088100 0.000000 0.000000 0.000000 1.000000
0.998090 0.027048 -0.055536 -0.056900 -0.026406 0.999576 0.012256 14.235800 0.055844 -0.010766 0.998381 -2.088100 0.000000 0.000000 0.000000 1.000000
0.998170 0.036479 -0.048220 -0.056900 -0.030481 0.992337 0.119740 14.235800 0.052218 -0.118051 0.991634 -2.088100 0.000000 0.000000 0.000000 1.000000
0.998696 0.032017 -0.039773 -0.056900 -0.027040 0.992414 0.119933 14.235800 0.043311 -0.118701 0.991985 -2.088100 0.000000 0.000000 0.000000 1.000000
0.999223 0.000880 -0.039407 -0.056900 0.003696 0.993255 0.115888 14.235800 0.039243 -0.115943 0.992480 -2.088100 0.000000 0.000000 0.000000 1.000000
0.998979 -0.024130 -0.038189 -0.056900 0.027846 0.994601 0.099967 14.235800 0.035571 -0.100928 0.994258 -2.088100 0.000000 0.000000 0.000000 1.000000
0.999273 -0.020695 -0.032008 -0.056900 0.021930 0.999008 0.038750 14.235800 0.031175 -0.039424 0.998736 -2.088100 0.000000 0.000000 0.000000 1.000000
0.999713 0.011399 -0.021075 -0.056900 -0.011678 0.999845 -0.013199 14.235800 0.020921 0.013441 0.999691 -2.088100 0.000000 0.000000 0.000000 1.000000
0.999027 0.043515 -0.007144 -0.056900 -0.043818 0.997788 -0.049988 14.235800 0.004953 0.050253 0.998724 -2.088100 0.000000 0.000000 0.000000 1.000000
0.999330 0.036489 0.002754 -0.056900 -0.036254 0.997494 -0.060764 14.235800 -0.004964 0.060623 0.998148 -2.088100 0.000000 0.000000 0.000000 1.000000
0.999721 0.018508 0.014671 -0.056900 -0.017602 0.998065 -0.059634 14.235800 -0.015746 0.059359 0.998113 -2.088100 0.000000 0.000000 0.000000 1.000000
0.998593 0.040633 0.034081 -0.056900 -0.040744 0.999166 0.002555 14.235800 -0.033949 -0.003940 0.999416 -2.088100 0.000000 0.000000 0.000000 1.000000
0.997117 0.057603 0.049383 -0.056900 -0.062245 0.993210 0.098282 14.235800 -0.043386 -0.101073 0.993933 -2.088100 0.000000 0.000000 0.000000 1.000000
0.997291 0.056094 0.047573 -0.056900 -0.063632 0.982407 0.175579 14.235800 -0.036887 -0.178130 0.983315 -2.088100 0.000000 0.000000 0.000000 1.000000
0.997789 0.053464 0.039492 -0.056900 -0.061070 0.971940 0.227162 14.235800 -0.026239 -0.229071 0.973056 -2.088100 0.000000 0.000000 0.000000 1.000000
0.997562 0.059034 0.037220 -0.056900 -0.066525 0.965560 0.251531 14.235800 -0.021089 -0.253394 0.967133 -2.088100 0.000000 0.000000 0.000000 1.000000
0.997090 0.069565 0.031167 -0.056900 -0.075072 0.967081 0.243145 14.235800 -0.013226 -0.244777 0.969489 -2.088100 0.000000 0.000000 0.000000 1.000000
0.997365 0.068509 0.023869 -0.056900 -0.071694 0.981079 0.179846 14.235800 -0.011097 -0.181083 0.983405 -2.088100 0.000000 0.000000 0.000000 1.000000</float_array><technique_common><accessor source="#mixamorig_Neck-Matrix-animation-output-transform-array" count="22" stride="16"><param type="float4x4"/></accessor></technique_common></source><source id="mixamorig_Neck-Interpolations"><Name_array id="mixamorig_Neck-Interpolations-array" count="22">
 LINEAR LINEAR LINEAR LINEAR LINEAR LINEAR LINEAR LINEAR LINEAR LINEAR LINEAR
LINEAR LINEAR LINEAR LINEAR LINEAR LINEAR LINEAR LINEAR LINEAR LINEAR LINEAR</Name_array><technique_common><accessor source="#mixamorig_Neck-Interpolations-array" count="22"><param type="name"/></accessor></technique_common></source><sampler id="mixamorig_Neck-Matrix-animation-transform"><input semantic="INPUT" source="#mixamorig_Neck-Matrix-animation-input"/><input semantic="OUTPUT" source="#mixamorig_Neck-Matrix-animation-output-transform"/><input semantic="INTERPOLATION" source="#mixamorig_Neck-Interpolations"/></sampler><channel source="#mixamorig_Neck-Matrix-animation-transform" target="mixamorig_Neck/matrix"/></animation>
    <animation id="mixamorig_Head-anim" name="mixamorig_Head"><source id="mixamorig_Head-Matrix-animation-input"><float_array id="mixamorig_Head-Matrix-animation-input-array" count="22">

0.000000 0.033333 0.066667 0.100000 0.133333 0.166667 0.200000 0.233333 0.266667 0.300000 0.333333 0.366667 0.400000 0.433333 0.466667 0.500000
0.533333 0.566667 0.600000 0.633333 0.666667 0.700000</float_array><technique_common><accessor source="#mixamorig_Head-Matrix-animation-input-array" count="22"><param name="TIME" type="float"/></accessor></technique_common></source><source id="mixamorig_Head-Matrix-animation-output-transform"><float_array id="mixamorig_Head-Matrix-animation-output-transform-array" count="352">

0.997838 -0.031672 0.057589 0.000000 0.009211 0.934967 0.354614 3.280200 -0.065075 -0.353317 0.933237 0.313300 0.000000 0.000000 0.000000 1.000000
0.999557 -0.029335 0.005041 0.000000 0.024522 0.907591 0.419139 3.280200 -0.016871 -0.418830 0.907908 0.313300 0.000000 0.000000 0.000000 1.000000
0.996180 -0.028959 -0.082388 0.000000 0.061976 0.899098 0.433337 3.280200 0.061525 -0.436788 0.897458 0.313300 0.000000 0.000000 0.000000 1.000000
0.983218 -0.021658 -0.181145 0.000000 0.095181 0.907979 0.408062 3.280200 0.155638 -0.418456 0.894803 0.313300 0.000000 0.000000 0.000000 1.000000
0.965190 -0.005831 -0.261484 0.000000 0.113855 0.909423 0.399984 3.280200 0.235467 -0.415832 0.878430 0.313300 0.000000 0.000000 0.000000 1.000000
0.954996 0.016918 -0.296137 0.000000 0.110613 0.906044 0.408472 3.280200 0.275223 -0.422845 0.863397 0.313300 0.000000 0.000000 0.000000 1.000000
0.958934 0.036414 -0.281283 0.000000 0.066849 0.934770 0.348907 3.280200 0.275640 -0.353382 0.893948 0.313300 0.000000 0.000000 0.000000 1.000000
0.970005 0.039761 -0.239812 -0.000000 0.056084 0.923311 0.379936 3.280200 0.236528 -0.381989 0.893386 0.313300 0.000000 0.000000 0.000000 1.000000
0.980912 0.046537 -0.188802 0.000000 0.032553 0.917939 0.395384 3.280200 0.191709 -0.393983 0.898902 0.313300 0.000000 0.000000 0.000000 1.000000
0.985204 0.050756 -0.163695 0.000000 0.018334 0.918446 0.395120 3.280200 0.170400 -0.392276 0.903927 0.313300 0.000000 0.000000 0.000000 1.000000
0.986905 0.046921 -0.154325 -0.000000 0.022402 0.907612 0.419212 3.280200 0.159737 -0.417180 0.894676 0.313300 0.000000 0.000000 0.000000 1.000000
0.991559 0.042797 -0.122390 0.000000 0.015836 0.896912 0.441925 3.280200 0.128686 -0.440133 0.888664 0.313300 0.000000 0.000000 0.000000 1.000000
0.997719 0.056051 -0.037620 -0.000000 -0.031508 0.879526 0.474806 3.280200 0.059701 -0.472538 0.879286 0.313300 0.000000 0.000000 0.000000 1.000000
0.991942 0.086577 0.092500 0.000000 -0.121381 0.858655 0.497974 3.280200 -0.036313 -0.505189 0.862245 0.313300 0.000000 0.000000 0.000000 1.000000
0.975164 0.094381 0.200369 0.000000 -0.185158 0.843824 0.503664 3.280200 -0.121539 -0.528255 0.840342 0.313300 0.000000 0.000000 0.000000 1.000000
0.971967 0.052785 0.229117 0.000000 -0.157700 0.869131 0.468766 3.280200 -0.174388 -0.491756 0.853091 0.313300 0.000000 0.000000 0.000000 1.000000
0.978071 0.010153 0.208024 0.000000 -0.098023 0.903713 0.416767 3.280200 -0.183763 -0.428019 0.884890 0.313300 0.000000 0.000000 0.000000 1.000000
0.985963 -0.014243 0.166356 0.000000 -0.050847 0.923414 0.380422 3.280200 -0.159034 -0.383541 0.909728 0.313300 0.000000 0.000000 0.000000 1.000000
0.992720 -0.025702 0.117673 -0.000000 -0.018113 0.934000 0.356812 3.280200 -0.119077 -0.356346 0.926735 0.313300 0.000000 0.000000 0.000000 1.000000
0.996450 -0.031704 0.077984 -0.000000 0.003046 0.939340 0.342974 3.280200 -0.084127 -0.341519 0.936102 0.313300 0.000000 0.000000 0.000000 1.000000
0.997309 -0.039526 0.061746 0.000000 0.016148 0.939965 0.340889 3.280200 -0.071513 -0.338975 0.938074 0.313300 0.000000 0.000000 0.000000 1.000000
0.997838 -0.031672 0.057589 0.000000 0.009211 0.934967 0.354614 3.280200 -0.065075 -0.353317 0.933238 0.313300 0.000000 0.000000 0.000000 1.000000</float_array><technique_common><accessor source="#mixamorig_Head-Matrix-animation-output-transform-array" count="22" stride="16"><param type="float4x4"/></accessor></technique_common></source><source id="mixamorig_Head-Interpolations"><Name_array id="mixamorig_Head-Interpolations-array" count="22">
 LINEAR LINEAR LINEAR LINEAR LINEAR LINEAR LINEAR LINEAR LINEAR LINEAR LINEAR
LINEAR LINEAR LINEAR LINEAR LINEAR LINEAR LINEAR LINEAR LINEAR LINEAR LINEAR</Name_array><technique_common><accessor source="#mixamorig_Head-Interpolations-array" count="22"><param type="name"/></accessor></technique_common></source><sampler id="mixamorig_Head-Matrix-animation-transform"><input semantic="INPUT" source="#mixamorig_Head-Matrix-animation-input"/><input semantic="OUTPUT" source="#mixamorig_Head-Matrix-animation-output-transform"/><input semantic="INTERPOLATION" source="#mixamorig_Head-Interpolations"/></sampler><channel source="#mixamorig_Head-Matrix-animation-transform" target="mixamorig_Head/matrix"/></animation>
    <animation id="mixamorig_LeftShoulder-anim" name="mixamorig_LeftShoulder"><source id="mixamorig_LeftShoulder-Matrix-animation-input"><float_array id="mixamorig_LeftShoulder-Matrix-animation-input-array" count="22">

0.000000 0.033333 0.066667 0.100000 0.133333 0.166667 0.200000 0.233333 0.266667 0.300000 0.333333 0.366667 0.400000 0.433333 0.466667 0.500000
0.533333 0.566667 0.600000 0.633333 0.666667 0.700000</float_array><technique_common><accessor source="#mixamorig_LeftShoulder-Matrix-animation-input-array" count="22"><param name="TIME" type="float"/></accessor></technique_common></source><source id="mixamorig_LeftShoulder-Matrix-animation-output-transform"><float_array id="mixamorig_LeftShoulder-Matrix-animation-output-transform-array" count="352">

0.953403 0.248408 -0.171222 6.728800 -0.246763 0.968574 0.031171 11.756600 0.173584 0.012533 0.984739 -2.058500 0.000000 0.000000 0.000000 1.000000
0.973809 0.197601 -0.112470 6.728800 -0.195053 0.980226 0.033342 11.756600 0.116835 -0.010531 0.993096 -2.058500 0.000000 0.000000 0.000000 1.000000
0.985243 0.148570 -0.084995 6.728800 -0.146118 0.988669 0.034411 11.756600 0.089145 -0.021483 0.995787 -2.058500 0.000000 0.000000 0.000000 1.000000
0.985512 0.135414 -0.102126 6.728800 -0.132529 0.990577 0.034555 11.756600 0.105843 -0.020519 0.994171 -2.058500 0.000000 0.000000 0.000000 1.000000
0.981689 0.160814 -0.102102 6.728800 -0.158237 0.986853 0.032911 11.756600 0.106053 -0.016152 0.994229 -2.058500 0.000000 0.000000 0.000000 1.000000
0.979470 0.178457 -0.093764 6.728800 -0.176246 0.983844 0.031428 11.756600 0.097858 -0.014258 0.995098 -2.058500 0.000000 0.000000 0.000000 1.000000
0.977632 0.176178 -0.114881 6.728800 -0.173691 0.984300 0.031387 11.756600 0.118608 -0.010731 0.992883 -2.058500 0.000000 0.000000 0.000000 1.000000
0.966918 0.227195 -0.115984 6.728800 -0.225341 0.973847 0.029030 11.756600 0.119546 -0.001934 0.992827 -2.058500 0.000000 0.000000 0.000000 1.000000
0.955124 0.273716 -0.113216 6.728800 -0.272476 0.961795 0.026591 11.756600 0.116169 0.005451 0.993215 -2.058500 0.000000 0.000000 0.000000 1.000000
0.924666 0.346512 -0.157868 6.728800 -0.346556 0.937607 0.028150 11.756600 0.157773 0.028681 0.987059 -2.058500 0.000000 0.000000 0.000000 1.000000
0.899348 0.387071 -0.203346 6.728800 -0.388760 0.920739 0.033252 11.756600 0.200099 0.049148 0.978542 -2.058500 0.000000 0.000000 0.000000 1.000000
0.846951 0.450498 -0.282357 6.728800 -0.456549 0.888403 0.047985 11.756600 0.272464 0.088269 0.958109 -2.058500 0.000000 0.000000 0.000000 1.000000
0.837233 0.448416 -0.312991 6.728800 -0.455844 0.888450 0.053508 11.756600 0.302071 0.097876 0.948248 -2.058500 0.000000 0.000000 0.000000 1.000000
0.867794 0.400079 -0.294738 6.728800 -0.405153 0.913065 0.046515 11.756600 0.287725 0.079049 0.954445 -2.058500 0.000000 0.000000 0.000000 1.000000
0.893886 0.357194 -0.270889 6.728800 -0.360254 0.931990 0.040146 11.756600 0.266806 0.061703 0.961773 -2.058500 0.000000 0.000000 0.000000 1.000000
0.910287 0.330742 -0.248973 6.728800 -0.332616 0.942383 0.035788 11.756600 0.246464 0.050235 0.967849 -2.058500 0.000000 0.000000 0.000000 1.000000
0.902083 0.351691 -0.250118 6.728800 -0.354163 0.934467 0.036617 11.756600 0.246605 0.055551 0.967523 -2.058500 0.000000 0.000000 0.000000 1.000000
0.893420 0.364309 -0.262831 6.728800 -0.367484 0.929219 0.038827 11.756600 0.258373 0.061898 0.964060 -2.058500 0.000000 0.000000 0.000000 1.000000
0.904946 0.324699 -0.275032 6.728800 -0.327258 0.944175 0.037895 11.756600 0.271983 0.055713 0.960688 -2.058500 0.000000 0.000000 0.000000 1.000000
0.917430 0.293845 -0.268286 6.728800 -0.295584 0.954681 0.034853 11.756600 0.266369 0.047326 0.962708 -2.058500 0.000000 0.000000 0.000000 1.000000
0.928990 0.300264 -0.216377 6.728800 -0.301367 0.953076 0.028689 11.756600 0.214838 0.038557 0.975888 -2.058500 0.000000 0.000000 0.000000 1.000000
0.953403 0.248408 -0.171222 6.728800 -0.246763 0.968574 0.031171 11.756600 0.173584 0.012533 0.984739 -2.058500 0.000000 0.000000 0.000000 1.000000</float_array><technique_common><accessor source="#mixamorig_LeftShoulder-Matrix-animation-output-transform-array" count="22" stride="16"><param type="float4x4"/></accessor></technique_common></source><source id="mixamorig_LeftShoulder-Interpolations"><Name_array id="mixamorig_LeftShoulder-Interpolations-array" count="22">
 LINEAR LINEAR LINEAR LINEAR LINEAR LINEAR LINEAR LINEAR LINEAR LINEAR LINEAR
LINEAR LINEAR LINEAR LINEAR LINEAR LINEAR LINEAR LINEAR LINEAR LINEAR LINEAR</Name_array><technique_common><accessor source="#mixamorig_LeftShoulder-Interpolations-array" count="22"><param type="name"/></accessor></technique_common></source><sampler id="mixamorig_LeftShoulder-Matrix-animation-transform"><input semantic="INPUT" source="#mixamorig_LeftShoulder-Matrix-animation-input"/><input semantic="OUTPUT" source="#mixamorig_LeftShoulder-Matrix-animation-output-transform"/><input semantic="INTERPOLATION" source="#mixamorig_LeftShoulder-Interpolations"/></sampler><channel source="#mixamorig_LeftShoulder-Matrix-animation-transform" target="mixamorig_LeftShoulder/matrix"/></animation>
    <animation id="mixamorig_LeftArm-anim" name="mixamorig_LeftArm"><source id="mixamorig_LeftArm-Matrix-animation-input"><float_array id="mixamorig_LeftArm-Matrix-animation-input-array" count="22">

0.000000 0.033333 0.066667 0.100000 0.133333 0.166667 0.200000 0.233333 0.266667 0.300000 0.333333 0.366667 0.400000 0.433333 0.466667 0.500000
0.533333 0.566667 0.600000 0.633333 0.666667 0.700000</float_array><technique_common><accessor source="#mixamorig_LeftArm-Matrix-animation-input-array" count="22"><param name="TIME" type="float"/></accessor></technique_common></source><source id="mixamorig_LeftArm-Matrix-animation-output-transform"><float_array id="mixamorig_LeftArm-Matrix-animation-output-transform-array" count="352">

0.386253 0.888500 0.247741 14.094700 -0.768275 0.458530 -0.446659 -3.178700 -0.510454 -0.017810 0.859721 0.059300 0.000000 0.000000 0.000000 1.000000
0.432351 0.881527 0.189691 14.094700 -0.712572 0.462931 -0.527196 -3.178700 -0.552552 0.092765 0.828300 0.059300 0.000000 0.000000 0.000000 1.000000
0.503666 0.843656 0.185918 14.094700 -0.613026 0.500665 -0.611174 -3.178700 -0.608703 0.193855 0.769351 0.059300 0.000000 0.000000 0.000000 1.000000
0.570172 0.779167 0.260391 14.094700 -0.481921 0.573922 -0.662092 -3.178700 -0.665324 0.252018 0.702731 0.059300 0.000000 0.000000 0.000000 1.000000
0.637172 0.696740 0.329493 14.094700 -0.383509 0.657449 -0.648600 -3.178700 -0.668530 0.286906 0.686114 0.059300 0.000000 0.000000 0.000000 1.000000
0.670209 0.668426 0.322532 14.094700 -0.406318 0.694126 -0.594217 -3.178700 -0.621068 0.267199 0.736803 0.059300 0.000000 0.000000 0.000000 1.000000
0.643462 0.704989 0.298240 14.094700 -0.501610 0.682639 -0.531405 -3.178700 -0.578225 0.192339 0.792882 0.059300 0.000000 0.000000 0.000000 1.000000
0.667629 0.700344 0.252565 14.094700 -0.568315 0.698561 -0.434776 -3.178700 -0.480925 0.146733 0.864396 0.059300 0.000000 0.000000 0.000000 1.000000
0.707700 0.690914 0.147642 14.094700 -0.629449 0.711491 -0.312368 -3.178700 -0.320866 0.128130 0.938418 0.059300 0.000000 0.000000 0.000000 1.000000
0.755649 0.653683 0.041153 14.094700 -0.640162 0.750386 -0.164661 -3.178700 -0.138517 0.098081 0.985491 0.059300 0.000000 0.000000 0.000000 1.000000
0.746936 0.657758 -0.097163 14.094700 -0.662284 0.748955 -0.021123 -3.178700 0.058877 0.080128 0.995044 0.059300 0.000000 0.000000 0.000000 1.000000
0.742261 0.653114 -0.149966 14.094700 -0.644176 0.757094 0.108840 -3.178700 0.184624 0.015817 0.982682 0.059300 0.000000 0.000000 0.000000 1.000000
0.697631 0.696347 -0.168559 14.094700 -0.663378 0.716684 0.215159 -3.178700 0.270629 -0.038283 0.961922 0.059300 0.000000 0.000000 0.000000 1.000000
0.657061 0.736660 -0.160009 14.094700 -0.693892 0.673979 0.253507 -3.178700 0.294592 -0.055540 0.954008 0.059300 0.000000 0.000000 0.000000 1.000000
0.655476 0.743816 -0.130725 14.094700 -0.701079 0.663660 0.260851 -3.178700 0.280782 -0.079333 0.956487 0.059300 0.000000 0.000000 0.000000 1.000000
0.666900 0.736519 -0.113067 14.094700 -0.680572 0.663841 0.310059 -3.178700 0.303423 -0.129828 0.943970 0.059300 0.000000 0.000000 0.000000 1.000000
0.715207 0.688833 -0.118272 14.094700 -0.609804 0.697704 0.375963 -3.178700 0.341495 -0.196768 0.919056 0.059300 0.000000 0.000000 0.000000 1.000000
0.731593 0.673543 -0.105408 14.094700 -0.596935 0.707566 0.378178 -3.178700 0.329303 -0.213751 0.919712 0.059300 0.000000 0.000000 0.000000 1.000000
0.668280 0.743768 -0.014533 14.094700 -0.718562 0.650442 0.246160 -3.178700 0.192539 -0.154061 0.969120 0.059300 0.000000 0.000000 0.000000 1.000000
0.556334 0.825110 0.098420 14.094700 -0.828335 0.560079 -0.013167 -3.178700 -0.065987 -0.074199 0.995058 0.059300 0.000000 0.000000 0.000000 1.000000
0.477410 0.859798 0.181185 14.094700 -0.818740 0.510137 -0.263486 -3.178700 -0.318973 -0.022553 0.947495 0.059300 0.000000 0.000000 0.000000 1.000000
