<?xml version="1.0" encoding="utf-8"?>
<COLLADA xmlns="http://www.collada.org/2005/11/COLLADASchema" version="1.4.1">
  <asset><contributor><author>Mixamo</author><authoring_tool>COLLADA Mixamo exporter</authoring_tool><comments></comments></contributor><created>2018-12-15T21:41:04Z</created><modified>2018-12-15T21:41:04Z</modified><revision></revision><title></title><unit meter="0.010000"/><up_axis>Y_UP</up_axis></asset>
  <library_animations>
    <animation id="mixamorig_Hips-anim" name="mixamorig_Hips"><source id="mixamorig_Hips-Matrix-animation-input"><float_array id="mixamorig_Hips-Matrix-animation-input-array" count="24">

0.000000 0.033333 0.066667 0.100000 0.133333 0.166667 0.200000 0.233333 0.266667 0.300000 0.333333 0.366667 0.400000 0.433333 0.466667 0.500000
0.533333 0.566667 0.600000 0.633333 0.666667 0.700000 0.733333 0.766667</float_array><technique_common><accessor source="#mixamorig_Hips-Matrix-animation-input-array" count="24"><param name="TIME" type="float"/></accessor></technique_common></source><source id="mixamorig_Hips-Matrix-animation-output-transform"><float_array id="mixamorig_Hips-Matrix-animation-output-transform-array" count="384">

0.973201 -0.226433 -0.040101 1.064824 0.217454 0.962905 -0.159775 86.958221 0.074791 0.146773 0.986339 0.888943 0.000000 0.000000 0.000000 1.000000
0.962150 -0.270342 -0.034376 2.192318 0.260596 0.949610 -0.174158 89.015839 0.079726 0.158608 0.984118 15.624880 0.000000 0.000000 0.000000 1.000000
0.948248 -0.316661 -0.023472 3.236057 0.306745 0.932637 -0.189990 91.772125 0.082053 0.172958 0.981505 30.043457 0.000000 0.000000 0.000000 1.000000
0.934068 -0.356983 -0.008947 4.068783 0.348172 0.916008 -0.199264 94.539764 0.079329 0.183011 0.979905 44.134918 0.000000 0.000000 0.000000 1.000000
0.920728 -0.390184 0.004161 4.587939 0.383412 0.902663 -0.195436 96.363609 0.072500 0.181538 0.980708 57.497677 0.000000 0.000000 0.000000 1.000000
0.917630 -0.397426 0.002850 4.817057 0.391815 0.903426 -0.174073 95.884789 0.066607 0.160852 0.984729 70.693863 0.000000 0.000000 0.000000 1.000000
0.924057 -0.382174 -0.007857 4.726374 0.377384 0.915359 -0.140357 93.966011 0.060833 0.126732 0.990070 84.225319 0.000000 0.000000 0.000000 1.000000
0.927115 -0.374547 -0.013157 4.662336 0.371019 0.922210 -0.108965 91.455894 0.052946 0.096141 0.993959 97.802269 0.000000 0.000000 0.000000 1.000000
0.908148 -0.418625 0.004566 4.609426 0.417167 0.903960 -0.093959 88.620667 0.035206 0.087233 0.995566 110.459946 0.000000 0.000000 0.000000 1.000000
0.884750 -0.464820 0.034066 4.043967 0.465862 0.879827 -0.094218 86.086517 0.013822 0.099229 0.994969 122.193336 0.000000 0.000000 0.000000 1.000000
0.889677 -0.453423 0.053684 2.376714 0.456547 0.885024 -0.091087 84.944916 -0.006211 0.105548 0.994395 134.747284 0.000000 0.000000 0.000000 1.000000
0.913597 -0.404773 0.038707 -0.700692 0.406615 0.909885 -0.082301 86.099762 -0.001906 0.090929 0.995856 148.899094 0.000000 0.000000 0.000000 1.000000
0.936175 -0.350881 -0.021429 -4.996591 0.347574 0.933031 -0.092981 88.974655 0.052619 0.079598 0.995437 164.055084 0.000000 0.000000 0.000000 1.000000
0.945325 -0.307805 -0.107782 -9.573907 0.294892 0.947891 -0.120584 91.310059 0.139282 0.082207 0.986835 178.879257 0.000000 0.000000 0.000000 1.000000
0.939058 -0.296649 -0.173693 -13.942691 0.272996 0.950620 -0.147629 92.475853 0.208910 0.091215 0.973672 192.691360 0.000000 0.000000 0.000000 1.000000
0.927851 -0.317147 -0.196242 -19.060228 0.287401 0.943366 -0.165715 94.579666 0.237684 0.097358 0.966451 206.720886 0.000000 0.000000 0.000000 1.000000
0.919959 -0.338754 -0.197282 -24.059948 0.310090 0.936725 -0.162453 95.453842 0.239831 0.088275 0.966793 220.375275 0.000000 0.000000 0.000000 1.000000
0.916789 -0.345103 -0.201003 -28.675016 0.321731 0.936387 -0.140247 94.522705 0.236616 0.063908 0.969499 233.578918 0.000000 0.000000 0.000000 1.000000
0.916390 -0.337681 -0.214943 -33.030117 0.320919 0.940731 -0.109707 92.096542 0.239250 0.031555 0.970445 247.014572 0.000000 0.000000 0.000000 1.000000
0.912512 -0.320989 -0.253552 -37.229023 0.309311 0.947083 -0.085794 88.268585 0.267674 -0.000139 0.963510 260.332306 0.000000 0.000000 0.000000 1.000000
0.891657 -0.287966 -0.349318 -41.579704 0.270134 0.957626 -0.099900 84.936028 0.363283 -0.005286 0.931664 272.092773 0.000000 0.000000 0.000000 1.000000
0.837015 -0.264907 -0.478781 -46.500698 0.224352 0.964213 -0.141277 83.464989 0.499072 0.010835 0.866493 283.529602 0.000000 0.000000 0.000000 1.000000
0.778624 -0.256954 -0.572468 -53.297199 0.203181 0.966403 -0.157422 84.392464 0.593685 0.006258 0.804673 295.702942 0.000000 0.000000 0.000000 1.000000
0.746560 -0.269528 -0.608278 -61.781616 0.217454 0.962905 -0.159775 86.958206 0.628778 -0.012991 0.777476 308.069855 0.000000 0.000000 0.000000 1.000000</float_array><technique_common><accessor source="#mixamorig_Hips-Matrix-animation-output-transform-array" count="24" stride="16"><param type="float4x4"/></accessor></technique_common></source><source id="mixamorig_Hips-Interpolations"><Name_array id="mixamorig_Hips-Interpolations-array" count="24">
 LINEAR LINEAR LINEAR LINEAR LINEAR LINEAR LINEAR LINEAR LINEAR LINEAR LINEAR
LINEAR LINEAR LINEAR LINEAR LINEAR LINEAR LINEAR LINEAR LINEAR LINEAR LINEAR LINEAR
LINEAR</Name_array><technique_common><accessor source="#mixamorig_Hips-Interpolations-array" count="24"><param type="name"/></accessor></technique_common></source><sampler id="mixamorig_Hips-Matrix-animation-transform"><input semantic="INPUT" source="#mixamorig_Hips-Matrix-animation-input"/><input semantic="OUTPUT" source="#mixamorig_Hips-Matrix-animation-output-transform"/><input semantic="INTERPOLATION" source="#mixamorig_Hips-Interpolations"/></sampler><channel source="#mixamorig_Hips-Matrix-animation-transform" target="mixamorig_Hips/matrix"/></animation>
    <animation id="mixamorig_Spine-anim" name="mixamorig_Spine"><source id="mixamorig_Spine-Matrix-animation-input"><float_array id="mixamorig_Spine-Matrix-animation-input-array" count="24">

0.000000 0.033333 0.066667 0.100000 0.133333 0.166667 0.200000 0.233333 0.266667 0.300000 0.333333 0.366667 0.400000 0.433333 0.466667 0.500000
0.533333 0.566667 0.600000 0.633333 0.666667 0.700000 0.733333 0.766667</float_array><technique_common><accessor source="#mixamorig_Spine-Matrix-animation-input-array" count="24"><param name="TIME" type="float"/></accessor></technique_common></source><source id="mixamorig_Spine-Matrix-animation-output-transform"><float_array id="mixamorig_Spine-Matrix-animation-output-transform-array" count="384">

0.997809 0.000700 0.066151 -0.038100 0.011703 0.982305 -0.186923 9.490500 -0.065112 0.187288 0.980145 -1.392100 0.000000 0.000000 0.000000 1.000000
0.995460 0.027103 0.091241 -0.038100 -0.012516 0.987552 -0.156797 9.490500 -0.094355 0.154943 0.983407 -1.392100 0.000000 0.000000 0.000000 1.000000
0.991703 0.054895 0.116240 -0.038100 -0.040295 0.991410 -0.124427 9.490500 -0.122072 0.118711 0.985396 -1.392100 0.000000 0.000000 0.000000 1.000000
0.988161 0.079562 0.131180 -0.038100 -0.066864 0.992886 -0.098521 9.490500 -0.138085 0.088583 0.986451 -1.392100 0.000000 0.000000 0.000000 1.000000
0.986270 0.104001 0.128279 -0.038100 -0.093184 0.991784 -0.087639 9.490500 -0.136340 0.074482 0.987858 -1.392100 0.000000 0.000000 0.000000 1.000000
0.987875 0.111995 0.107518 -0.038100 -0.101528 0.989961 -0.098336 9.490500 -0.117451 0.086227 0.989328 -1.392100 0.000000 0.000000 0.000000 1.000000
0.991782 0.104697 0.073528 -0.038100 -0.095014 0.987634 -0.124706 9.490500 -0.085676 0.116695 0.989465 -1.392100 0.000000 0.000000 0.000000 1.000000
0.993529 0.107133 0.037723 -0.038100 -0.100322 0.983461 -0.150795 9.490500 -0.053254 0.146035 0.987845 -1.392100 0.000000 0.000000 0.000000 1.000000
0.987096 0.160098 -0.003190 -0.038100 -0.158476 0.973853 -0.162778 9.490500 -0.022954 0.161183 0.986658 -1.392100 0.000000 0.000000 0.000000 1.000000
0.976010 0.208066 -0.064131 -0.038100 -0.216195 0.961016 -0.172362 9.490500 0.025768 0.182092 0.982944 -1.392100 0.000000 0.000000 0.000000 1.000000
0.974147 0.183687 -0.131514 -0.038100 -0.205725 0.961830 -0.180443 9.490500 0.093349 0.202834 0.974753 -1.392100 0.000000 0.000000 0.000000 1.000000
0.973835 0.115476 -0.195730 -0.038100 -0.152850 0.970182 -0.188105 9.490500 0.168172 0.213100 0.962448 -1.392100 0.000000 0.000000 0.000000 1.000000
0.972807 0.050321 -0.226084 -0.038100 -0.093011 0.978824 -0.182351 9.490500 0.212121 0.198421 0.956888 -1.392100 0.000000 0.000000 0.000000 1.000000
0.973286 0.001566 -0.229593 -0.038100 -0.042081 0.984254 -0.171675 9.490500 0.225709 0.176750 0.958027 -1.392100 0.000000 0.000000 0.000000 1.000000
0.970027 -0.018112 -0.242322 -0.038100 -0.022782 0.986047 -0.164900 9.490500 0.241928 0.165478 0.956079 -1.392100 0.000000 0.000000 0.000000 1.000000
0.966065 -0.008101 -0.258171 -0.038100 -0.025120 0.991824 -0.125119 9.490500 0.257074 0.127358 0.957963 -1.392100 0.000000 0.000000 0.000000 1.000000
0.966835 0.007735 -0.255284 -0.038100 -0.032058 0.995312 -0.091253 9.490500 0.253381 0.096410 0.962550 -1.392100 0.000000 0.000000 0.000000 1.000000
0.970162 0.013938 -0.242057 -0.038100 -0.036609 0.995321 -0.089415 9.490500 0.239678 0.095608 0.966133 -1.392100 0.000000 0.000000 0.000000 1.000000
0.972409 0.006181 -0.233203 -0.038100 -0.029848 0.994729 -0.098094 9.490500 0.231367 0.102348 0.967468 -1.392100 0.000000 0.000000 0.000000 1.000000
0.976383 -0.006942 -0.215937 -0.038100 -0.019104 0.992794 -0.118300 9.490500 0.215202 0.119631 0.969214 -1.392100 0.000000 0.000000 0.000000 1.000000
0.987922 -0.027018 -0.152576 -0.038100 0.002777 0.987610 -0.156904 9.490500 0.154925 0.154585 0.975757 -1.392100 0.000000 0.000000 0.000000 1.000000
0.997639 -0.038733 -0.056718 -0.038100 0.027731 0.982664 -0.183307 9.490500 0.062835 0.181302 0.981418 -1.392100 0.000000 0.000000 0.000000 1.000000
0.999338 -0.030200 0.020277 -0.038100 0.033576 0.980281 -0.194733 9.490500 -0.013996 0.195285 0.980647 -1.392100 0.000000 0.000000 0.000000 1.000000
0.997809 0.000700 0.066151 -0.038100 0.011703 0.982305 -0.186923 9.490500 -0.065112 0.187288 0.980145 -1.392100 0.000000 0.000000 0.000000 1.000000</float_array><technique_common><accessor source="#mixamorig_Spine-Matrix-animation-output-transform-array" count="24" stride="16"><param type="float4x4"/></accessor></technique_common></source><source id="mixamorig_Spine-Interpolations"><Name_array id="mixamorig_Spine-Interpolations-array" count="24">
 LINEAR LINEAR LINEAR LINEAR LINEAR LINEAR LINEAR LINEAR LINEAR LINEAR LINEAR
LINEAR LINEAR LINEAR LINEAR LINEAR LINEAR LINEAR LINEAR LINEAR LINEAR LINEAR LINEAR
LINEAR</Name_array><technique_common><accessor source="#mixamorig_Spine-Interpolations-array" count="24"><param type="name"/></accessor></technique_common></source><sampler id="mixamorig_Spine-Matrix-animation-transform"><input semantic="INPUT" source="#mixamorig_Spine-Matrix-animation-input"/><input semantic="OUTPUT" source="#mixamorig_Spine-Matrix-animation-output-transform"/><input semantic="INTERPOLATION" source="#mixamorig_Spine-Interpolations"/></sampler><channel source="#mixamorig_Spine-Matrix-animation-transform" target="mixamorig_Spine/matrix"/></animation>
    <animation id="mixamorig_Spine1-anim" name="mixamorig_Spine1"><source id="mixamorig_Spine1-Matrix-animation-input"><float_array id="mixamorig_Spine1-Matrix-animation-input-array" count="24">

0.000000 0.033333 0.066667 0.100000 0.133333 0.166667 0.200000 0.233333 0.266667 0.300000 0.333333 0.366667 0.400000 0.433333 0.466667 0.500000
0.533333 0.566667 0.600000 0.633333 0.666667 0.700000 0.733333 0.766667</float_array><technique_common><accessor source="#mixamorig_Spine1-Matrix-animation-input-array" count="24"><param name="TIME" type="float"/></accessor></technique_common></source><source id="mixamorig_Spine1-Matrix-animation-output-transform"><float_array id="mixamorig_Spine1-Matrix-animation-output-transform-array" count="384">

0.999822 -0.002471 0.018680 -0.044200 0.002712 0.999913 -0.012909 11.072300 -0.018646 0.012958 0.999742 -1.624100 0.000000 0.000000 0.000000 1.000000
0.999686 0.002251 0.024969 -0.044200 -0.002005 0.999949 -0.009902 11.072300 -0.024990 0.009849 0.999639 -1.624100 0.000000 0.000000 0.000000 1.000000
0.999464 0.007315 0.031916 -0.044200 -0.007106 0.999953 -0.006661 11.072300 -0.031963 0.006430 0.999468 -1.624100 0.000000 0.000000 0.000000 1.000000
0.999242 0.011829 0.037092 -0.044200 -0.011689 0.999924 -0.004001 11.072300 -0.037137 0.003564 0.999304 -1.624100 0.000000 0.000000 0.000000 1.000000
0.999164 0.014901 0.038073 -0.044200 -0.014810 0.999887 -0.002683 11.072300 -0.038109 0.002117 0.999271 -1.624100 0.000000 0.000000 0.000000 1.000000
0.999371 0.014768 0.032240 -0.044200 -0.014659 0.999886 -0.003634 11.072300 -0.032290 0.003159 0.999474 -1.624100 0.000000 0.000000 0.000000 1.000000
0.999691 0.012674 0.021397 -0.044200 -0.012544 0.999902 -0.006221 11.072300 -0.021474 0.005951 0.999752 -1.624100 0.000000 0.000000 0.000000 1.000000
0.999861 0.012977 0.010477 -0.044200 -0.012889 0.999881 -0.008454 11.072300 -0.010585 0.008318 0.999909 -1.624100 0.000000 0.000000 0.000000 1.000000
0.999767 0.021484 0.001855 -0.044200 -0.021468 0.999733 -0.008527 11.072300 -0.002038 0.008485 0.999962 -1.624100 0.000000 0.000000 0.000000 1.000000
0.999482 0.030544 -0.010142 -0.044200 -0.030614 0.999507 -0.006912 11.072300 0.009925 0.007219 0.999925 -1.624100 0.000000 0.000000 0.000000 1.000000
0.999264 0.027299 -0.026945 -0.044200 -0.027442 0.999611 -0.004946 11.072300 0.026800 0.005682 0.999625 -1.624100 0.000000 0.000000 0.000000 1.000000
0.998775 0.016358 -0.046692 -0.044200 -0.016608 0.999850 -0.004966 11.072300 0.046603 0.005736 0.998897 -1.624100 0.000000 0.000000 0.000000 1.000000
0.998297 0.006975 -0.057919 -0.044200 -0.007236 0.999965 -0.004310 11.072300 0.057887 0.004721 0.998312 -1.624100 0.000000 0.000000 0.000000 1.000000
0.998150 0.000197 -0.060792 -0.044200 -0.000170 1.000000 0.000447 11.072300 0.060793 -0.000435 0.998150 -1.624100 0.000000 0.000000 0.000000 1.000000
0.997910 -0.004314 -0.064473 -0.044200 0.005038 0.999926 0.011077 11.072300 0.064420 -0.011378 0.997858 -1.624100 0.000000 0.000000 0.000000 1.000000
0.997657 -0.002609 -0.068365 -0.044200 0.003257 0.999951 0.009369 11.072300 0.068337 -0.009569 0.997616 -1.624100 0.000000 0.000000 0.000000 1.000000
0.997744 0.003416 -0.067052 -0.044200 -0.003209 0.999990 0.003185 11.072300 0.067062 -0.002963 0.997744 -1.624100 0.000000 0.000000 0.000000 1.000000
0.998031 0.006335 -0.062398 -0.044200 -0.006287 0.999980 0.000959 11.072300 0.062402 -0.000565 0.998051 -1.624100 0.000000 0.000000 0.000000 1.000000
0.998236 0.006192 -0.059051 -0.044200 -0.006303 0.999979 -0.001701 11.072300 0.059039 0.002070 0.998254 -1.624100 0.000000 0.000000 0.000000 1.000000
0.998545 0.004532 -0.053738 -0.044200 -0.004743 0.999982 -0.003804 11.072300 0.053720 0.004053 0.998548 -1.624100 0.000000 0.000000 0.000000 1.000000
0.999281 0.000114 -0.037923 -0.044200 -0.000236 0.999995 -0.003196 11.072300 0.037922 0.003203 0.999276 -1.624100 0.000000 0.000000 0.000000 1.000000
0.999881 -0.005406 -0.014476 -0.044200 0.005349 0.999978 -0.004016 11.072300 0.014497 0.003938 0.999887 -1.624100 0.000000 0.000000 0.000000 1.000000
0.999954 -0.007923 0.005385 -0.044200 0.007982 0.999908 -0.010956 11.072300 -0.005298 0.010999 0.999925 -1.624100 0.000000 0.000000 0.000000 1.000000
0.999822 -0.002471 0.018680 -0.044200 0.002712 0.999913 -0.012909 11.072300 -0.018646 0.012958 0.999742 -1.624100 0.000000 0.000000 0.000000 1.000000</float_array><technique_common><accessor source="#mixamorig_Spine1-Matrix-animation-output-transform-array" count="24" stride="16"><param type="float4x4"/></accessor></technique_common></source><source id="mixamorig_Spine1-Interpolations"><Name_array id="mixamorig_Spine1-Interpolations-array" count="24">
 LINEAR LINEAR LINEAR LINEAR LINEAR LINEAR LINEAR LINEAR LINEAR LINEAR LINEAR
LINEAR LINEAR LINEAR LINEAR LINEAR LINEAR LINEAR LINEAR LINEAR LINEAR LINEAR LINEAR
LINEAR</Name_array><technique_common><accessor source="#mixamorig_Spine1-Interpolations-array" count="24"><param type="name"/></accessor></technique_common></source><sampler id="mixamorig_Spine1-Matrix-animation-transform"><input semantic="INPUT" source="#mixamorig_Spine1-Matrix-animation-input"/><input semantic="OUTPUT" source="#mixamorig_Spine1-Matrix-animation-output-transform"/><input semantic="INTERPOLATION" source="#mixamorig_Spine1-Interpolations"/></sampler><channel source="#mixamorig_Spine1-Matrix-animation-transform" target="mixamorig_Spine1/matrix"/></animation>
    <animation id="mixamorig_Spine2-anim" name="mixamorig_Spine2"><source id="mixamorig_Spine2-Matrix-animation-input"><float_array id="mixamorig_Spine2-Matrix-animation-input-array" count="24">

0.000000 0.033333 0.066667 0.100000 0.133333 0.166667 0.200000 0.233333 0.266667 0.300000 0.333333 0.366667 0.400000 0.433333 0.466667 0.500000
0.533333 0.566667 0.600000 0.633333 0.666667 0.700000 0.733333 0.766667</float_array><technique_common><accessor source="#mixamorig_Spine2-Matrix-animation-input-array" count="24"><param name="TIME" type="float"/></accessor></technique_common></source><source id="mixamorig_Spine2-Matrix-animation-output-transform"><float_array id="mixamorig_Spine2-Matrix-animation-output-transform-array" count="384">

0.999827 -0.002410 0.018459 -0.050500 0.002650 0.999912 -0.012983 12.654000 -0.018426 0.013030 0.999745 -1.856100 0.000000 0.000000 0.000000 1.000000
0.999689 0.002292 0.024843 -0.050500 -0.002046 0.999949 -0.009903 12.654000 -0.024864 0.009849 0.999642 -1.856100 0.000000 0.000000 0.000000 1.000000
0.999464 0.007332 0.031890 -0.050500 -0.007126 0.999953 -0.006572 12.654000 -0.031937 0.006342 0.999470 -1.856100 0.000000 0.000000 0.000000 1.000000
0.999239 0.011826 0.037161 -0.050500 -0.011692 0.999924 -0.003827 12.654000 -0.037204 0.003389 0.999302 -1.856100 0.000000 0.000000 0.000000 1.000000
0.999158 0.014892 0.038220 -0.050500 -0.014809 0.999887 -0.002459 12.654000 -0.038252 0.001891 0.999266 -1.856100 0.000000 0.000000 0.000000 1.000000
0.999365 0.014773 0.032415 -0.050500 -0.014669 0.999887 -0.003430 12.654000 -0.032462 0.002952 0.999469 -1.856100 0.000000 0.000000 0.000000 1.000000
0.999686 0.012709 0.021574 -0.050500 -0.012581 0.999902 -0.006069 12.654000 -0.021649 0.005796 0.999749 -1.856100 0.000000 0.000000 0.000000 1.000000
0.999857 0.013042 0.010719 -0.050500 -0.012953 0.999882 -0.008315 12.654000 -0.010826 0.008175 0.999908 -1.856100 0.000000 0.000000 0.000000 1.000000
0.999764 0.021576 0.002375 -0.050500 -0.021556 0.999733 -0.008353 12.654000 -0.002555 0.008300 0.999962 -1.856100 0.000000 0.000000 0.000000 1.000000
0.999487 0.030686 -0.009189 -0.050500 -0.030749 0.999504 -0.006831 12.654000 0.008975 0.007110 0.999934 -1.856100 0.000000 0.000000 0.000000 1.000000
0.999287 0.027455 -0.025917 -0.050500 -0.027597 0.999606 -0.005131 12.654000 0.025766 0.005843 0.999651 -1.856100 0.000000 0.000000 0.000000 1.000000
0.998807 0.016457 -0.045977 -0.050500 -0.016718 0.999846 -0.005285 12.654000 0.045883 0.006047 0.998929 -1.856100 0.000000 0.000000 0.000000 1.000000
0.998319 0.007043 -0.057527 -0.050500 -0.007315 0.999963 -0.004508 12.654000 0.057493 0.004921 0.998334 -1.856100 0.000000 0.000000 0.000000 1.000000
0.998159 0.000230 -0.060647 -0.050500 -0.000204 1.000000 0.000436 12.654000 0.060647 -0.000423 0.998159 -1.856100 0.000000 0.000000 0.000000 1.000000
0.997913 -0.004634 -0.064399 -0.050500 0.005359 0.999924 0.011087 12.654000 0.064343 -0.011409 0.997863 -1.856100 0.000000 0.000000 0.000000 1.000000
0.997665 -0.002716 -0.068246 -0.050500 0.003361 0.999951 0.009336 12.654000 0.068217 -0.009543 0.997625 -1.856100 0.000000 0.000000 0.000000 1.000000
0.997758 0.003618 -0.066825 -0.050500 -0.003420 0.999989 0.003075 12.654000 0.066835 -0.002839 0.997760 -1.856100 0.000000 0.000000 0.000000 1.000000
0.998049 0.006435 -0.062110 -0.050500 -0.006398 0.999979 0.000804 12.654000 0.062114 -0.000405 0.998069 -1.856100 0.000000 0.000000 0.000000 1.000000
0.998253 0.006205 -0.058762 -0.050500 -0.006323 0.999978 -0.001808 12.654000 0.058749 0.002176 0.998270 -1.856100 0.000000 0.000000 0.000000 1.000000
0.998559 0.004496 -0.053476 -0.050500 -0.004706 0.999982 -0.003809 12.654000 0.053458 0.004055 0.998562 -1.856100 0.000000 0.000000 0.000000 1.000000
0.999284 0.000073 -0.037833 -0.050500 -0.000187 0.999995 -0.003030 12.654000 0.037833 0.003035 0.999279 -1.856100 0.000000 0.000000 0.000000 1.000000
0.999877 -0.005535 -0.014668 -0.050500 0.005479 0.999978 -0.003866 12.654000 0.014689 0.003785 0.999885 -1.856100 0.000000 0.000000 0.000000 1.000000
0.999955 -0.007996 0.005043 -0.050500 0.008051 0.999907 -0.010989 12.654000 -0.004955 0.011030 0.999927 -1.856100 0.000000 0.000000 0.000000 1.000000
0.999827 -0.002410 0.018459 -0.050500 0.002650 0.999912 -0.012983 12.654000 -0.018426 0.013030 0.999745 -1.856100 0.000000 0.000000 0.000000 1.000000</float_array><technique_common><accessor source="#mixamorig_Spine2-Matrix-animation-output-transform-array" count="24" stride="16"><param type="float4x4"/></accessor></technique_common></source><source id="mixamorig_Spine2-Interpolations"><Name_array id="mixamorig_Spine2-Interpolations-array" count="24">
 LINEAR LINEAR LINEAR LINEAR LINEAR LINEAR LINEAR LINEAR LINEAR LINEAR LINEAR
LINEAR LINEAR LINEAR LINEAR LINEAR LINEAR LINEAR LINEAR LINEAR LINEAR LINEAR LINEAR
LINEAR</Name_array><technique_common><accessor source="#mixamorig_Spine2-Interpolations-array" count="24"><param type="name"/></accessor></technique_common></source><sampler id="mixamorig_Spine2-Matrix-animation-transform"><input semantic="INPUT" source="#mixamorig_Spine2-Matrix-animation-input"/><input semantic="OUTPUT" source="#mixamorig_Spine2-Matrix-animation-output-transform"/><input semantic="INTERPOLATION" source="#mixamorig_Spine2-Interpolations"/></sampler><channel source="#mixamorig_Spine2-Matrix-animation-transform" target="mixamorig_Spine2/matrix"/></animation>
    <animation id="mixamorig_Neck-anim" name="mixamorig_Neck"><source id="mixamorig_Neck-Matrix-animation-input"><float_array id="mixamorig_Neck-Matrix-animation-input-array" count="24">

0.000000 0.033333 0.066667 0.100000 0.133333 0.166667 0.200000 0.233333 0.266667 0.300000 0.333333 0.366667 0.400000 0.433333 0.466667 0.500000
0.533333 0.566667 0.600000 0.633333 0.666667 0.700000 0.733333 0.766667</float_array><technique_common><accessor source="#mixamorig_Neck-Matrix-animation-input-array" count="24"><param name="TIME" type="float"/></accessor></technique_common></source><source id="mixamorig_Neck-Matrix-animation-output-transform"><float_array id="mixamorig_Neck-Matrix-animation-output-transform-array" count="384">

0.999190 -0.002820 -0.040154 -0.056900 0.007170 0.994058 0.108611 14.235800 0.039609 -0.108811 0.993273 -2.088100 0.000000 0.000000 0.000000 1.000000
0.999030 0.002781 -0.043945 -0.056900 0.002116 0.993819 0.110992 14.235800 0.043982 -0.110977 0.992849 -2.088100 0.000000 0.000000 0.000000 1.000000
0.998811 0.008971 -0.047916 -0.056900 -0.003464 0.993498 0.113793 14.235800 0.048625 -0.113492 0.992348 -2.088100 0.000000 0.000000 0.000000 1.000000
0.998580 0.014326 -0.051305 -0.056900 -0.008290 0.993217 0.115979 14.235800 0.052619 -0.115389 0.991926 -2.088100 0.000000 0.000000 0.000000 1.000000
0.998424 0.017421 -0.053354 -0.056900 -0.011104 0.993131 0.116481 14.235800 0.055017 -0.115705 0.991759 -2.088100 0.000000 0.000000 0.000000 1.000000
0.998440 0.016802 -0.053242 -0.056900 -0.010641 0.993428 0.113961 14.235800 0.054807 -0.113217 0.992058 -2.088100 0.000000 0.000000 0.000000 1.000000
0.998580 0.013435 -0.051543 -0.056900 -0.007730 0.993976 0.109322 14.235800 0.052701 -0.108768 0.992669 -2.088100 0.000000 0.000000 0.000000 1.000000
0.998709 0.009896 -0.049816 -0.056900 -0.004603 0.994433 0.105266 14.235800 0.050581 -0.104901 0.993196 -2.088100 0.000000 0.000000 0.000000 1.000000
0.998761 0.007048 -0.049253 -0.056900 -0.001814 0.994416 0.105518 14.235800 0.049722 -0.105298 0.993197 -2.088100 0.000000 0.000000 0.000000 1.000000
0.998783 0.004577 -0.049117 -0.056900 0.001020 0.993558 0.113316 14.235800 0.049320 -0.113228 0.992344 -2.088100 0.000000 0.000000 0.000000 1.000000
0.998963 0.005625 -0.045178 -0.056900 -0.000147 0.992732 0.120348 14.235800 0.045527 -0.120217 0.991703 -2.088100 0.000000 0.000000 0.000000 1.000000
0.999302 0.003583 -0.037178 -0.056900 0.001017 0.992410 0.122972 14.235800 0.037337 -0.122924 0.991713 -2.088100 0.000000 0.000000 0.000000 1.000000
0.999518 -0.001009 -0.031031 -0.056900 0.004783 0.992545 0.121789 14.235800 0.030677 -0.121878 0.992071 -2.088100 0.000000 0.000000 0.000000 1.000000
0.999659 -0.002266 -0.026003 -0.056900 0.005367 0.992779 0.119840 14.235800 0.025544 -0.119939 0.992453 -2.088100 0.000000 0.000000 0.000000 1.000000
0.999792 -0.001370 -0.020363 -0.056900 0.003821 0.992663 0.120849 14.235800 0.020048 -0.120902 0.992462 -2.088100 0.000000 0.000000 0.000000 1.000000
0.999848 0.000699 -0.017403 -0.056900 0.001451 0.992375 0.123246 14.235800 0.017357 -0.123253 0.992224 -2.088100 0.000000 0.000000 0.000000 1.000000
0.999812 0.003071 -0.019130 -0.056900 -0.000698 0.992426 0.122843 14.235800 0.019363 -0.122807 0.992242 -2.088100 0.000000 0.000000 0.000000 1.000000
0.999730 0.006284 -0.022365 -0.056900 -0.003576 0.992876 0.119097 14.235800 0.022954 -0.118984 0.992631 -2.088100 0.000000 0.000000 0.000000 1.000000
0.999667 0.008416 -0.024410 -0.056900 -0.005627 0.993676 0.112149 14.235800 0.025200 -0.111974 0.993392 -2.088100 0.000000 0.000000 0.000000 1.000000
0.999636 0.006106 -0.026283 -0.056900 -0.003232 0.994142 0.108037 14.235800 0.026789 -0.107912 0.993799 -2.088100 0.000000 0.000000 0.000000 1.000000
0.999565 -0.000871 -0.029468 -0.056900 0.004112 0.993911 0.110111 14.235800 0.029192 -0.110184 0.993482 -2.088100 0.000000 0.000000 0.000000 1.000000
0.999478 -0.004504 -0.031993 -0.056900 0.008070 0.993650 0.112223 14.235800 0.031285 -0.112422 0.993168 -2.088100 0.000000 0.000000 0.000000 1.000000
0.999400 -0.004420 -0.034360 -0.056900 0.008282 0.993551 0.113083 14.235800 0.033639 -0.113300 0.992991 -2.088100 0.000000 0.000000 0.000000 1.000000
0.999190 -0.002820 -0.040154 -0.056900 0.007170 0.994058 0.108611 14.235800 0.039609 -0.108811 0.993273 -2.088100 0.000000 0.000000 0.000000 1.000000</float_array><technique_common><accessor source="#mixamorig_Neck-Matrix-animation-output-transform-array" count="24" stride="16"><param type="float4x4"/></accessor></technique_common></source><source id="mixamorig_Neck-Interpolations"><Name_array id="mixamorig_Neck-Interpolations-array" count="24">
 LINEAR LINEAR LINEAR LINEAR LINEAR LINEAR LINEAR LINEAR LINEAR LINEAR LINEAR
LINEAR LINEAR LINEAR LINEAR LINEAR LINEAR LINEAR LINEAR LINEAR LINEAR LINEAR LINEAR
LINEAR</Name_array><technique_common><accessor source="#mixamorig_Neck-Interpolations-array" count="24"><param type="name"/></accessor></technique_common></source><sampler id="mixamorig_Neck-Matrix-animation-transform"><input semantic="INPUT" source="#mixamorig_Neck-Matrix-animation-input"/><input semantic="OUTPUT" source="#mixamorig_Neck-Matrix-animation-output-transform"/><input semantic="INTERPOLATION" source="#mixamorig_Neck-Interpolations"/></sampler><channel source="#mixamorig_Neck-Matrix-animation-transform" target="mixamorig_Neck/matrix"/></animation>
    <animation id="mixamorig_Head-anim" name="mixamorig_Head"><source id="mixamorig_Head-Matrix-animation-input"><float_array id="mixamorig_Head-Matrix-animation-input-array" count="24">

0.000000 0.033333 0.066667 0.100000 0.133333 0.166667 0.200000 0.233333 0.266667 0.300000 0.333333 0.366667 0.400000 0.433333 0.466667 0.500000
0.533333 0.566667 0.600000 0.633333 0.666667 0.700000 0.733333 0.766667</float_array><technique_common><accessor source="#mixamorig_Head-Matrix-animation-input-array" count="24"><param name="TIME" type="float"/></accessor></technique_common></source><source id="mixamorig_Head-Matrix-animation-output-transform"><float_array id="mixamorig_Head-Matrix-animation-output-transform-array" count="384">

0.984943 -0.004414 -0.172826 -0.000000 0.047155 0.968628 0.243999 3.280200 0.166327 -0.248474 0.954251 0.313300 0.000000 0.000000 0.000000 1.000000
0.975571 -0.000068 -0.219686 0.000000 0.050041 0.973781 0.221916 3.280200 0.213911 -0.227488 0.949996 0.313300 0.000000 0.000000 0.000000 1.000000
0.963076 0.004572 -0.269190 0.000000 0.051116 0.978564 0.199497 3.280200 0.264332 -0.205891 0.942198 0.313300 0.000000 0.000000 0.000000 1.000000
0.949792 0.007661 -0.312789 0.000000 0.051357 0.982324 0.180005 3.280200 0.308639 -0.187031 0.932610 0.313300 0.000000 0.000000 0.000000 1.000000
0.939587 0.007407 -0.342229 -0.000000 0.052813 0.984659 0.166308 3.280200 0.338211 -0.174335 0.924782 0.313300 0.000000 0.000000 0.000000 1.000000
0.937416 0.002550 -0.348201 0.000000 0.056231 0.985740 0.158602 3.280200 0.343640 -0.168255 0.923906 0.313300 0.000000 0.000000 0.000000 1.000000
0.941331 -0.006160 -0.337428 -0.000000 0.062606 0.985666 0.156661 3.280200 0.331627 -0.168595 0.928224 0.313300 0.000000 0.000000 0.000000 1.000000
0.944246 -0.017297 -0.328786 0.000000 0.074860 0.983742 0.163239 3.280200 0.320617 -0.178751 0.930190 0.313300 0.000000 0.000000 0.000000 1.000000
0.940735 -0.032775 -0.337556 0.000000 0.102371 0.976335 0.190500 3.280200 0.323324 -0.213766 0.921827 0.313300 0.000000 0.000000 0.000000 1.000000
0.934343 -0.046226 -0.353364 0.000000 0.133222 0.964969 0.226023 3.280200 0.330537 -0.258258 0.907771 0.313300 0.000000 0.000000 0.000000 1.000000
0.938233 -0.050547 -0.342291 0.000000 0.141343 0.958957 0.245814 3.280200 0.315817 -0.279011 0.906870 0.313300 0.000000 0.000000 0.000000 1.000000
0.957599 -0.056508 -0.282508 0.000000 0.129277 0.960595 0.246059 3.280200 0.257472 -0.272148 0.927170 0.313300 0.000000 0.000000 0.000000 1.000000
0.975061 -0.059379 -0.213847 0.000000 0.107982 0.968733 0.223373 3.280200 0.193897 -0.240894 0.950986 0.313300 0.000000 0.000000 0.000000 1.000000
0.986275 -0.057281 -0.154859 0.000000 0.086476 0.978174 0.188938 3.280200 0.140656 -0.199736 0.969702 0.313300 0.000000 0.000000 0.000000 1.000000
0.993141 -0.049787 -0.105789 0.000000 0.067276 0.983353 0.168794 3.280200 0.095624 -0.174753 0.979958 0.313300 0.000000 0.000000 0.000000 1.000000
0.994754 -0.045746 -0.091492 -0.000000 0.061103 0.983056 0.172819 3.280200 0.082036 -0.177503 0.980695 0.313300 0.000000 0.000000 0.000000 1.000000
0.991992 -0.049934 -0.116012 0.000000 0.070377 0.981251 0.179426 3.280200 0.104878 -0.186153 0.976907 0.313300 0.000000 0.000000 0.000000 1.000000
0.986809 -0.051246 -0.153565 -0.000000 0.078228 0.981423 0.175184 3.280200 0.141735 -0.184886 0.972486 0.313300 0.000000 0.000000 0.000000 1.000000
0.983155 -0.049629 -0.175906 0.000000 0.079317 0.982932 0.165991 3.280200 0.164665 -0.177147 0.970311 0.313300 0.000000 0.000000 0.000000 1.000000
0.983095 -0.048331 -0.176603 0.000000 0.079387 0.981670 0.173268 3.280200 0.164992 -0.184359 0.968911 0.313300 0.000000 0.000000 0.000000 1.000000
0.986564 -0.040804 -0.158197 -0.000000 0.074478 0.974166 0.213197 3.280200 0.145411 -0.222115 0.964116 0.313300 0.000000 0.000000 0.000000 1.000000
0.991205 -0.020460 -0.130745 0.000000 0.054495 0.963425 0.262378 3.280200 0.120595 -0.267195 0.956067 0.313300 0.000000 0.000000 0.000000 1.000000
0.992307 -0.001353 -0.123797 0.000000 0.036462 0.958786 0.281779 3.280200 0.118314 -0.284125 0.951459 0.313300 0.000000 0.000000 0.000000 1.000000
0.984943 -0.004414 -0.172826 0.000000 0.047155 0.968628 0.243999 3.280200 0.166327 -0.248475 0.954251 0.313300 0.000000 0.000000 0.000000 1.000000</float_array><technique_common><accessor source="#mixamorig_Head-Matrix-animation-output-transform-array" count="24" stride="16"><param type="float4x4"/></accessor></technique_common></source><source id="mixamorig_Head-Interpolations"><Name_array id="mixamorig_Head-Interpolations-array" count="24">
 LINEAR LINEAR LINEAR LINEAR LINEAR LINEAR LINEAR LINEAR LINEAR LINEAR LINEAR
LINEAR LINEAR LINEAR LINEAR LINEAR LINEAR LINEAR LINEAR LINEAR LINEAR LINEAR LINEAR
LINEAR</Name_array><technique_common><accessor source="#mixamorig_Head-Interpolations-array" count="24"><param type="name"/></accessor></technique_common></source><sampler id="mixamorig_Head-Matrix-animation-transform"><input semantic="INPUT" source="#mixamorig_Head-Matrix-animation-input"/><input semantic="OUTPUT" source="#mixamorig_Head-Matrix-animation-output-transform"/><input semantic="INTERPOLATION" source="#mixamorig_Head-Interpolations"/></sampler><channel source="#mixamorig_Head-Matrix-animation-transform" target="mixamorig_Head/matrix"/></animation>
    <animation id="mixamorig_LeftShoulder-anim" name="mixamorig_LeftShoulder"><source id="mixamorig_LeftShoulder-Matrix-animation-input"><float_array id="mixamorig_LeftShoulder-Matrix-animation-input-array" count="24">

0.000000 0.033333 0.066667 0.100000 0.133333 0.166667 0.200000 0.233333 0.266667 0.300000 0.333333 0.366667 0.400000 0.433333 0.466667 0.500000
0.533333 0.566667 0.600000 0.633333 0.666667 0.700000 0.733333 0.766667</float_array><technique_common><accessor source="#mixamorig_LeftShoulder-Matrix-animation-input-array" count="24"><param name="TIME" type="float"/></accessor></technique_common></source><source id="mixamorig_LeftShoulder-Matrix-animation-output-transform"><float_array id="mixamorig_LeftShoulder-Matrix-animation-output-transform-array" count="384">

0.955038 0.293943 0.038738 6.728800 -0.293505 0.955812 -0.016678 11.756600 -0.041929 0.004558 0.999110 -2.058500 0.000000 0.000000 0.000000 1.000000
0.956414 0.291021 0.024079 6.728800 -0.290713 0.956685 -0.015511 11.756600 -0.027550 0.007835 0.999590 -2.058500 0.000000 0.000000 0.000000 1.000000
0.957774 0.287381 0.008990 6.728800 -0.287239 0.957751 -0.014386 11.756600 -0.012745 0.011196 0.999856 -2.058500 0.000000 0.000000 0.000000 1.000000
0.958383 0.285440 -0.005124 6.728800 -0.285484 0.958288 -0.013519 11.756600 0.001052 0.014420 0.999895 -2.058500 0.000000 0.000000 0.000000 1.000000
0.957592 0.287633 -0.016848 6.728800 -0.287859 0.957585 -0.012978 11.756600 0.012401 0.017278 0.999774 -2.058500 0.000000 0.000000 0.000000 1.000000
0.955130 0.295492 -0.020271 6.728800 -0.295778 0.955169 -0.012936 11.756600 0.015540 0.018351 0.999711 -2.058500 0.000000 0.000000 0.000000 1.000000
0.951166 0.308049 -0.019730 6.728800 -0.308330 0.951188 -0.013224 11.756600 0.014693 0.018661 0.999718 -2.058500 0.000000 0.000000 0.000000 1.000000
0.945588 0.323772 -0.032174 6.728800 -0.324301 0.945868 -0.012723 11.756600 0.026312 0.022465 0.999401 -2.058500 0.000000 0.000000 0.000000 1.000000
0.936350 0.341600 -0.080977 6.728800 -0.343384 0.939154 -0.008809 11.756600 0.073041 0.036055 0.996677 -2.058500 0.000000 0.000000 0.000000 1.000000
0.926369 0.350670 -0.137375 6.728800 -0.354480 0.935057 -0.003516 11.756600 0.127221 0.051954 0.990513 -2.058500 0.000000 0.000000 0.000000 1.000000
0.918761 0.351945 -0.178922 6.728800 -0.357644 0.933858 0.000427 11.756600 0.167238 0.063598 0.983863 -2.058500 0.000000 0.000000 0.000000 1.000000
0.924917 0.336530 -0.176850 6.728800 -0.342073 0.939673 -0.000912 11.756600 0.165875 0.061339 0.984237 -2.058500 0.000000 0.000000 0.000000 1.000000
0.937513 0.314069 -0.149768 6.728800 -0.318295 0.947981 -0.004499 11.756600 0.140565 0.051888 0.988711 -2.058500 0.000000 0.000000 0.000000 1.000000
0.944731 0.305578 -0.118770 6.728800 -0.308561 0.951178 -0.007145 11.756600 0.110788 0.043398 0.992896 -2.058500 0.000000 0.000000 0.000000 1.000000
0.946162 0.312755 -0.083436 6.728800 -0.314591 0.949180 -0.009513 11.756600 0.076220 0.035249 0.996468 -2.058500 0.000000 0.000000 0.000000 1.000000
0.944605 0.320749 -0.069584 6.728800 -0.322206 0.946611 -0.010530 11.756600 0.062491 0.032367 0.997521 -2.058500 0.000000 0.000000 0.000000 1.000000
0.944635 0.316292 -0.087322 6.728800 -0.318272 0.947953 -0.009406 11.756600 0.079802 0.036677 0.996136 -2.058500 0.000000 0.000000 0.000000 1.000000
0.944287 0.311407 -0.106529 6.728800 -0.314021 0.949380 -0.008277 11.756600 0.098559 0.041269 0.994275 -2.058500 0.000000 0.000000 0.000000 1.000000
0.944616 0.309761 -0.108391 6.728800 -0.312444 0.949900 -0.008281 11.756600 0.100395 0.041688 0.994074 -2.058500 0.000000 0.000000 0.000000 1.000000
0.948350 0.303776 -0.091393 6.728800 -0.305872 0.952025 -0.009529 11.756600 0.084114 0.036992 0.995769 -2.058500 0.000000 0.000000 0.000000 1.000000
0.954956 0.288882 -0.067867 6.728800 -0.290248 0.956888 -0.010996 11.756600 0.061764 0.030199 0.997634 -2.058500 0.000000 0.000000 0.000000 1.000000
0.959292 0.279675 -0.039245 6.728800 -0.280334 0.959823 -0.012348 11.756600 0.034215 0.022847 0.999153 -2.058500 0.000000 0.000000 0.000000 1.000000
0.955314 0.295552 0.004827 6.728800 -0.295453 0.955240 -0.014961 11.756600 -0.009033 0.012867 0.999876 -2.058500 0.000000 0.000000 0.000000 1.000000
0.955038 0.293943 0.038738 6.728800 -0.293505 0.955812 -0.016678 11.756600 -0.041929 0.004558 0.999110 -2.058500 0.000000 0.000000 0.000000 1.000000</float_array><technique_common><accessor source="#mixamorig_LeftShoulder-Matrix-animation-output-transform-array" count="24" stride="16"><param type="float4x4"/></accessor></technique_common></source><source id="mixamorig_LeftShoulder-Interpolations"><Name_array id="mixamorig_LeftShoulder-Interpolations-array" count="24">
 LINEAR LINEAR LINEAR LINEAR LINEAR LINEAR LINEAR LINEAR LINEAR LINEAR LINEAR
LINEAR LINEAR LINEAR LINEAR LINEAR LINEAR LINEAR LINEAR LINEAR LINEAR LINEAR LINEAR
LINEAR</Name_array><technique_common><accessor source="#mixamorig_LeftShoulder-Interpolations-array" count="24"><param type="name"/></accessor></technique_common></source><sampler id="mixamorig_LeftShoulder-Matrix-animation-transform"><input semantic="INPUT" source="#mixamorig_LeftShoulder-Matrix-animation-input"/><input semantic="OUTPUT" source="#mixamorig_LeftShoulder-Matrix-animation-output-transform"/><input semantic="INTERPOLATION" source="#mixamorig_LeftShoulder-Interpolations"/></sampler><channel source="#mixamorig_LeftShoulder-Matrix-animation-transform" target="mixamorig_LeftShoulder/matrix"/></animation>
    <animation id="mixamorig_LeftArm-anim" name="mixamorig_LeftArm"><source id="mixamorig_LeftArm-Matrix-animation-input"><float_array id="mixamorig_LeftArm-Matrix-animation-input-array" count="24">

0.000000 0.033333 0.066667 0.100000 0.133333 0.166667 0.200000 0.233333 0.266667 0.300000 0.333333 0.366667 0.400000 0.433333 0.466667 0.500000
0.533333 0.566667 0.600000 0.633333 0.666667 0.700000 0.733333 0.766667</float_array><technique_common><accessor source="#mixamorig_LeftArm-Matrix-animation-input-array" count="24"><param name="TIME" type="float"/></accessor></technique_common></source><source id="mixamorig_LeftArm-Matrix-animation-output-transform"><float_array id="mixamorig_LeftArm-Matrix-animation-output-transform-array" count="384">

0.467241 0.869024 0.162736 14.094700 -0.680527 0.471001 -0.561285 -3.178700 -0.564419 0.151509 0.811465 0.059300 0.000000 0.000000 0.000000 1.000000
0.481073 0.851022 0.210547 14.094700 -0.599043 0.494452 -0.629813 -3.178700 -0.640090 0.176859 0.747667 0.059300 0.000000 0.000000 0.000000 1.000000
0.480897 0.836747 0.261901 14.094700 -0.500816 0.507331 -0.701283 -3.178700 -0.719668 0.206081 0.663030 0.059300 0.000000 0.000000 0.000000 1.000000
0.475023 0.825571 0.304607 14.094700 -0.414915 0.515391 -0.749811 -3.178700 -0.776014 0.229792 0.587365 0.059300 0.000000 0.000000 0.000000 1.000000
0.483697 0.809769 0.332132 14.094700 -0.375512 0.534779 -0.756969 -3.178700 -0.790587 0.241424 0.562749 0.059300 0.000000 0.000000 0.000000 1.000000
0.509836 0.792814 0.333935 14.094700 -0.417292 0.567363 -0.709906 -3.178700 -0.752286 0.222587 0.620097 0.059300 0.000000 0.000000 0.000000 1.000000
0.542340 0.781573 0.308239 14.094700 -0.515039 0.599144 -0.612993 -3.178700 -0.663779 0.173696 0.727480 0.059300 0.000000 0.000000 0.000000 1.000000
