<?xml version="1.0" encoding="utf-8"?>
<COLLADA xmlns="http://www.collada.org/2005/11/COLLADASchema" version="1.4.1">
  <asset><contributor><author>Mixamo</author><authoring_tool>COLLADA Mixamo exporter</authoring_tool><comments></comments></contributor><created>2018-10-29T15:23:47Z</created><modified>2018-10-29T15:23:47Z</modified><revision></revision><title></title><unit meter="0.010000"/><up_axis>Y_UP</up_axis></asset>
  <library_animations>
    <animation id="mixamorig_Hips-anim" name="mixamorig_Hips"><source id="mixamorig_Hips-Matrix-animation-input"><float_array id="mixamorig_Hips-Matrix-animation-input-array" count="42">

0.000000 0.033333 0.066667 0.100000 0.133333 0.166667 0.200000 0.233333 0.266667 0.300000 0.333333 0.366667 0.400000 0.433333 0.466667 0.500000
0.533333 0.566667 0.600000 0.633333 0.666667 0.700000 0.733333 0.766667 0.800000 0.833333 0.866667 0.900000 0.933333 0.966667 1.000000 1.033333
1.066667 1.100000 1.133333 1.166667 1.200000 1.233333 1.266667 1.300000 1.333333 1.366667</float_array><technique_common><accessor source="#mixamorig_Hips-Matrix-animation-input-array" count="42"><param name="TIME" type="float"/></accessor></technique_common></source><source id="mixamorig_Hips-Matrix-animation-output-transform"><float_array id="mixamorig_Hips-Matrix-animation-output-transform-array" count="672">

0.579721 -0.347536 -0.736982 1.043411 -0.004349 0.903145 -0.429314 76.554008 0.814803 0.252087 0.522061 -0.847331 0.000000 0.000000 0.000000 1.000000
0.579018 -0.339501 -0.741267 0.902993 -0.023571 0.901829 -0.431450 76.226608 0.814974 0.267290 0.514173 -3.633847 0.000000 0.000000 0.000000 1.000000
0.579433 -0.330134 -0.745163 0.775651 -0.042645 0.900756 -0.432227 75.901924 0.813903 0.282225 0.507849 -6.506088 0.000000 0.000000 0.000000 1.000000
0.583058 -0.313716 -0.749417 0.822029 -0.066057 0.901078 -0.428597 75.297134 0.809741 0.299401 0.504657 -9.377462 0.000000 0.000000 0.000000 1.000000
0.590547 -0.293591 -0.751704 1.141026 -0.088785 0.902184 -0.422114 74.372643 0.802105 0.316018 0.506716 -12.279410 0.000000 0.000000 0.000000 1.000000
0.600932 -0.272990 -0.751237 1.563109 -0.108170 0.903447 -0.414828 73.495094 0.791947 0.330545 0.513381 -15.240730 0.000000 0.000000 0.000000 1.000000
0.615951 -0.252357 -0.746271 2.090392 -0.121449 0.905560 -0.406462 72.800591 0.778367 0.340995 0.527132 -18.168501 0.000000 0.000000 0.000000 1.000000
0.640924 -0.228633 -0.732764 2.617470 -0.129232 0.908846 -0.396608 72.138374 0.756647 0.348893 0.552954 -21.327051 0.000000 0.000000 0.000000 1.000000
0.662831 -0.210921 -0.718448 3.127436 -0.126166 0.914326 -0.384825 71.547348 0.738064 0.345717 0.579432 -24.788593 0.000000 0.000000 0.000000 1.000000
0.684965 -0.189057 -0.703620 3.595356 -0.115397 0.925404 -0.360986 71.287918 0.719379 0.328459 0.612053 -28.415554 0.000000 0.000000 0.000000 1.000000
0.699093 -0.175824 -0.693076 4.131639 -0.101470 0.935091 -0.339571 71.246307 0.707794 0.307718 0.635875 -32.364151 0.000000 0.000000 0.000000 1.000000
0.697441 -0.179778 -0.693726 4.737607 -0.081506 0.941843 -0.326019 71.522675 0.711993 0.283921 0.642227 -36.602993 0.000000 0.000000 0.000000 1.000000
0.672133 -0.192539 -0.714959 5.664068 -0.067910 0.945498 -0.318466 72.762726 0.737310 0.262605 0.622425 -40.877110 0.000000 0.000000 0.000000 1.000000
0.640624 -0.201637 -0.740907 6.801656 -0.064236 0.947450 -0.313388 74.557098 0.765163 0.248357 0.594007 -45.280052 0.000000 0.000000 0.000000 1.000000
0.620536 -0.212226 -0.754914 7.965269 -0.065729 0.945218 -0.319754 76.401756 0.781419 0.248038 0.572592 -49.840004 0.000000 0.000000 0.000000 1.000000
0.611895 -0.220637 -0.759542 8.987694 -0.068936 0.941773 -0.329108 77.762390 0.787929 0.253739 0.561056 -54.058891 0.000000 0.000000 0.000000 1.000000
0.604650 -0.226239 -0.763684 9.943868 -0.076106 0.938013 -0.338140 78.840759 0.792847 0.262578 0.549952 -58.114948 0.000000 0.000000 0.000000 1.000000
0.596682 -0.229682 -0.768907 10.956026 -0.087849 0.933711 -0.347083 79.827293 0.797655 0.274646 0.536951 -62.251747 0.000000 0.000000 0.000000 1.000000
0.589592 -0.232121 -0.773629 11.932969 -0.101372 0.928976 -0.355988 80.513161 0.801315 0.288311 0.524186 -66.284004 0.000000 0.000000 0.000000 1.000000
0.583502 -0.234927 -0.777390 12.793626 -0.114943 0.923718 -0.365422 80.787376 0.803936 0.302580 0.511988 -70.198654 0.000000 0.000000 0.000000 1.000000
0.578466 -0.238165 -0.780163 13.481047 -0.129734 0.917390 -0.376250 80.762619 0.805324 0.318861 0.499781 -74.010040 0.000000 0.000000 0.000000 1.000000
0.576833 -0.240436 -0.780676 14.012378 -0.146390 0.909801 -0.388371 80.667999 0.803638 0.338309 0.489605 -77.764709 0.000000 0.000000 0.000000 1.000000
0.581785 -0.239904 -0.777157 14.205838 -0.165940 0.900401 -0.402172 80.518921 0.796235 0.362939 0.484030 -81.447784 0.000000 0.000000 0.000000 1.000000
0.585961 -0.235051 -0.775501 14.226925 -0.184896 0.892981 -0.410365 80.168121 0.788964 0.383844 0.479792 -85.174988 0.000000 0.000000 0.000000 1.000000
0.587513 -0.232450 -0.775110 14.116480 -0.197593 0.887652 -0.415970 79.575569 0.784720 0.397544 0.475576 -88.970558 0.000000 0.000000 0.000000 1.000000
0.581163 -0.236236 -0.778744 13.922226 -0.200642 0.885802 -0.418447 78.801888 0.788665 0.399434 0.467397 -92.808151 0.000000 0.000000 0.000000 1.000000
0.574038 -0.237703 -0.783567 13.638004 -0.192565 0.890909 -0.411339 77.751686 0.795864 0.387012 0.465642 -96.782700 0.000000 0.000000 0.000000 1.000000
0.569211 -0.239707 -0.786473 13.268836 -0.178983 0.897491 -0.403082 76.413445 0.802474 0.370204 0.467958 -100.983055 0.000000 0.000000 0.000000 1.000000
0.556541 -0.238793 -0.795764 12.800480 -0.166002 0.906531 -0.388130 74.972168 0.814067 0.348108 0.464882 -105.442482 0.000000 0.000000 0.000000 1.000000
0.536491 -0.240386 -0.808945 12.111008 -0.150958 0.915775 -0.372247 73.445198 0.830294 0.321824 0.455017 -110.286842 0.000000 0.000000 0.000000 1.000000
0.516172 -0.247219 -0.820030 11.269848 -0.129395 0.923938 -0.359993 71.917648 0.846654 0.291926 0.444922 -115.468857 0.000000 0.000000 0.000000 1.000000
0.501594 -0.255257 -0.826588 10.446769 -0.099356 0.932159 -0.348150 70.726067 0.859379 0.256757 0.442204 -120.732201 0.000000 0.000000 0.000000 1.000000
0.494359 -0.258237 -0.830014 9.459137 -0.086785 0.935420 -0.342720 70.115501 0.864915 0.241460 0.440023 -125.893585 0.000000 0.000000 0.000000 1.000000
0.491634 -0.261550 -0.830595 8.364015 -0.079510 0.936361 -0.341917 70.301384 0.867165 0.234138 0.439551 -131.104172 0.000000 0.000000 0.000000 1.000000
0.491553 -0.265204 -0.829483 7.201620 -0.074669 0.936158 -0.343559 71.229668 0.867640 0.230814 0.440369 -136.431519 0.000000 0.000000 0.000000 1.000000
0.498645 -0.276891 -0.821392 5.923206 -0.065327 0.932907 -0.354142 72.680740 0.864341 0.230250 0.447101 -141.982025 0.000000 0.000000 0.000000 1.000000
0.517115 -0.299366 -0.801855 4.527685 -0.049624 0.924777 -0.377260 74.431152 0.854476 0.234878 0.463361 -147.685699 0.000000 0.000000 0.000000 1.000000
0.539465 -0.324068 -0.777147 3.228997 -0.040499 0.911914 -0.408378 75.701057 0.841034 0.251779 0.478821 -152.768570 0.000000 0.000000 0.000000 1.000000
0.559084 -0.341339 -0.755587 2.295128 -0.027766 0.903103 -0.428525 76.343147 0.828646 0.260561 0.495433 -157.140656 0.000000 0.000000 0.000000 1.000000
0.570496 -0.348375 -0.743753 1.688586 -0.015403 0.900882 -0.433790 76.608963 0.821156 0.258932 0.508584 -161.056366 0.000000 0.000000 0.000000 1.000000
0.576098 -0.348288 -0.739464 1.241223 -0.008840 0.901967 -0.431714 76.647507 0.817333 0.255246 0.516543 -164.616531 0.000000 0.000000 0.000000 1.000000
0.579721 -0.347540 -0.736980 1.043357 -0.004341 0.903145 -0.429314 76.554703 0.814804 0.252081 0.522063 -167.997925 0.000000 0.000000 0.000000 1.000000</float_array><technique_common><accessor source="#mixamorig_Hips-Matrix-animation-output-transform-array" count="42" stride="16"><param type="float4x4"/></accessor></technique_common></source><source id="mixamorig_Hips-Interpolations"><Name_array id="mixamorig_Hips-Interpolations-array" count="42">
 LINEAR LINEAR LINEAR LINEAR LINEAR LINEAR LINEAR LINEAR LINEAR LINEAR LINEAR
LINEAR LINEAR LINEAR LINEAR LINEAR LINEAR LINEAR LINEAR LINEAR LINEAR LINEAR LINEAR
LINEAR LINEAR LINEAR LINEAR LINEAR LINEAR LINEAR LINEAR LINEAR LINEAR LINEAR LINEAR
LINEAR LINEAR LINEAR LINEAR LINEAR LINEAR LINEAR</Name_array><technique_common><accessor source="#mixamorig_Hips-Interpolations-array" count="42"><param type="name"/></accessor></technique_common></source><sampler id="mixamorig_Hips-Matrix-animation-transform"><input semantic="INPUT" source="#mixamorig_Hips-Matrix-animation-input"/><input semantic="OUTPUT" source="#mixamorig_Hips-Matrix-animation-output-transform"/><input semantic="INTERPOLATION" source="#mixamorig_Hips-Interpolations"/></sampler><channel source="#mixamorig_Hips-Matrix-animation-transform" target="mixamorig_Hips/matrix"/></animation>
    <animation id="mixamorig_Spine-anim" name="mixamorig_Spine"><source id="mixamorig_Spine-Matrix-animation-input"><float_array id="mixamorig_Spine-Matrix-animation-input-array" count="42">

0.000000 0.033333 0.066667 0.100000 0.133333 0.166667 0.200000 0.233333 0.266667 0.300000 0.333333 0.366667 0.400000 0.433333 0.466667 0.500000
0.533333 0.566667 0.600000 0.633333 0.666667 0.700000 0.733333 0.766667 0.800000 0.833333 0.866667 0.900000 0.933333 0.966667 1.000000 1.033333
1.066667 1.100000 1.133333 1.166667 1.200000 1.233333 1.266667 1.300000 1.333333 1.366667</float_array><technique_common><accessor source="#mixamorig_Spine-Matrix-animation-input-array" count="42"><param name="TIME" type="float"/></accessor></technique_common></source><source id="mixamorig_Spine-Matrix-animation-output-transform"><float_array id="mixamorig_Spine-Matrix-animation-output-transform-array" count="672">

0.998073 0.048628 -0.038553 -0.038100 -0.058176 0.949435 -0.308527 9.490500 0.021601 0.310176 0.950434 -1.392100 0.000000 0.000000 0.000000 1.000000
0.999143 0.017271 -0.037628 -0.038100 -0.027670 0.954612 -0.296565 9.490500 0.030798 0.297352 0.954271 -1.392100 0.000000 0.000000 0.000000 1.000000
0.999137 -0.016142 -0.038273 -0.038100 0.004492 0.957989 -0.286769 9.490500 0.041294 0.286350 0.957235 -1.392100 0.000000 0.000000 0.000000 1.000000
0.997401 -0.059845 -0.040114 -0.038100 0.046062 0.957821 -0.283651 9.490500 0.055397 0.281067 0.958088 -1.392100 0.000000 0.000000 0.000000 1.000000
0.992687 -0.111888 -0.045314 -0.038100 0.094726 0.954688 -0.282131 9.490500 0.074828 0.275776 0.958305 -1.392100 0.000000 0.000000 0.000000 1.000000
0.984938 -0.164736 -0.052533 -0.038100 0.143499 0.948270 -0.283184 9.490500 0.096466 0.271380 0.957626 -1.392100 0.000000 0.000000 0.000000 1.000000
0.974047 -0.217471 -0.062755 -0.038100 0.190920 0.938318 -0.288287 9.490500 0.121578 0.268824 0.955486 -1.392100 0.000000 0.000000 0.000000 1.000000
0.959943 -0.271032 -0.071070 -0.038100 0.239055 0.924522 -0.296836 9.490500 0.146158 0.267956 0.952280 -1.392100 0.000000 0.000000 0.000000 1.000000
0.950962 -0.300199 -0.074509 -0.038100 0.266501 0.917496 -0.295260 9.490500 0.156999 0.260925 0.952507 -1.392100 0.000000 0.000000 0.000000 1.000000
0.945201 -0.317080 -0.077814 -0.038100 0.280149 0.910068 -0.305437 9.490500 0.167665 0.266900 0.949027 -1.392100 0.000000 0.000000 0.000000 1.000000
0.945197 -0.317183 -0.077448 -0.038100 0.279353 0.908413 -0.311044 9.490500 0.169012 0.272362 0.947235 -1.392100 0.000000 0.000000 0.000000 1.000000
0.954735 -0.286760 -0.079054 -0.038100 0.251828 0.920660 -0.298275 9.490500 0.158315 0.264866 0.951201 -1.392100 0.000000 0.000000 0.000000 1.000000
0.969106 -0.234602 -0.076132 -0.038100 0.202369 0.932765 -0.298324 9.490500 0.141001 0.273700 0.951424 -1.392100 0.000000 0.000000 0.000000 1.000000
0.979174 -0.188853 -0.074514 -0.038100 0.157211 0.937548 -0.310304 9.490500 0.128462 0.292127 0.947713 -1.392100 0.000000 0.000000 0.000000 1.000000
0.984414 -0.157198 -0.078851 -0.038100 0.124387 0.939314 -0.319715 9.490500 0.124324 0.304923 0.944227 -1.392100 0.000000 0.000000 0.000000 1.000000
0.987869 -0.134951 -0.076830 -0.038100 0.103288 0.940455 -0.323845 9.490500 0.115959 0.311981 0.942985 -1.392100 0.000000 0.000000 0.000000 1.000000
0.990995 -0.114385 -0.069607 -0.038100 0.085775 0.941486 -0.325956 9.490500 0.102818 0.317050 0.942819 -1.392100 0.000000 0.000000 0.000000 1.000000
0.993720 -0.096622 -0.056431 -0.038100 0.073021 0.942117 -0.327237 9.490500 0.084783 0.321061 0.943256 -1.392100 0.000000 0.000000 0.000000 1.000000
0.995934 -0.079600 -0.042171 -0.038100 0.061421 0.942512 -0.328480 9.490500 0.065894 0.324554 0.943569 -1.392100 0.000000 0.000000 0.000000 1.000000
0.997595 -0.062168 -0.030645 -0.038100 0.048574 0.942482 -0.330707 9.490500 0.049442 0.328423 0.943236 -1.392100 0.000000 0.000000 0.000000 1.000000
0.998682 -0.045409 -0.023934 -0.038100 0.034808 0.941787 -0.334404 9.490500 0.037726 0.333130 0.942126 -1.392100 0.000000 0.000000 0.000000 1.000000
0.999255 -0.033438 -0.019263 -0.038100 0.024997 0.941162 -0.337030 9.490500 0.029399 0.336298 0.941297 -1.392100 0.000000 0.000000 0.000000 1.000000
0.999371 -0.032749 -0.013629 -0.038100 0.026455 0.944080 -0.328654 9.490500 0.023630 0.328086 0.944352 -1.392100 0.000000 0.000000 0.000000 1.000000
0.999516 -0.030189 -0.007501 -0.038100 0.026138 0.945818 -0.323644 9.490500 0.016865 0.323291 0.946149 -1.392100 0.000000 0.000000 0.000000 1.000000
0.999887 -0.014668 0.003209 -0.038100 0.014927 0.947901 -0.318216 9.490500 0.001626 0.318228 0.948013 -1.392100 0.000000 0.000000 0.000000 1.000000
0.999761 0.015639 0.015276 -0.038100 -0.010153 0.950973 -0.309107 9.490500 -0.019361 0.308878 0.950904 -1.392100 0.000000 0.000000 0.000000 1.000000
0.998845 0.041951 0.023413 -0.038100 -0.032502 0.948963 -0.313708 9.490500 -0.035378 0.312585 0.949231 -1.392100 0.000000 0.000000 0.000000 1.000000
0.997834 0.060086 0.026767 -0.038100 -0.048656 0.948054 -0.314368 9.490500 -0.044265 0.312384 0.948924 -1.392100 0.000000 0.000000 0.000000 1.000000
0.996464 0.078762 0.029272 -0.038100 -0.065046 0.943589 -0.324666 9.490500 -0.053192 0.321614 0.945376 -1.392100 0.000000 0.000000 0.000000 1.000000
0.994241 0.101808 0.033464 -0.038100 -0.084877 0.938708 -0.334101 9.490500 -0.065427 0.329337 0.941943 -1.392100 0.000000 0.000000 0.000000 1.000000
0.991274 0.126900 0.035681 -0.038100 -0.107370 0.934298 -0.339940 9.490500 -0.076475 0.333143 0.939770 -1.392100 0.000000 0.000000 0.000000 1.000000
0.990999 0.131864 0.023097 -0.038100 -0.115385 0.928822 -0.352102 9.490500 -0.067883 0.346268 0.935676 -1.392100 0.000000 0.000000 0.000000 1.000000
0.993184 0.115810 0.013189 -0.038100 -0.103714 0.929693 -0.353432 9.490500 -0.053193 0.349655 0.935367 -1.392100 0.000000 0.000000 0.000000 1.000000
0.995383 0.095868 0.004748 -0.038100 -0.088111 0.932226 -0.350985 9.490500 -0.038074 0.348946 0.936369 -1.392100 0.000000 0.000000 0.000000 1.000000
0.997269 0.073772 -0.003530 -0.038100 -0.070418 0.935344 -0.346660 9.490500 -0.022272 0.345962 0.937984 -1.392100 0.000000 0.000000 0.000000 1.000000
0.997747 0.066372 -0.009751 -0.038100 -0.065709 0.937620 -0.341394 9.490500 -0.013516 0.341266 0.939870 -1.392100 0.000000 0.000000 0.000000 1.000000
0.997274 0.071986 -0.016221 -0.038100 -0.073308 0.941392 -0.329253 9.490500 -0.008431 0.329545 0.944102 -1.392100 0.000000 0.000000 0.000000 1.000000
0.996688 0.079825 -0.015554 -0.038100 -0.080777 0.949470 -0.303286 9.490500 -0.009442 0.303538 0.952773 -1.392100 0.000000 0.000000 0.000000 1.000000
0.996577 0.080921 -0.016890 -0.038100 -0.082416 0.956755 -0.278974 9.490500 -0.006416 0.279411 0.960150 -1.392100 0.000000 0.000000 0.000000 1.000000
0.996974 0.073208 -0.026147 -0.038100 -0.077623 0.955757 -0.283731 9.490500 0.004219 0.284902 0.958547 -1.392100 0.000000 0.000000 0.000000 1.000000
0.997488 0.062896 -0.032585 -0.038100 -0.069740 0.952587 -0.296165 9.490500 0.012413 0.297693 0.954581 -1.392100 0.000000 0.000000 0.000000 1.000000
0.998072 0.048629 -0.038561 -0.038100 -0.058180 0.949436 -0.308524 9.490500 0.021608 0.310173 0.950435 -1.392100 0.000000 0.000000 0.000000 1.000000</float_array><technique_common><accessor source="#mixamorig_Spine-Matrix-animation-output-transform-array" count="42" stride="16"><param type="float4x4"/></accessor></technique_common></source><source id="mixamorig_Spine-Interpolations"><Name_array id="mixamorig_Spine-Interpolations-array" count="42">
 LINEAR LINEAR LINEAR LINEAR LINEAR LINEAR LINEAR LINEAR LINEAR LINEAR LINEAR
LINEAR LINEAR LINEAR LINEAR LINEAR LINEAR LINEAR LINEAR LINEAR LINEAR LINEAR LINEAR
LINEAR LINEAR LINEAR LINEAR LINEAR LINEAR LINEAR LINEAR LINEAR LINEAR LINEAR LINEAR
LINEAR LINEAR LINEAR LINEAR LINEAR LINEAR LINEAR</Name_array><technique_common><accessor source="#mixamorig_Spine-Interpolations-array" count="42"><param type="name"/></accessor></technique_common></source><sampler id="mixamorig_Spine-Matrix-animation-transform"><input semantic="INPUT" source="#mixamorig_Spine-Matrix-animation-input"/><input semantic="OUTPUT" source="#mixamorig_Spine-Matrix-animation-output-transform"/><input semantic="INTERPOLATION" source="#mixamorig_Spine-Interpolations"/></sampler><channel source="#mixamorig_Spine-Matrix-animation-transform" target="mixamorig_Spine/matrix"/></animation>
    <animation id="mixamorig_Spine1-anim" name="mixamorig_Spine1"><source id="mixamorig_Spine1-Matrix-animation-input"><float_array id="mixamorig_Spine1-Matrix-animation-input-array" count="42">

0.000000 0.033333 0.066667 0.100000 0.133333 0.166667 0.200000 0.233333 0.266667 0.300000 0.333333 0.366667 0.400000 0.433333 0.466667 0.500000
0.533333 0.566667 0.600000 0.633333 0.666667 0.700000 0.733333 0.766667 0.800000 0.833333 0.866667 0.900000 0.933333 0.966667 1.000000 1.033333
1.066667 1.100000 1.133333 1.166667 1.200000 1.233333 1.266667 1.300000 1.333333 1.366667</float_array><technique_common><accessor source="#mixamorig_Spine1-Matrix-animation-input-array" count="42"><param name="TIME" type="float"/></accessor></technique_common></source><source id="mixamorig_Spine1-Matrix-animation-output-transform"><float_array id="mixamorig_Spine1-Matrix-animation-output-transform-array" count="672">

0.998716 0.001277 -0.050648 -0.044200 -0.009109 0.987919 -0.154701 11.072300 0.049839 0.154964 0.986662 -1.624100 0.000000 0.000000 0.000000 1.000000
0.998505 0.009625 -0.053799 -0.044200 -0.018168 0.986846 -0.160642 11.072300 0.051545 0.161379 0.985545 -1.624100 0.000000 0.000000 0.000000 1.000000
0.998202 0.018218 -0.057102 -0.044200 -0.027501 0.985697 -0.166267 11.072300 0.053256 0.167538 0.984426 -1.624100 0.000000 0.000000 0.000000 1.000000
0.997751 0.027640 -0.061066 -0.044200 -0.037746 0.984528 -0.171116 11.072300 0.055391 0.173036 0.983357 -1.624100 0.000000 0.000000 0.000000 1.000000
0.997116 0.037253 -0.066120 -0.044200 -0.048430 0.983120 -0.176438 11.072300 0.058431 0.179132 0.982088 -1.624100 0.000000 0.000000 0.000000 1.000000
0.996352 0.045990 -0.071891 -0.044200 -0.058365 0.981781 -0.180830 11.072300 0.062265 0.184366 0.980883 -1.624100 0.000000 0.000000 0.000000 1.000000
0.995474 0.053157 -0.078775 -0.044200 -0.066892 0.980737 -0.183520 11.072300 0.067502 0.187959 0.979855 -1.624100 0.000000 0.000000 0.000000 1.000000
0.994749 0.054581 -0.086581 -0.044200 -0.069861 0.980316 -0.184664 11.072300 0.074797 0.189743 0.978981 -1.624100 0.000000 0.000000 0.000000 1.000000
0.994612 0.049583 -0.091042 -0.044200 -0.066246 0.979493 -0.190275 11.072300 0.079741 0.195281 0.977500 -1.624100 0.000000 0.000000 0.000000 1.000000
0.994516 0.044582 -0.094604 -0.044200 -0.062267 0.979193 -0.193140 11.072300 0.084025 0.197972 0.976600 -1.624100 0.000000 0.000000 0.000000 1.000000
0.994678 0.039273 -0.095258 -0.044200 -0.057136 0.979584 -0.192747 11.072300 0.085743 0.197164 0.976614 -1.624100 0.000000 0.000000 0.000000 1.000000
0.994929 0.034041 -0.094641 -0.044200 -0.052519 0.978342 -0.200222 11.072300 0.085776 0.204177 0.975169 -1.624100 0.000000 0.000000 0.000000 1.000000
0.995405 0.027631 -0.091683 -0.044200 -0.045814 0.978189 -0.202603 11.072300 0.084085 0.205872 0.974960 -1.624100 0.000000 0.000000 0.000000 1.000000
0.995670 0.023657 -0.089901 -0.044200 -0.041368 0.978801 -0.200591 11.072300 0.083250 0.203441 0.975542 -1.624100 0.000000 0.000000 0.000000 1.000000
0.995539 0.020639 -0.092069 -0.044200 -0.038424 0.979887 -0.195819 11.072300 0.086176 0.198483 0.976308 -1.624100 0.000000 0.000000 0.000000 1.000000
0.995993 0.018370 -0.087522 -0.044200 -0.035009 0.980657 -0.192575 11.072300 0.082292 0.194868 0.977371 -1.624100 0.000000 0.000000 0.000000 1.000000
0.996695 0.016565 -0.079524 -0.044200 -0.031551 0.981069 -0.191073 11.072300 0.074853 0.192950 0.978349 -1.624100 0.000000 0.000000 0.000000 1.000000
0.997474 0.015107 -0.069405 -0.044200 -0.028097 0.981342 -0.190205 11.072300 0.065237 0.191675 0.979288 -1.624100 0.000000 0.000000 0.000000 1.000000
0.998191 0.013873 -0.058502 -0.044200 -0.024714 0.981689 -0.188881 11.072300 0.054810 0.189985 0.980256 -1.624100 0.000000 0.000000 0.000000 1.000000
0.998737 0.012858 -0.048566 -0.044200 -0.021673 0.982386 -0.185600 11.072300 0.045324 0.186419 0.981424 -1.624100 0.000000 0.000000 0.000000 1.000000
0.999060 0.012561 -0.041484 -0.044200 -0.019796 0.983669 -0.178897 11.072300 0.038559 0.179550 0.982993 -1.624100 0.000000 0.000000 0.000000 1.000000
0.999256 0.011805 -0.036712 -0.044200 -0.017920 0.985111 -0.170983 11.072300 0.034147 0.171514 0.984590 -1.624100 0.000000 0.000000 0.000000 1.000000
0.999396 0.009901 -0.033297 -0.044200 -0.015309 0.985953 -0.166322 11.072300 0.031183 0.166732 0.985509 -1.624100 0.000000 0.000000 0.000000 1.000000
0.999544 0.010958 -0.028131 -0.044200 -0.015371 0.986701 -0.161815 11.072300 0.025984 0.162174 0.986420 -1.624100 0.000000 0.000000 0.000000 1.000000
0.999768 0.006888 -0.020402 -0.044200 -0.010022 0.987436 -0.157704 11.072300 0.019059 0.157872 0.987276 -1.624100 0.000000 0.000000 0.000000 1.000000
0.999922 -0.000210 -0.012461 -0.044200 -0.001749 0.987605 -0.156951 11.072300 0.012339 0.156961 0.987528 -1.624100 0.000000 0.000000 0.000000 1.000000
0.999956 -0.006677 -0.006534 -0.044200 0.005604 0.988301 -0.152413 11.072300 0.007476 0.152370 0.988295 -1.624100 0.000000 0.000000 0.000000 1.000000
0.999927 -0.011330 -0.004208 -0.044200 0.010570 0.988602 -0.150179 11.072300 0.005861 0.150124 0.988650 -1.624100 0.000000 0.000000 0.000000 1.000000
0.999874 -0.015817 -0.001033 -0.044200 0.015500 0.989287 -0.145156 11.072300 0.003318 0.145122 0.989408 -1.624100 0.000000 0.000000 0.000000 1.000000
0.999756 -0.021757 0.003885 -0.044200 0.022087 0.989922 -0.139883 11.072300 -0.000803 0.139935 0.990160 -1.624100 0.000000 0.000000 0.000000 1.000000
0.999599 -0.027074 0.008295 -0.044200 0.027943 0.990538 -0.134361 11.072300 -0.004579 0.134538 0.990898 -1.624100 0.000000 0.000000 0.000000 1.000000
0.999799 -0.019578 0.004230 -0.044200 0.019953 0.991978 -0.124829 11.072300 -0.001752 0.124888 0.992169 -1.624100 0.000000 0.000000 0.000000 1.000000
0.999957 -0.009243 -0.001105 -0.044200 0.009033 0.992148 -0.124744 11.072300 0.002249 0.124729 0.992188 -1.624100 0.000000 0.000000 0.000000 1.000000
0.999979 0.000303 -0.006546 -0.044200 -0.001137 0.991812 -0.127702 11.072300 0.006454 0.127706 0.991791 -1.624100 0.000000 0.000000 0.000000 1.000000
0.999882 0.009531 -0.012068 -0.044200 -0.011045 0.991142 -0.132345 11.072300 0.010700 0.132462 0.991130 -1.624100 0.000000 0.000000 0.000000 1.000000
0.999791 0.011971 -0.016550 -0.044200 -0.014100 0.990726 -0.135144 11.072300 0.014779 0.135349 0.990688 -1.624100 0.000000 0.000000 0.000000 1.000000
0.999705 0.008523 -0.022733 -0.044200 -0.011546 0.990589 -0.136385 11.072300 0.021356 0.136607 0.990395 -1.624100 0.000000 0.000000 0.000000 1.000000
0.999588 -0.002959 -0.028546 -0.044200 -0.001054 0.990214 -0.139551 11.072300 0.028680 0.139524 0.989803 -1.624100 0.000000 0.000000 0.000000 1.000000
0.999242 -0.010289 -0.037537 -0.044200 0.004599 0.988884 -0.148619 11.072300 0.038649 0.148334 0.988182 -1.624100 0.000000 0.000000 0.000000 1.000000
0.998889 -0.009608 -0.046138 -0.044200 0.002397 0.988090 -0.153857 11.072300 0.047067 0.153576 0.987015 -1.624100 0.000000 0.000000 0.000000 1.000000
0.998765 -0.005837 -0.049349 -0.044200 -0.001880 0.987929 -0.154896 11.072300 0.049657 0.154798 0.986697 -1.624100 0.000000 0.000000 0.000000 1.000000
0.998716 0.001280 -0.050648 -0.044200 -0.009108 0.987930 -0.154631 11.072300 0.049839 0.154894 0.986673 -1.624100 0.000000 0.000000 0.000000 1.000000</float_array><technique_common><accessor source="#mixamorig_Spine1-Matrix-animation-output-transform-array" count="42" stride="16"><param type="float4x4"/></accessor></technique_common></source><source id="mixamorig_Spine1-Interpolations"><Name_array id="mixamorig_Spine1-Interpolations-array" count="42">
 LINEAR LINEAR LINEAR LINEAR LINEAR LINEAR LINEAR LINEAR LINEAR LINEAR LINEAR
LINEAR LINEAR LINEAR LINEAR LINEAR LINEAR LINEAR LINEAR LINEAR LINEAR LINEAR LINEAR
LINEAR LINEAR LINEAR LINEAR LINEAR LINEAR LINEAR LINEAR LINEAR LINEAR LINEAR LINEAR
LINEAR LINEAR LINEAR LINEAR LINEAR LINEAR LINEAR</Name_array><technique_common><accessor source="#mixamorig_Spine1-Interpolations-array" count="42"><param type="name"/></accessor></technique_common></source><sampler id="mixamorig_Spine1-Matrix-animation-transform"><input semantic="INPUT" source="#mixamorig_Spine1-Matrix-animation-input"/><input semantic="OUTPUT" source="#mixamorig_Spine1-Matrix-animation-output-transform"/><input semantic="INTERPOLATION" source="#mixamorig_Spine1-Interpolations"/></sampler><channel source="#mixamorig_Spine1-Matrix-animation-transform" target="mixamorig_Spine1/matrix"/></animation>
    <animation id="mixamorig_Spine2-anim" name="mixamorig_Spine2"><source id="mixamorig_Spine2-Matrix-animation-input"><float_array id="mixamorig_Spine2-Matrix-animation-input-array" count="42">

0.000000 0.033333 0.066667 0.100000 0.133333 0.166667 0.200000 0.233333 0.266667 0.300000 0.333333 0.366667 0.400000 0.433333 0.466667 0.500000
0.533333 0.566667 0.600000 0.633333 0.666667 0.700000 0.733333 0.766667 0.800000 0.833333 0.866667 0.900000 0.933333 0.966667 1.000000 1.033333
1.066667 1.100000 1.133333 1.166667 1.200000 1.233333 1.266667 1.300000 1.333333 1.366667</float_array><technique_common><accessor source="#mixamorig_Spine2-Matrix-animation-input-array" count="42"><param name="TIME" type="float"/></accessor></technique_common></source><source id="mixamorig_Spine2-Matrix-animation-output-transform"><float_array id="mixamorig_Spine2-Matrix-animation-output-transform-array" count="672">

0.998779 0.000161 -0.049398 -0.050500 -0.007827 0.987880 -0.155023 12.654000 0.048774 0.155221 0.986675 -1.856100 0.000000 0.000000 0.000000 1.000000
0.998606 0.009591 -0.051900 -0.050500 -0.017815 0.986892 -0.160396 12.654000 0.049681 0.161097 0.985687 -1.856100 0.000000 0.000000 0.000000 1.000000
0.998330 0.019230 -0.054467 -0.050500 -0.028016 0.985821 -0.165444 12.654000 0.050514 0.166694 0.984714 -1.856100 0.000000 0.000000 0.000000 1.000000
0.997916 0.029519 -0.057379 -0.050500 -0.038885 0.984732 -0.169680 12.654000 0.051495 0.171558 0.983827 -1.856100 0.000000 0.000000 0.000000 1.000000
0.997351 0.039547 -0.061053 -0.050500 -0.049672 0.983415 -0.174433 12.654000 0.053143 0.177003 0.982775 -1.856100 0.000000 0.000000 0.000000 1.000000
0.996714 0.048475 -0.064901 -0.050500 -0.059378 0.982184 -0.178295 12.654000 0.055102 0.181563 0.981834 -1.856100 0.000000 0.000000 0.000000 1.000000
0.996076 0.055506 -0.068932 -0.050500 -0.067173 0.981276 -0.180513 12.654000 0.057622 0.184435 0.981154 -1.856100 0.000000 0.000000 0.000000 1.000000
0.995825 0.056591 -0.071621 -0.050500 -0.068784 0.981036 -0.181212 12.654000 0.060007 0.185382 0.980833 -1.856100 0.000000 0.000000 0.000000 1.000000
0.996134 0.051932 -0.070849 -0.050500 -0.064377 0.980330 -0.186573 12.654000 0.059766 0.190412 0.979883 -1.856100 0.000000 0.000000 0.000000 1.000000
0.996445 0.046758 -0.070083 -0.050500 -0.059306 0.980128 -0.189295 12.654000 0.059840 0.192779 0.979416 -1.856100 0.000000 0.000000 0.000000 1.000000
0.996812 0.041327 -0.068252 -0.050500 -0.053589 0.980525 -0.188943 12.654000 0.059114 0.191998 0.979613 -1.856100 0.000000 0.000000 0.000000 1.000000
0.997027 0.035274 -0.068500 -0.050500 -0.048178 0.979222 -0.196986 12.654000 0.060128 0.199701 0.978010 -1.856100 0.000000 0.000000 0.000000 1.000000
0.997328 0.028038 -0.067461 -0.050500 -0.041068 0.978871 -0.200312 12.654000 0.060419 0.202547 0.977407 -1.856100 0.000000 0.000000 0.000000 1.000000
0.997448 0.022773 -0.067673 -0.050500 -0.035873 0.979305 -0.199187 12.654000 0.061736 0.201107 0.977622 -1.856100 0.000000 0.000000 0.000000 1.000000
0.997332 0.017260 -0.070923 -0.050500 -0.030862 0.980232 -0.195429 12.654000 0.066148 0.197096 0.978150 -1.856100 0.000000 0.000000 0.000000 1.000000
0.997587 0.015792 -0.067606 -0.050500 -0.028547 0.980961 -0.192097 12.654000 0.063285 0.193564 0.979044 -1.856100 0.000000 0.000000 0.000000 1.000000
0.997993 0.016347 -0.061176 -0.050500 -0.027726 0.981379 -0.190069 12.654000 0.056929 0.191384 0.979863 -1.856100 0.000000 0.000000 0.000000 1.000000
0.998434 0.018174 -0.052904 -0.050500 -0.027854 0.981689 -0.188445 12.654000 0.048510 0.189623 0.980658 -1.856100 0.000000 0.000000 0.000000 1.000000
0.998818 0.020524 -0.044061 -0.050500 -0.028400 0.982078 -0.186324 12.654000 0.039447 0.187355 0.981500 -1.856100 0.000000 0.000000 0.000000 1.000000
0.999084 0.022565 -0.036369 -0.050500 -0.028836 0.982804 -0.182385 12.654000 0.031629 0.183266 0.982554 -1.856100 0.000000 0.000000 0.000000 1.000000
0.999207 0.023943 -0.031817 -0.050500 -0.029162 0.984085 -0.175289 12.654000 0.027113 0.176077 0.984003 -1.856100 0.000000 0.000000 0.000000 1.000000
0.999290 0.024097 -0.028946 -0.050500 -0.028607 0.985519 -0.167135 12.654000 0.024499 0.167844 0.985509 -1.856100 0.000000 0.000000 0.000000 1.000000
0.999394 0.023246 -0.025920 -0.050500 -0.027150 0.986384 -0.162201 12.654000 0.021797 0.162806 0.986417 -1.856100 0.000000 0.000000 0.000000 1.000000
0.999411 0.025714 -0.022716 -0.050500 -0.028973 0.987136 -0.157237 12.654000 0.018381 0.157803 0.987300 -1.856100 0.000000 0.000000 0.000000 1.000000
0.999587 0.023622 -0.016340 -0.050500 -0.025842 0.987948 -0.152612 12.654000 0.012538 0.152972 0.988151 -1.856100 0.000000 0.000000 0.000000 1.000000
0.999788 0.018110 -0.009796 -0.050500 -0.019385 0.988279 -0.151424 12.654000 0.006939 0.151582 0.988420 -1.856100 0.000000 0.000000 0.000000 1.000000
0.999906 0.012872 -0.004715 -0.050500 -0.013424 0.989119 -0.146505 12.654000 0.002778 0.146554 0.989199 -1.856100 0.000000 0.000000 0.000000 1.000000
0.999962 0.008274 -0.002752 -0.050500 -0.008584 0.989507 -0.144230 12.654000 0.001530 0.144248 0.989540 -1.856100 0.000000 0.000000 0.000000 1.000000
0.999992 0.004120 -0.000122 -0.050500 -0.004097 0.990274 -0.139069 12.654000 -0.000453 0.139068 0.990283 -1.856100 0.000000 0.000000 0.000000 1.000000
0.999991 -0.001162 0.004132 -0.050500 0.001703 0.991042 -0.133543 12.654000 -0.003939 0.133548 0.991034 -1.856100 0.000000 0.000000 0.000000 1.000000
0.999954 -0.006370 0.007208 -0.050500 0.007239 0.991760 -0.127902 12.654000 -0.006334 0.127948 0.991761 -1.856100 0.000000 0.000000 0.000000 1.000000
0.999999 -0.001492 -0.000843 -0.050500 0.001381 0.992895 -0.118985 12.654000 0.001015 0.118984 0.992896 -1.856100 0.000000 0.000000 0.000000 1.000000
0.999942 0.006440 -0.008614 -0.050500 -0.007422 0.992824 -0.119352 12.654000 0.007784 0.119409 0.992815 -1.856100 0.000000 0.000000 0.000000 1.000000
0.999785 0.013732 -0.015565 -0.050500 -0.015540 0.992320 -0.122719 12.654000 0.013760 0.122934 0.992319 -1.856100 0.000000 0.000000 0.000000 1.000000
0.999540 0.020783 -0.022103 -0.050500 -0.023442 0.991529 -0.127756 12.654000 0.019260 0.128215 0.991559 -1.856100 0.000000 0.000000 0.000000 1.000000
0.999427 0.021152 -0.026435 -0.050500 -0.024442 0.991069 -0.131088 12.654000 0.023427 0.131659 0.991018 -1.856100 0.000000 0.000000 0.000000 1.000000
0.999403 0.015057 -0.031101 -0.050500 -0.019075 0.990902 -0.133230 12.654000 0.028812 0.133744 0.990597 -1.856100 0.000000 0.000000 0.000000 1.000000
0.999462 0.001327 -0.032778 -0.050500 -0.005828 0.990468 -0.137622 12.654000 0.032283 0.137739 0.989942 -1.856100 0.000000 0.000000 0.000000 1.000000
0.999273 -0.008021 -0.037270 -0.050500 0.002417 0.988978 -0.148041 12.654000 0.038046 0.147844 0.988279 -1.856100 0.000000 0.000000 0.000000 1.000000
0.998995 -0.009582 -0.043785 -0.050500 0.002714 0.988022 -0.154287 12.654000 0.044739 0.154014 0.987055 -1.856100 0.000000 0.000000 0.000000 1.000000
0.998878 -0.006712 -0.046887 -0.050500 -0.000662 0.987833 -0.155514 12.654000 0.047360 0.155371 0.986720 -1.856100 0.000000 0.000000 0.000000 1.000000
0.998779 0.000160 -0.049400 -0.050500 -0.007832 0.987858 -0.155160 12.654000 0.048775 0.155357 0.986653 -1.856100 0.000000 0.000000 0.000000 1.000000</float_array><technique_common><accessor source="#mixamorig_Spine2-Matrix-animation-output-transform-array" count="42" stride="16"><param type="float4x4"/></accessor></technique_common></source><source id="mixamorig_Spine2-Interpolations"><Name_array id="mixamorig_Spine2-Interpolations-array" count="42">
 LINEAR LINEAR LINEAR LINEAR LINEAR LINEAR LINEAR LINEAR LINEAR LINEAR LINEAR
LINEAR LINEAR LINEAR LINEAR LINEAR LINEAR LINEAR LINEAR LINEAR LINEAR LINEAR LINEAR
LINEAR LINEAR LINEAR LINEAR LINEAR LINEAR LINEAR LINEAR LINEAR LINEAR LINEAR LINEAR
LINEAR LINEAR LINEAR LINEAR LINEAR LINEAR LINEAR</Name_array><technique_common><accessor source="#mixamorig_Spine2-Interpolations-array" count="42"><param type="name"/></accessor></technique_common></source><sampler id="mixamorig_Spine2-Matrix-animation-transform"><input semantic="INPUT" source="#mixamorig_Spine2-Matrix-animation-input"/><input semantic="OUTPUT" source="#mixamorig_Spine2-Matrix-animation-output-transform"/><input semantic="INTERPOLATION" source="#mixamorig_Spine2-Interpolations"/></sampler><channel source="#mixamorig_Spine2-Matrix-animation-transform" target="mixamorig_Spine2/matrix"/></animation>
    <animation id="mixamorig_Neck-anim" name="mixamorig_Neck"><source id="mixamorig_Neck-Matrix-animation-input"><float_array id="mixamorig_Neck-Matrix-animation-input-array" count="42">

0.000000 0.033333 0.066667 0.100000 0.133333 0.166667 0.200000 0.233333 0.266667 0.300000 0.333333 0.366667 0.400000 0.433333 0.466667 0.500000
0.533333 0.566667 0.600000 0.633333 0.666667 0.700000 0.733333 0.766667 0.800000 0.833333 0.866667 0.900000 0.933333 0.966667 1.000000 1.033333
1.066667 1.100000 1.133333 1.166667 1.200000 1.233333 1.266667 1.300000 1.333333 1.366667</float_array><technique_common><accessor source="#mixamorig_Neck-Matrix-animation-input-array" count="42"><param name="TIME" type="float"/></accessor></technique_common></source><source id="mixamorig_Neck-Matrix-animation-output-transform"><float_array id="mixamorig_Neck-Matrix-animation-output-transform-array" count="672">

0.847488 0.237812 0.474563 -0.056900 -0.387758 0.887906 0.247522 14.235800 -0.362504 -0.393787 0.844703 -2.088100 0.000000 0.000000 0.000000 1.000000
0.850095 0.232849 0.472356 -0.056900 -0.385223 0.886528 0.256265 14.235800 -0.359086 -0.399812 0.843331 -2.088100 0.000000 0.000000 0.000000 1.000000
0.852569 0.228386 0.470071 -0.056900 -0.382956 0.885075 0.264551 14.235800 -0.355628 -0.405565 0.842049 -2.088100 0.000000 0.000000 0.000000 1.000000
0.854101 0.225635 0.468615 -0.056900 -0.381752 0.883888 0.270198 14.235800 -0.353237 -0.409671 0.841067 -2.088100 0.000000 0.000000 0.000000 1.000000
0.853780 0.224823 0.469589 -0.056900 -0.380937 0.884576 0.269095 14.235800 -0.354888 -0.408632 0.840877 -2.088100 0.000000 0.000000 0.000000 1.000000
0.853815 0.223238 0.470281 -0.056900 -0.378405 0.886544 0.266176 14.235800 -0.357504 -0.405222 0.841419 -2.088100 0.000000 0.000000 0.000000 1.000000
0.854430 0.220439 0.470485 -0.056900 -0.373580 0.889990 0.261451 14.235800 -0.361093 -0.399156 0.842785 -2.088100 0.000000 0.000000 0.000000 1.000000
0.856408 0.217013 0.468476 -0.056900 -0.367361 0.893701 0.257573 14.235800 -0.362781 -0.392688 0.845095 -2.088100 0.000000 0.000000 0.000000 1.000000
0.857079 0.219939 0.465878 -0.056900 -0.366741 0.895571 0.251901 14.235800 -0.361824 -0.386756 0.848236 -2.088100 0.000000 0.000000 0.000000 1.000000
0.859659 0.219152 0.461475 -0.056900 -0.362839 0.897817 0.249546 14.235800 -0.359632 -0.381966 0.851333 -2.088100 0.000000 0.000000 0.000000 1.000000
0.859417 0.227814 0.457715 -0.056900 -0.361883 0.903452 0.229814 14.235800 -0.361169 -0.363145 0.858884 -2.088100 0.000000 0.000000 0.000000 1.000000
0.858592 0.231581 0.457374 -0.056900 -0.359856 0.907672 0.215950 14.235800 -0.365136 -0.350002 0.862656 -2.088100 0.000000 0.000000 0.000000 1.000000
0.849830 0.243747 0.467308 -0.056900 -0.368401 0.908784 0.195939 14.235800 -0.376923 -0.338671 0.862108 -2.088100 0.000000 0.000000 0.000000 1.000000
0.838238 0.261767 0.478367 -0.056900 -0.381743 0.908125 0.171991 14.235800 -0.389396 -0.326782 0.861153 -2.088100 0.000000 0.000000 0.000000 1.000000
0.830512 0.269345 0.487548 -0.056900 -0.388807 0.907111 0.161179 14.235800 -0.398847 -0.323423 0.858090 -2.088100 0.000000 0.000000 0.000000 1.000000
0.831227 0.266070 0.488127 -0.056900 -0.387490 0.906893 0.165521 14.235800 -0.398638 -0.326730 0.856934 -2.088100 0.000000 0.000000 0.000000 1.000000
0.834745 0.259231 0.485798 -0.056900 -0.383894 0.906460 0.175940 14.235800 -0.394748 -0.333360 0.856181 -2.088100 0.000000 0.000000 0.000000 1.000000
0.840084 0.249596 0.481622 -0.056900 -0.378432 0.905775 0.190683 14.235800 -0.388648 -0.342452 0.855383 -2.088100 0.000000 0.000000 0.000000 1.000000
0.846308 0.237896 0.476622 -0.056900 -0.371480 0.904847 0.207978 14.235800 -0.381793 -0.353069 0.854152 -2.088100 0.000000 0.000000 0.000000 1.000000
0.852504 0.224412 0.472098 -0.056900 -0.363233 0.903798 0.226297 14.235800 -0.375898 -0.364400 0.852005 -2.088100 0.000000 0.000000 0.000000 1.000000
0.858500 0.207599 0.468914 -0.056900 -0.352432 0.903083 0.245424 14.235800 -0.372519 -0.375957 0.848461 -2.088100 0.000000 0.000000 0.000000 1.000000
0.863587 0.191811 0.466290 -0.056900 -0.342821 0.901521 0.264071 14.235800 -0.369719 -0.387902 0.844299 -2.088100 0.000000 0.000000 0.000000 1.000000
0.867545 0.183459 0.462286 -0.056900 -0.339466 0.897730 0.280790 14.235800 -0.363495 -0.400528 0.841100 -2.088100 0.000000 0.000000 0.000000 1.000000
0.877768 0.162219 0.450785 -0.056900 -0.319730 0.899084 0.299034 14.235800 -0.356785 -0.406612 0.841054 -2.088100 0.000000 0.000000 0.000000 1.000000
0.884137 0.150609 0.442288 -0.056900 -0.307831 0.899892 0.308924 14.235800 -0.351485 -0.409282 0.841990 -2.088100 0.000000 0.000000 0.000000 1.000000
0.888678 0.137620 0.437392 -0.056900 -0.298390 0.897855 0.323759 14.235800 -0.348159 -0.418231 0.838968 -2.088100 0.000000 0.000000 0.000000 1.000000
0.889496 0.140671 0.434752 -0.056900 -0.299410 0.898156 0.321977 14.235800 -0.345182 -0.416566 0.841024 -2.088100 0.000000 0.000000 0.000000 1.000000
0.886830 0.147671 0.437866 -0.056900 -0.306555 0.897037 0.318353 14.235800 -0.345770 -0.416555 0.840788 -2.088100 0.000000 0.000000 0.000000 1.000000
0.880328 0.161899 0.445882 -0.056900 -0.321524 0.894747 0.309920 14.235800 -0.348776 -0.416193 0.839726 -2.088100 0.000000 0.000000 0.000000 1.000000
0.869783 0.186360 0.456889 -0.056900 -0.344742 0.891974 0.292463 14.235800 -0.353030 -0.411888 0.840070 -2.088100 0.000000 0.000000 0.000000 1.000000
0.858092 0.212925 0.467270 -0.056900 -0.367444 0.890264 0.269099 14.235800 -0.358696 -0.402607 0.842167 -2.088100 0.000000 0.000000 0.000000 1.000000
0.851453 0.220608 0.475773 -0.056900 -0.371604 0.893952 0.250520 14.235800 -0.370051 -0.390105 0.843137 -2.088100 0.000000 0.000000 0.000000 1.000000
0.848217 0.223546 0.480162 -0.056900 -0.372335 0.896425 0.240395 14.235800 -0.376689 -0.382688 0.843596 -2.088100 0.000000 0.000000 0.000000 1.000000
0.845815 0.226125 0.483181 -0.056900 -0.373178 0.898029 0.232983 14.235800 -0.381227 -0.377374 0.843952 -2.088100 0.000000 0.000000 0.000000 1.000000
