<?xml version="1.0" encoding="utf-8"?>
<COLLADA xmlns="http://www.collada.org/2005/11/COLLADASchema" version="1.4.1">
  <asset><contributor><author>Mixamo</author><authoring_tool>COLLADA Mixamo exporter</authoring_tool><comments></comments></contributor><created>2018-10-29T15:20:00Z</created><modified>2018-10-29T15:20:00Z</modified><revision></revision><title></title><unit meter="0.010000"/><up_axis>Y_UP</up_axis></asset>
  <library_animations>
    <animation id="mixamorig_Hips-anim" name="mixamorig_Hips"><source id="mixamorig_Hips-Matrix-animation-input"><float_array id="mixamorig_Hips-Matrix-animation-input-array" count="44">

0.000000 0.033333 0.066667 0.100000 0.133333 0.166667 0.200000 0.233333 0.266667 0.300000 0.333333 0.366667 0.400000 0.433333 0.466667 0.500000
0.533333 0.566667 0.600000 0.633333 0.666667 0.700000 0.733333 0.766667 0.800000 0.833333 0.866667 0.900000 0.933333 0.966667 1.000000 1.033333
1.066667 1.100000 1.133333 1.166667 1.200000 1.233333 1.266667 1.300000 1.333333 1.366667 1.400000 1.433333</float_array><technique_common><accessor source="#mixamorig_Hips-Matrix-animation-input-array" count="44"><param name="TIME" type="float"/></accessor></technique_common></source><source id="mixamorig_Hips-Matrix-animation-output-transform"><float_array id="mixamorig_Hips-Matrix-animation-output-transform-array" count="704">

0.523087 -0.336710 -0.782947 0.982049 -0.041481 0.907504 -0.417989 50.566006 0.851269 0.251122 0.460737 -0.849117 0.000000 0.000000 0.000000 1.000000
0.535754 -0.334927 -0.775107 1.014546 -0.039328 0.907072 -0.419134 50.650997 0.843458 0.255036 0.472796 -0.030961 0.000000 0.000000 0.000000 1.000000
0.548758 -0.333173 -0.766721 1.081094 -0.036965 0.906583 -0.420405 50.746304 0.835164 0.259042 0.485179 0.815655 0.000000 0.000000 0.000000 1.000000
0.563778 -0.331489 -0.756485 1.177638 -0.033450 0.906007 -0.421938 50.926907 0.825248 0.263184 0.499699 1.759871 0.000000 0.000000 0.000000 1.000000
0.580672 -0.329344 -0.744549 1.301456 -0.029476 0.905420 -0.423492 51.224167 0.813604 0.267857 0.516044 2.773183 0.000000 0.000000 0.000000 1.000000
0.600172 -0.326833 -0.730050 1.447332 -0.024455 0.904786 -0.425164 51.696262 0.799497 0.273024 0.535035 3.863959 0.000000 0.000000 0.000000 1.000000
0.623547 -0.324155 -0.711417 1.612199 -0.017211 0.904076 -0.427025 52.360329 0.781597 0.278514 0.558155 5.040245 0.000000 0.000000 0.000000 1.000000
0.651281 -0.321283 -0.687467 1.791710 -0.006806 0.903439 -0.428663 53.212341 0.758806 0.283859 0.586206 6.294457 0.000000 0.000000 0.000000 1.000000
0.683079 -0.317964 -0.657497 1.981798 0.004835 0.902204 -0.431282 54.293705 0.730328 0.291420 0.617814 7.636691 0.000000 0.000000 0.000000 1.000000
0.716654 -0.308715 -0.625382 2.198842 0.010362 0.901310 -0.433050 55.646500 0.697352 0.303866 0.649126 9.132957 0.000000 0.000000 0.000000 1.000000
0.748577 -0.289091 -0.596706 2.477247 0.003597 0.901702 -0.432343 57.117126 0.663038 0.321496 0.676033 10.730253 0.000000 0.000000 0.000000 1.000000
0.777997 -0.257206 -0.573206 2.838471 -0.018041 0.902837 -0.429604 58.608078 0.628009 0.344572 0.697764 12.383701 0.000000 0.000000 0.000000 1.000000
0.804154 -0.213688 -0.554683 3.245970 -0.054373 0.902794 -0.426623 59.933022 0.591928 0.373230 0.714367 13.940640 0.000000 0.000000 0.000000 1.000000
0.826921 -0.173668 -0.534828 3.452084 -0.085797 0.901011 -0.425228 60.847008 0.555734 0.397517 0.730164 15.054090 0.000000 0.000000 0.000000 1.000000
0.848689 -0.143225 -0.509130 3.462482 -0.102692 0.899691 -0.424277 61.458065 0.518827 0.412362 0.748850 15.686190 0.000000 0.000000 0.000000 1.000000
0.867870 -0.114016 -0.483531 3.604445 -0.117676 0.898428 -0.423060 62.168060 0.482653 0.424061 0.766301 16.264414 0.000000 0.000000 0.000000 1.000000
0.885209 -0.086338 -0.457111 3.758638 -0.130276 0.897299 -0.421762 62.866871 0.446580 0.432898 0.783049 16.743950 0.000000 0.000000 0.000000 1.000000
0.901422 -0.060768 -0.428656 3.841040 -0.139572 0.896450 -0.420592 63.477276 0.409827 0.438959 0.799598 17.094090 0.000000 0.000000 0.000000 1.000000
0.916802 -0.037024 -0.397621 3.840468 -0.145839 0.895878 -0.419682 64.001091 0.371758 0.442754 0.815944 17.318893 0.000000 0.000000 0.000000 1.000000
0.931640 -0.014876 -0.363078 3.744002 -0.149077 0.895563 -0.419217 64.421608 0.331395 0.444686 0.832124 17.436262 0.000000 0.000000 0.000000 1.000000
0.945988 0.006097 -0.324145 3.552922 -0.149468 0.895427 -0.419367 64.734322 0.287691 0.445166 0.847975 17.461632 0.000000 0.000000 0.000000 1.000000
0.959579 0.026484 -0.280191 3.271467 -0.147419 0.895358 -0.420241 64.959000 0.239742 0.444560 0.863070 17.401852 0.000000 0.000000 0.000000 1.000000
0.971882 0.046976 -0.230734 2.903535 -0.143434 0.895223 -0.421904 65.122467 0.186739 0.443136 0.876789 17.265648 0.000000 0.000000 0.000000 1.000000
0.983988 0.065452 -0.165783 2.240778 -0.131162 0.895703 -0.424868 65.049347 0.120684 0.439810 0.889945 16.831882 0.000000 0.000000 0.000000 1.000000
0.993418 0.079886 -0.082093 1.213242 -0.107570 0.896915 -0.428920 64.598778 0.039366 0.434928 0.899604 16.013123 0.000000 0.000000 0.000000 1.000000
0.995794 0.091542 0.003778 0.120703 -0.080981 0.898699 -0.431025 64.099922 -0.042852 0.428906 0.902332 15.169719 0.000000 0.000000 0.000000 1.000000
0.991582 0.100386 0.081774 -0.963690 -0.056057 0.902159 -0.427747 63.435860 -0.116713 0.419562 0.900192 14.564982 0.000000 0.000000 0.000000 1.000000
0.983501 0.106241 0.146421 -1.914634 -0.035870 0.907840 -0.417779 62.712593 -0.177312 0.405634 0.896673 14.205194 0.000000 0.000000 0.000000 1.000000
0.974441 0.110464 0.195609 -2.337140 -0.022966 0.915174 -0.402404 61.961800 -0.223467 0.387627 0.894320 13.950150 0.000000 0.000000 0.000000 1.000000
0.965128 0.115573 0.234886 -2.310431 -0.016266 0.922008 -0.386829 61.222836 -0.261274 0.369519 0.891735 13.738779 0.000000 0.000000 0.000000 1.000000
0.957092 0.126487 0.260723 -2.009835 -0.019527 0.925817 -0.377467 60.434067 -0.289126 0.356179 0.888562 13.500758 0.000000 0.000000 0.000000 1.000000
0.949334 0.143836 0.279422 -1.580835 -0.029895 0.926415 -0.375316 59.651123 -0.312845 0.347946 0.883777 13.100983 0.000000 0.000000 0.000000 1.000000
0.940132 0.165279 0.298053 -1.049393 -0.042711 0.924781 -0.378095 58.895336 -0.338125 0.342729 0.876475 12.445891 0.000000 0.000000 0.000000 1.000000
0.927866 0.190959 0.320312 -0.544035 -0.055749 0.920320 -0.387173 58.076195 -0.368724 0.341387 0.864579 11.362111 0.000000 0.000000 0.000000 1.000000
0.913465 0.215004 0.345479 -0.237544 -0.064429 0.914723 -0.398912 56.889042 -0.401785 0.342133 0.849420 9.857842 0.000000 0.000000 0.000000 1.000000
0.901223 0.229311 0.367714 -0.202956 -0.065790 0.911089 -0.406925 55.740379 -0.428333 0.342538 0.836181 8.315442 0.000000 0.000000 0.000000 1.000000
0.891706 0.235587 0.386470 -0.250039 -0.061913 0.909323 -0.411459 54.700836 -0.448361 0.342973 0.825435 6.789366 0.000000 0.000000 0.000000 1.000000
0.882828 0.239706 0.403925 -0.333925 -0.056716 0.908082 -0.414934 53.699200 -0.466259 0.343406 0.815276 5.359288 0.000000 0.000000 0.000000 1.000000
0.875163 0.241092 0.419482 -0.441773 -0.050188 0.907564 -0.416905 52.869339 -0.481219 0.343806 0.806366 4.087326 0.000000 0.000000 0.000000 1.000000
0.868066 0.241856 0.433552 -0.554782 -0.043914 0.907291 -0.418205 52.183582 -0.494503 0.343990 0.798209 2.915334 0.000000 0.000000 0.000000 1.000000
0.862408 0.243462 0.443824 -0.667039 -0.040405 0.907059 -0.419060 51.660973 -0.504599 0.343468 0.792091 1.833791 0.000000 0.000000 0.000000 1.000000
0.858283 0.246053 0.450342 -0.762910 -0.040217 0.907109 -0.418970 51.273830 -0.511598 0.341484 0.788452 0.862573 0.000000 0.000000 0.000000 1.000000
0.854430 0.248830 0.456106 -0.828822 -0.040853 0.907317 -0.418459 50.919643 -0.517958 0.338910 0.785404 -0.068216 0.000000 0.000000 0.000000 1.000000
0.850522 0.251602 0.461853 -0.850550 -0.041481 0.907504 -0.417990 50.566006 -0.524301 0.336351 0.782289 -0.980869 0.000000 0.000000 0.000000 1.000000</float_array><technique_common><accessor source="#mixamorig_Hips-Matrix-animation-output-transform-array" count="44" stride="16"><param type="float4x4"/></accessor></technique_common></source><source id="mixamorig_Hips-Interpolations"><Name_array id="mixamorig_Hips-Interpolations-array" count="44">
 LINEAR LINEAR LINEAR LINEAR LINEAR LINEAR LINEAR LINEAR LINEAR LINEAR LINEAR
LINEAR LINEAR LINEAR LINEAR LINEAR LINEAR LINEAR LINEAR LINEAR LINEAR LINEAR LINEAR
LINEAR LINEAR LINEAR LINEAR LINEAR LINEAR LINEAR LINEAR LINEAR LINEAR LINEAR LINEAR
LINEAR LINEAR LINEAR LINEAR LINEAR LINEAR LINEAR LINEAR LINEAR</Name_array><technique_common><accessor source="#mixamorig_Hips-Interpolations-array" count="44"><param type="name"/></accessor></technique_common></source><sampler id="mixamorig_Hips-Matrix-animation-transform"><input semantic="INPUT" source="#mixamorig_Hips-Matrix-animation-input"/><input semantic="OUTPUT" source="#mixamorig_Hips-Matrix-animation-output-transform"/><input semantic="INTERPOLATION" source="#mixamorig_Hips-Interpolations"/></sampler><channel source="#mixamorig_Hips-Matrix-animation-transform" target="mixamorig_Hips/matrix"/></animation>
    <animation id="mixamorig_Spine-anim" name="mixamorig_Spine"><source id="mixamorig_Spine-Matrix-animation-input"><float_array id="mixamorig_Spine-Matrix-animation-input-array" count="44">

0.000000 0.033333 0.066667 0.100000 0.133333 0.166667 0.200000 0.233333 0.266667 0.300000 0.333333 0.366667 0.400000 0.433333 0.466667 0.500000
0.533333 0.566667 0.600000 0.633333 0.666667 0.700000 0.733333 0.766667 0.800000 0.833333 0.866667 0.900000 0.933333 0.966667 1.000000 1.033333
1.066667 1.100000 1.133333 1.166667 1.200000 1.233333 1.266667 1.300000 1.333333 1.366667 1.400000 1.433333</float_array><technique_common><accessor source="#mixamorig_Spine-Matrix-animation-input-array" count="44"><param name="TIME" type="float"/></accessor></technique_common></source><source id="mixamorig_Spine-Matrix-animation-output-transform"><float_array id="mixamorig_Spine-Matrix-animation-output-transform-array" count="704">

0.999474 0.026283 -0.018994 -0.038100 -0.027219 0.998336 -0.050838 9.490500 0.017626 0.051328 0.998526 -1.392100 0.000000 0.000000 0.000000 1.000000
0.999510 0.029904 -0.009241 -0.038100 -0.030315 0.998382 -0.048118 9.490500 0.007787 0.048374 0.998799 -1.392100 0.000000 0.000000 0.000000 1.000000
0.999422 0.033951 0.001487 -0.038100 -0.033849 0.998400 -0.045295 9.490500 -0.003022 0.045219 0.998973 -1.392100 0.000000 0.000000 0.000000 1.000000
0.999181 0.038076 0.013697 -0.038100 -0.037465 0.998400 -0.042361 9.490500 -0.015288 0.041813 0.999008 -1.392100 0.000000 0.000000 0.000000 1.000000
0.998745 0.042352 0.026746 -0.038100 -0.041282 0.998371 -0.039383 9.490500 -0.028371 0.038230 0.998866 -1.392100 0.000000 0.000000 0.000000 1.000000
0.997980 0.048925 0.040513 -0.038100 -0.047523 0.998261 -0.034877 9.490500 -0.042148 0.032881 0.998570 -1.392100 0.000000 0.000000 0.000000 1.000000
0.996813 0.058993 0.053703 -0.038100 -0.057560 0.997953 -0.027856 9.490500 -0.055237 0.024676 0.998168 -1.392100 0.000000 0.000000 0.000000 1.000000
0.995206 0.072391 0.065767 -0.038100 -0.071272 0.997272 -0.019218 9.490500 -0.066979 0.014439 0.997650 -1.392100 0.000000 0.000000 0.000000 1.000000
0.993074 0.087863 0.077999 -0.038100 -0.087407 0.996130 -0.009248 9.490500 -0.078510 0.002366 0.996911 -1.392100 0.000000 0.000000 0.000000 1.000000
0.990290 0.104302 0.091910 -0.038100 -0.104751 0.994498 0.000067 9.490500 -0.091398 -0.009694 0.995767 -1.392100 0.000000 0.000000 0.000000 1.000000
0.987095 0.118527 0.107681 -0.038100 -0.119995 0.992748 0.007236 9.490500 -0.106043 -0.020063 0.994159 -1.392100 0.000000 0.000000 0.000000 1.000000
0.984032 0.126963 0.124746 -0.038100 -0.129493 0.991503 0.012352 9.490500 -0.122118 -0.028308 0.992112 -1.392100 0.000000 0.000000 0.000000 1.000000
0.982319 0.123804 0.140436 -0.038100 -0.127110 0.991778 0.014788 9.490500 -0.137450 -0.032378 0.989979 -1.392100 0.000000 0.000000 0.000000 1.000000
0.981620 0.118112 0.149905 -0.038100 -0.121618 0.992472 0.014410 9.490500 -0.147074 -0.032376 0.988595 -1.392100 0.000000 0.000000 0.000000 1.000000
0.981653 0.114204 0.152693 -0.038100 -0.117406 0.993010 0.012092 9.490500 -0.150245 -0.029797 0.988200 -1.392100 0.000000 0.000000 0.000000 1.000000
0.981808 0.109388 0.155201 -0.038100 -0.112190 0.993642 0.009384 9.490500 -0.153188 -0.026625 0.987838 -1.392100 0.000000 0.000000 0.000000 1.000000
0.982054 0.104776 0.156818 -0.038100 -0.107075 0.994231 0.006261 9.490500 -0.155257 -0.022940 0.987608 -1.392100 0.000000 0.000000 0.000000 1.000000
0.982424 0.101049 0.156948 -0.038100 -0.102742 0.994704 0.002690 9.490500 -0.155845 -0.018768 0.987603 -1.392100 0.000000 0.000000 0.000000 1.000000
0.982922 0.097931 0.155799 -0.038100 -0.098954 0.995091 -0.001195 9.490500 -0.155151 -0.014242 0.987788 -1.392100 0.000000 0.000000 0.000000 1.000000
0.983593 0.095252 0.153205 -0.038100 -0.095574 0.995408 -0.005281 9.490500 -0.153005 -0.009448 0.988180 -1.392100 0.000000 0.000000 0.000000 1.000000
0.984472 0.092662 0.149093 -0.038100 -0.092291 0.995688 -0.009420 9.490500 -0.149323 -0.004486 0.988778 -1.392100 0.000000 0.000000 0.000000 1.000000
0.985554 0.089657 0.143683 -0.038100 -0.088645 0.995973 -0.013447 9.490500 -0.144310 0.000516 0.989532 -1.392100 0.000000 0.000000 0.000000 1.000000
0.986814 0.085662 0.137335 -0.038100 -0.084093 0.996310 -0.017194 9.490500 -0.138301 0.005419 0.990375 -1.392100 0.000000 0.000000 0.000000 1.000000
0.988698 0.079746 0.126956 -0.038100 -0.077752 0.996760 -0.020599 9.490500 -0.128187 0.010495 0.991694 -1.392100 0.000000 0.000000 0.000000 1.000000
0.991269 0.071978 0.110473 -0.038100 -0.069730 0.997275 -0.024087 9.490500 -0.111906 0.016174 0.993587 -1.392100 0.000000 0.000000 0.000000 1.000000
0.993657 0.065508 0.091408 -0.038100 -0.063196 0.997609 -0.027960 9.490500 -0.093021 0.022006 0.995421 -1.392100 0.000000 0.000000 0.000000 1.000000
0.995524 0.061150 0.072059 -0.038100 -0.059018 0.997764 -0.031354 9.490500 -0.073815 0.026961 0.996907 -1.392100 0.000000 0.000000 0.000000 1.000000
0.996935 0.057588 0.052963 -0.038100 -0.055885 0.997888 -0.033099 9.490500 -0.054757 0.030037 0.998048 -1.392100 0.000000 0.000000 0.000000 1.000000
0.998052 0.051904 0.034602 -0.038100 -0.050776 0.998174 -0.032717 9.490500 -0.036237 0.030896 0.998866 -1.392100 0.000000 0.000000 0.000000 1.000000
0.998858 0.044302 0.017913 -0.038100 -0.043727 0.998552 -0.031339 9.490500 -0.019275 0.030520 0.999348 -1.392100 0.000000 0.000000 0.000000 1.000000
0.999415 0.033826 0.004986 -0.038100 -0.033670 0.999020 -0.028738 9.490500 -0.005954 0.028553 0.999575 -1.392100 0.000000 0.000000 0.000000 1.000000
0.999776 0.020731 -0.004180 -0.038100 -0.020833 0.999443 -0.026060 9.490500 0.003637 0.026141 0.999652 -1.392100 0.000000 0.000000 0.000000 1.000000
0.999920 0.005970 -0.011124 -0.038100 -0.006236 0.999691 -0.024064 9.490500 0.010977 0.024132 0.999649 -1.392100 0.000000 0.000000 0.000000 1.000000
0.999803 -0.010513 -0.016864 -0.038100 0.010119 0.999677 -0.023300 9.490500 0.017104 0.023124 0.999586 -1.392100 0.000000 0.000000 0.000000 1.000000
0.999521 -0.022474 -0.021287 -0.038100 0.021964 0.999473 -0.023886 9.490500 0.021813 0.023407 0.999488 -1.392100 0.000000 0.000000 0.000000 1.000000
0.999505 -0.021928 -0.022546 -0.038100 0.021338 0.999432 -0.026065 9.490500 0.023105 0.025571 0.999406 -1.392100 0.000000 0.000000 0.000000 1.000000
0.999681 -0.013983 -0.021027 -0.038100 0.013371 0.999490 -0.028986 9.490500 0.021421 0.028695 0.999359 -1.392100 0.000000 0.000000 0.000000 1.000000
0.999800 -0.005345 -0.019280 -0.038100 0.004724 0.999474 -0.032088 9.490500 0.019441 0.031990 0.999299 -1.392100 0.000000 0.000000 0.000000 1.000000
0.999834 0.002594 -0.018060 -0.038100 -0.003231 0.999371 -0.035317 9.490500 0.017957 0.035370 0.999213 -1.392100 0.000000 0.000000 0.000000 1.000000
0.999805 0.009132 -0.017514 -0.038100 -0.009795 0.999224 -0.038147 9.490500 0.017152 0.038311 0.999119 -1.392100 0.000000 0.000000 0.000000 1.000000
0.999749 0.014107 -0.017404 -0.038100 -0.014797 0.999085 -0.040124 9.490500 0.016822 0.040372 0.999043 -1.392100 0.000000 0.000000 0.000000 1.000000
0.999690 0.017507 -0.017703 -0.038100 -0.018231 0.998968 -0.041604 9.490500 0.016957 0.041914 0.998977 -1.392100 0.000000 0.000000 0.000000 1.000000
0.999626 0.020509 -0.018111 -0.038100 -0.021274 0.998843 -0.043118 9.490500 0.017206 0.043487 0.998906 -1.392100 0.000000 0.000000 0.000000 1.000000
0.999552 0.023492 -0.018535 -0.038100 -0.024300 0.998708 -0.044639 9.490500 0.017462 0.045069 0.998831 -1.392100 0.000000 0.000000 0.000000 1.000000</float_array><technique_common><accessor source="#mixamorig_Spine-Matrix-animation-output-transform-array" count="44" stride="16"><param type="float4x4"/></accessor></technique_common></source><source id="mixamorig_Spine-Interpolations"><Name_array id="mixamorig_Spine-Interpolations-array" count="44">
 LINEAR LINEAR LINEAR LINEAR LINEAR LINEAR LINEAR LINEAR LINEAR LINEAR LINEAR
LINEAR LINEAR LINEAR LINEAR LINEAR LINEAR LINEAR LINEAR LINEAR LINEAR LINEAR LINEAR
LINEAR LINEAR LINEAR LINEAR LINEAR LINEAR LINEAR LINEAR LINEAR LINEAR LINEAR LINEAR
LINEAR LINEAR LINEAR LINEAR LINEAR LINEAR LINEAR LINEAR LINEAR</Name_array><technique_common><accessor source="#mixamorig_Spine-Interpolations-array" count="44"><param type="name"/></accessor></technique_common></source><sampler id="mixamorig_Spine-Matrix-animation-transform"><input semantic="INPUT" source="#mixamorig_Spine-Matrix-animation-input"/><input semantic="OUTPUT" source="#mixamorig_Spine-Matrix-animation-output-transform"/><input semantic="INTERPOLATION" source="#mixamorig_Spine-Interpolations"/></sampler><channel source="#mixamorig_Spine-Matrix-animation-transform" target="mixamorig_Spine/matrix"/></animation>
    <animation id="mixamorig_Spine1-anim" name="mixamorig_Spine1"><source id="mixamorig_Spine1-Matrix-animation-input"><float_array id="mixamorig_Spine1-Matrix-animation-input-array" count="44">

0.000000 0.033333 0.066667 0.100000 0.133333 0.166667 0.200000 0.233333 0.266667 0.300000 0.333333 0.366667 0.400000 0.433333 0.466667 0.500000
0.533333 0.566667 0.600000 0.633333 0.666667 0.700000 0.733333 0.766667 0.800000 0.833333 0.866667 0.900000 0.933333 0.966667 1.000000 1.033333
1.066667 1.100000 1.133333 1.166667 1.200000 1.233333 1.266667 1.300000 1.333333 1.366667 1.400000 1.433333</float_array><technique_common><accessor source="#mixamorig_Spine1-Matrix-animation-input-array" count="44"><param name="TIME" type="float"/></accessor></technique_common></source><source id="mixamorig_Spine1-Matrix-animation-output-transform"><float_array id="mixamorig_Spine1-Matrix-animation-output-transform-array" count="704">

0.998464 0.045229 -0.031986 -0.044200 -0.048942 0.990713 -0.126857 11.072300 0.025951 0.128227 0.991405 -1.624100 0.000000 0.000000 0.000000 1.000000
0.998251 0.051490 -0.029047 -0.044200 -0.054722 0.990720 -0.124420 11.072300 0.022372 0.125791 0.991804 -1.624100 0.000000 0.000000 0.000000 1.000000
0.997980 0.058107 -0.025669 -0.044200 -0.060821 0.990647 -0.122145 11.072300 0.018331 0.123459 0.992180 -1.624100 0.000000 0.000000 0.000000 1.000000
0.997592 0.066279 -0.020405 -0.044200 -0.068264 0.990356 -0.120559 11.072300 0.012218 0.121662 0.992496 -1.624100 0.000000 0.000000 0.000000 1.000000
0.997096 0.074752 -0.014542 -0.044200 -0.075959 0.989894 -0.119753 11.072300 0.005443 0.120510 0.992697 -1.624100 0.000000 0.000000 0.000000 1.000000
0.996536 0.082685 -0.008855 -0.044200 -0.083151 0.989406 -0.119006 11.072300 -0.001079 0.119330 0.992854 -1.624100 0.000000 0.000000 0.000000 1.000000
0.995876 0.090567 -0.005283 -0.044200 -0.090559 0.988937 -0.117487 11.072300 -0.005416 0.117481 0.993060 -1.624100 0.000000 0.000000 0.000000 1.000000
0.995065 0.099139 -0.004125 -0.044200 -0.098953 0.988399 -0.115217 11.072300 -0.007345 0.115057 0.993332 -1.624100 0.000000 0.000000 0.000000 1.000000
0.994155 0.107912 -0.003203 -0.044200 -0.107590 0.987861 -0.112047 11.072300 -0.008927 0.111737 0.993698 -1.624100 0.000000 0.000000 0.000000 1.000000
0.993430 0.114440 -0.000364 -0.044200 -0.113799 0.987526 -0.108825 11.072300 -0.012095 0.108151 0.994061 -1.624100 0.000000 0.000000 0.000000 1.000000
0.993173 0.116534 0.005130 -0.044200 -0.115327 0.987582 -0.106682 11.072300 -0.017499 0.105363 0.994280 -1.624100 0.000000 0.000000 0.000000 1.000000
0.993490 0.113160 0.013116 -0.044200 -0.111148 0.988121 -0.106125 11.072300 -0.024970 0.103977 0.994266 -1.624100 0.000000 0.000000 0.000000 1.000000
0.994339 0.103988 0.021831 -0.044200 -0.101084 0.989082 -0.107234 11.072300 -0.032744 0.104421 0.993994 -1.624100 0.000000 0.000000 0.000000 1.000000
0.995096 0.094837 0.028096 -0.044200 -0.091280 0.989902 -0.108457 11.072300 -0.038098 0.105361 0.993704 -1.624100 0.000000 0.000000 0.000000 1.000000
0.995556 0.089213 0.030167 -0.044200 -0.085422 0.990299 -0.109591 11.072300 -0.039651 0.106527 0.993519 -1.624100 0.000000 0.000000 0.000000 1.000000
0.995900 0.084955 0.031064 -0.044200 -0.081042 0.990534 -0.110789 11.072300 -0.040182 0.107817 0.993358 -1.624100 0.000000 0.000000 0.000000 1.000000
0.996179 0.081599 0.031135 -0.044200 -0.077646 0.990666 -0.112033 11.072300 -0.039986 0.109187 0.993217 -1.624100 0.000000 0.000000 0.000000 1.000000
0.996416 0.078928 0.030412 -0.044200 -0.075020 0.990726 -0.113290 11.072300 -0.039072 0.110602 0.993096 -1.624100 0.000000 0.000000 0.000000 1.000000
0.996633 0.076727 0.028925 -0.044200 -0.072949 0.990738 -0.114524 11.072300 -0.037444 0.112028 0.992999 -1.624100 0.000000 0.000000 0.000000 1.000000
0.996843 0.074777 0.026702 -0.044200 -0.071219 0.990728 -0.115700 11.072300 -0.035107 0.113433 0.992925 -1.624100 0.000000 0.000000 0.000000 1.000000
0.997058 0.072864 0.023776 -0.044200 -0.069615 0.990715 -0.116782 11.072300 -0.032064 0.114783 0.992873 -1.624100 0.000000 0.000000 0.000000 1.000000
0.997289 0.070768 0.020175 -0.044200 -0.067920 0.990720 -0.117733 11.072300 -0.028319 0.116044 0.992840 -1.624100 0.000000 0.000000 0.000000 1.000000
0.997539 0.068274 0.015928 -0.044200 -0.065918 0.990761 -0.118525 11.072300 -0.023873 0.117183 0.992823 -1.624100 0.000000 0.000000 0.000000 1.000000
0.997818 0.065374 0.009191 -0.044200 -0.063823 0.990855 -0.118880 11.072300 -0.016879 0.118034 0.992866 -1.624100 0.000000 0.000000 0.000000 1.000000
0.998086 0.061835 -0.000747 -0.044200 -0.061487 0.991025 -0.118699 11.072300 -0.006599 0.118517 0.992930 -1.624100 0.000000 0.000000 0.000000 1.000000
0.998244 0.058214 -0.010974 -0.044200 -0.059106 0.991167 -0.118721 11.072300 0.003965 0.119161 0.992867 -1.624100 0.000000 0.000000 0.000000 1.000000
0.998229 0.055735 -0.020785 -0.044200 -0.057834 0.991093 -0.119959 11.072300 0.013914 0.120949 0.992561 -1.624100 0.000000 0.000000 0.000000 1.000000
0.998052 0.054705 -0.029993 -0.044200 -0.057998 0.990715 -0.122964 11.072300 0.022988 0.124464 0.991958 -1.624100 0.000000 0.000000 0.000000 1.000000
0.997787 0.054453 -0.038163 -0.044200 -0.058910 0.990083 -0.127535 11.072300 0.030839 0.129501 0.991100 -1.624100 0.000000 0.000000 0.000000 1.000000
0.997551 0.053758 -0.044736 -0.044200 -0.059239 0.989494 -0.131881 11.072300 0.037176 0.134208 0.990256 -1.624100 0.000000 0.000000 0.000000 1.000000
0.997572 0.051033 -0.047384 -0.044200 -0.056976 0.989345 -0.133979 11.072300 0.040042 0.136354 0.989851 -1.624100 0.000000 0.000000 0.000000 1.000000
0.997854 0.045744 -0.046857 -0.044200 -0.051660 0.989631 -0.134020 11.072300 0.040240 0.136153 0.989870 -1.624100 0.000000 0.000000 0.000000 1.000000
0.998234 0.038298 -0.045421 -0.044200 -0.044028 0.990174 -0.132732 11.072300 0.039891 0.134497 0.990111 -1.624100 0.000000 0.000000 0.000000 1.000000
0.998609 0.028016 -0.044678 -0.044200 -0.033586 0.991045 -0.129233 11.072300 0.040658 0.130554 0.990607 -1.624100 0.000000 0.000000 0.000000 1.000000
0.998839 0.018184 -0.044602 -0.044200 -0.023622 0.991927 -0.124592 11.072300 0.041977 0.125501 0.991205 -1.624100 0.000000 0.000000 0.000000 1.000000
0.998950 0.014421 -0.043486 -0.044200 -0.019576 0.992511 -0.120573 11.072300 0.041422 0.121298 0.991752 -1.624100 0.000000 0.000000 0.000000 1.000000
0.999026 0.015540 -0.041286 -0.044200 -0.020297 0.992876 -0.117411 11.072300 0.039168 0.118135 0.992225 -1.624100 0.000000 0.000000 0.000000 1.000000
0.999082 0.018161 -0.038793 -0.044200 -0.022509 0.993137 -0.114768 11.072300 0.036443 0.115536 0.992635 -1.624100 0.000000 0.000000 0.000000 1.000000
0.999082 0.022878 -0.036227 -0.044200 -0.026852 0.993196 -0.113314 11.072300 0.033388 0.114183 0.992899 -1.624100 0.000000 0.000000 0.000000 1.000000
0.999028 0.027774 -0.034230 -0.044200 -0.031471 0.993132 -0.112689 11.072300 0.030865 0.113657 0.993040 -1.624100 0.000000 0.000000 0.000000 1.000000
0.998958 0.031745 -0.032799 -0.044200 -0.035255 0.993006 -0.112678 11.072300 0.028992 0.113717 0.993090 -1.624100 0.000000 0.000000 0.000000 1.000000
0.998889 0.034577 -0.032008 -0.044200 -0.037995 0.992844 -0.113209 11.072300 0.027864 0.114299 0.993055 -1.624100 0.000000 0.000000 0.000000 1.000000
0.998816 0.037158 -0.031410 -0.044200 -0.040511 0.992666 -0.113898 11.072300 0.026947 0.115036 0.992996 -1.624100 0.000000 0.000000 0.000000 1.000000
0.998735 0.039740 -0.030810 -0.044200 -0.043026 0.992481 -0.114590 11.072300 0.026024 0.115770 0.992935 -1.624100 0.000000 0.000000 0.000000 1.000000</float_array><technique_common><accessor source="#mixamorig_Spine1-Matrix-animation-output-transform-array" count="44" stride="16"><param type="float4x4"/></accessor></technique_common></source><source id="mixamorig_Spine1-Interpolations"><Name_array id="mixamorig_Spine1-Interpolations-array" count="44">
 LINEAR LINEAR LINEAR LINEAR LINEAR LINEAR LINEAR LINEAR LINEAR LINEAR LINEAR
LINEAR LINEAR LINEAR LINEAR LINEAR LINEAR LINEAR LINEAR LINEAR LINEAR LINEAR LINEAR
LINEAR LINEAR LINEAR LINEAR LINEAR LINEAR LINEAR LINEAR LINEAR LINEAR LINEAR LINEAR
LINEAR LINEAR LINEAR LINEAR LINEAR LINEAR LINEAR LINEAR LINEAR</Name_array><technique_common><accessor source="#mixamorig_Spine1-Interpolations-array" count="44"><param type="name"/></accessor></technique_common></source><sampler id="mixamorig_Spine1-Matrix-animation-transform"><input semantic="INPUT" source="#mixamorig_Spine1-Matrix-animation-input"/><input semantic="OUTPUT" source="#mixamorig_Spine1-Matrix-animation-output-transform"/><input semantic="INTERPOLATION" source="#mixamorig_Spine1-Interpolations"/></sampler><channel source="#mixamorig_Spine1-Matrix-animation-transform" target="mixamorig_Spine1/matrix"/></animation>
    <animation id="mixamorig_Spine2-anim" name="mixamorig_Spine2"><source id="mixamorig_Spine2-Matrix-animation-input"><float_array id="mixamorig_Spine2-Matrix-animation-input-array" count="44">

0.000000 0.033333 0.066667 0.100000 0.133333 0.166667 0.200000 0.233333 0.266667 0.300000 0.333333 0.366667 0.400000 0.433333 0.466667 0.500000
0.533333 0.566667 0.600000 0.633333 0.666667 0.700000 0.733333 0.766667 0.800000 0.833333 0.866667 0.900000 0.933333 0.966667 1.000000 1.033333
1.066667 1.100000 1.133333 1.166667 1.200000 1.233333 1.266667 1.300000 1.333333 1.366667 1.400000 1.433333</float_array><technique_common><accessor source="#mixamorig_Spine2-Matrix-animation-input-array" count="44"><param name="TIME" type="float"/></accessor></technique_common></source><source id="mixamorig_Spine2-Matrix-animation-output-transform"><float_array id="mixamorig_Spine2-Matrix-animation-output-transform-array" count="704">

0.998464 0.045230 -0.031985 -0.050500 -0.048943 0.990713 -0.126855 12.654000 0.025950 0.128226 0.991405 -1.856100 0.000000 0.000000 0.000000 1.000000
0.998081 0.058326 -0.020808 -0.050500 -0.060435 0.990710 -0.121825 12.654000 0.013509 0.122848 0.992334 -1.856100 0.000000 0.000000 0.000000 1.000000
0.997343 0.072356 -0.008420 -0.050500 -0.072845 0.990464 -0.116937 12.654000 -0.000121 0.117239 0.993104 -1.856100 0.000000 0.000000 0.000000 1.000000
0.996067 0.088369 0.006459 -0.050500 -0.087080 0.989788 -0.112857 12.654000 -0.016366 0.111851 0.993590 -1.856100 0.000000 0.000000 0.000000 1.000000
0.994223 0.104972 0.022407 -0.050500 -0.101918 0.988721 -0.109741 12.654000 -0.033674 0.106823 0.993708 -1.856100 0.000000 0.000000 0.000000 1.000000
0.991881 0.121197 0.038504 -0.050500 -0.116502 0.987421 -0.106894 12.654000 -0.050975 0.101541 0.993525 -1.856100 0.000000 0.000000 0.000000 1.000000
0.989109 0.137444 0.052663 -0.050500 -0.131484 0.985896 -0.103547 12.654000 -0.066153 0.095495 0.993229 -1.856100 0.000000 0.000000 0.000000 1.000000
0.985912 0.154356 0.064427 -0.050500 -0.147535 0.984008 -0.099812 12.654000 -0.078803 0.088901 0.992918 -1.856100 0.000000 0.000000 0.000000 1.000000
0.982300 0.171291 0.075804 -0.050500 -0.163838 0.981849 -0.095550 12.654000 -0.090795 0.081439 0.992534 -1.856100 0.000000 0.000000 0.000000 1.000000
0.978605 0.185644 0.088707 -0.050500 -0.177595 0.979850 -0.091404 12.654000 -0.103888 0.073695 0.991855 -1.856100 0.000000 0.000000 0.000000 1.000000
0.975290 0.195102 0.103656 -0.050500 -0.186371 0.978511 -0.088213 12.654000 -0.118639 0.066715 0.990694 -1.856100 0.000000 0.000000 0.000000 1.000000
0.972684 0.198529 0.120303 -0.050500 -0.188987 0.978186 -0.086230 12.654000 -0.134797 0.061139 0.988985 -1.856100 0.000000 0.000000 0.000000 1.000000
0.971116 0.195546 0.136730 -0.050500 -0.185116 0.979002 -0.085363 12.654000 -0.150551 0.057586 0.986924 -1.856100 0.000000 0.000000 0.000000 1.000000
0.970358 0.190775 0.148359 -0.050500 -0.179711 0.980055 -0.084831 12.654000 -0.161583 0.055655 0.985288 -1.856100 0.000000 0.000000 0.000000 1.000000
0.970462 0.186919 0.152530 -0.050500 -0.175548 0.980794 -0.085005 12.654000 -0.165490 0.055718 0.984636 -1.856100 0.000000 0.000000 0.000000 1.000000
0.970722 0.183747 0.154710 -0.050500 -0.172132 0.981356 -0.085505 12.654000 -0.167537 0.056371 0.984253 -1.856100 0.000000 0.000000 0.000000 1.000000
0.971118 0.180990 0.155477 -0.050500 -0.169177 0.981806 -0.086230 12.654000 -0.168255 0.057437 0.984069 -1.856100 0.000000 0.000000 0.000000 1.000000
0.971695 0.178425 0.154833 -0.050500 -0.166469 0.982190 -0.087128 12.654000 -0.167621 0.058887 0.984091 -1.856100 0.000000 0.000000 0.000000 1.000000
0.972493 0.175828 0.152780 -0.050500 -0.163798 0.982548 -0.088145 12.654000 -0.165612 0.060695 0.984321 -1.856100 0.000000 0.000000 0.000000 1.000000
0.973542 0.172973 0.149317 -0.050500 -0.160954 0.982920 -0.089228 12.654000 -0.162201 0.062834 0.984755 -1.856100 0.000000 0.000000 0.000000 1.000000
0.974864 0.169635 0.144443 -0.050500 -0.157727 0.983343 -0.090327 12.654000 -0.157360 0.065274 0.985382 -1.856100 0.000000 0.000000 0.000000 1.000000
0.976470 0.165587 0.138153 -0.050500 -0.153907 0.983849 -0.091399 12.654000 -0.151056 0.067986 0.986184 -1.856100 0.000000 0.000000 0.000000 1.000000
0.978362 0.160603 0.130440 -0.050500 -0.149284 0.984466 -0.092415 12.654000 -0.143256 0.070943 0.987140 -1.856100 0.000000 0.000000 0.000000 1.000000
0.981159 0.153322 0.117558 -0.050500 -0.142776 0.985333 -0.093457 12.654000 -0.130163 0.074912 0.988659 -1.856100 0.000000 0.000000 0.000000 1.000000
0.984989 0.142262 0.097767 -0.050500 -0.133097 0.986574 -0.094641 12.654000 -0.109918 0.080208 0.990699 -1.856100 0.000000 0.000000 0.000000 1.000000
0.988570 0.129866 0.076580 -0.050500 -0.122297 0.987800 -0.096406 12.654000 -0.088166 0.085938 0.992392 -1.856100 0.000000 0.000000 0.000000 1.000000
0.991455 0.118141 0.055313 -0.050500 -0.112238 0.988654 -0.099826 12.654000 -0.066479 0.092765 0.993466 -1.856100 0.000000 0.000000 0.000000 1.000000
0.993589 0.107679 0.034435 -0.050500 -0.103532 0.989026 -0.105394 12.654000 -0.045406 0.101153 0.993834 -1.856100 0.000000 0.000000 0.000000 1.000000
0.995077 0.098016 0.014679 -0.050500 -0.095754 0.988999 -0.112748 12.654000 -0.025568 0.110788 0.993515 -1.856100 0.000000 0.000000 0.000000 1.000000
0.996100 0.088173 -0.003082 -0.050500 -0.087905 0.988884 -0.119917 12.654000 -0.007526 0.119720 0.992779 -1.856100 0.000000 0.000000 0.000000 1.000000
0.996914 0.076799 -0.016239 -0.050500 -0.078229 0.989102 -0.124732 12.654000 0.006483 0.125618 0.992058 -1.856100 0.000000 0.000000 0.000000 1.000000
0.997652 0.063685 -0.025187 -0.050500 -0.066388 0.989638 -0.127316 12.654000 0.016818 0.128689 0.991542 -1.856100 0.000000 0.000000 0.000000 1.000000
0.998265 0.049518 -0.031874 -0.050500 -0.053221 0.990301 -0.128342 12.654000 0.025209 0.129816 0.991218 -1.856100 0.000000 0.000000 0.000000 1.000000
0.998719 0.033873 -0.037583 -0.050500 -0.038389 0.991184 -0.126806 12.654000 0.032956 0.128087 0.991215 -1.856100 0.000000 0.000000 0.000000 1.000000
0.998912 0.020280 -0.041985 -0.050500 -0.025336 0.992003 -0.123642 12.654000 0.039142 0.124571 0.991438 -1.856100 0.000000 0.000000 0.000000 1.000000
0.998963 0.014612 -0.043113 -0.050500 -0.019715 0.992527 -0.120421 12.654000 0.041031 0.121146 0.991786 -1.856100 0.000000 0.000000 0.000000 1.000000
0.999032 0.015508 -0.041174 -0.050500 -0.020250 0.992883 -0.117362 12.654000 0.039060 0.118082 0.992235 -1.856100 0.000000 0.000000 0.000000 1.000000
0.999087 0.018133 -0.038682 -0.050500 -0.022467 0.993143 -0.114728 12.654000 0.036336 0.115492 0.992644 -1.856100 0.000000 0.000000 0.000000 1.000000
0.999085 0.022858 -0.036137 -0.050500 -0.026821 0.993200 -0.113286 12.654000 0.033302 0.114151 0.992905 -1.856100 0.000000 0.000000 0.000000 1.000000
0.999030 0.027762 -0.034170 -0.050500 -0.031452 0.993134 -0.112671 12.654000 0.030808 0.113636 0.993045 -1.856100 0.000000 0.000000 0.000000 1.000000
0.998959 0.031739 -0.032764 -0.050500 -0.035245 0.993008 -0.112666 12.654000 0.028959 0.113703 0.993093 -1.856100 0.000000 0.000000 0.000000 1.000000
0.998890 0.034573 -0.031987 -0.050500 -0.037989 0.992846 -0.113201 12.654000 0.027845 0.114291 0.993057 -1.856100 0.000000 0.000000 0.000000 1.000000
0.998816 0.037156 -0.031400 -0.050500 -0.040508 0.992667 -0.113893 12.654000 0.026938 0.115031 0.992997 -1.856100 0.000000 0.000000 0.000000 1.000000
0.998735 0.039741 -0.030810 -0.050500 -0.043027 0.992481 -0.114590 12.654000 0.026024 0.115770 0.992935 -1.856100 0.000000 0.000000 0.000000 1.000000</float_array><technique_common><accessor source="#mixamorig_Spine2-Matrix-animation-output-transform-array" count="44" stride="16"><param type="float4x4"/></accessor></technique_common></source><source id="mixamorig_Spine2-Interpolations"><Name_array id="mixamorig_Spine2-Interpolations-array" count="44">
 LINEAR LINEAR LINEAR LINEAR LINEAR LINEAR LINEAR LINEAR LINEAR LINEAR LINEAR
LINEAR LINEAR LINEAR LINEAR LINEAR LINEAR LINEAR LINEAR LINEAR LINEAR LINEAR LINEAR
LINEAR LINEAR LINEAR LINEAR LINEAR LINEAR LINEAR LINEAR LINEAR LINEAR LINEAR LINEAR
LINEAR LINEAR LINEAR LINEAR LINEAR LINEAR LINEAR LINEAR LINEAR</Name_array><technique_common><accessor source="#mixamorig_Spine2-Interpolations-array" count="44"><param type="name"/></accessor></technique_common></source><sampler id="mixamorig_Spine2-Matrix-animation-transform"><input semantic="INPUT" source="#mixamorig_Spine2-Matrix-animation-input"/><input semantic="OUTPUT" source="#mixamorig_Spine2-Matrix-animation-output-transform"/><input semantic="INTERPOLATION" source="#mixamorig_Spine2-Interpolations"/></sampler><channel source="#mixamorig_Spine2-Matrix-animation-transform" target="mixamorig_Spine2/matrix"/></animation>
    <animation id="mixamorig_Neck-anim" name="mixamorig_Neck"><source id="mixamorig_Neck-Matrix-animation-input"><float_array id="mixamorig_Neck-Matrix-animation-input-array" count="44">

0.000000 0.033333 0.066667 0.100000 0.133333 0.166667 0.200000 0.233333 0.266667 0.300000 0.333333 0.366667 0.400000 0.433333 0.466667 0.500000
0.533333 0.566667 0.600000 0.633333 0.666667 0.700000 0.733333 0.766667 0.800000 0.833333 0.866667 0.900000 0.933333 0.966667 1.000000 1.033333
1.066667 1.100000 1.133333 1.166667 1.200000 1.233333 1.266667 1.300000 1.333333 1.366667 1.400000 1.433333</float_array><technique_common><accessor source="#mixamorig_Neck-Matrix-animation-input-array" count="44"><param name="TIME" type="float"/></accessor></technique_common></source><source id="mixamorig_Neck-Matrix-animation-output-transform"><float_array id="mixamorig_Neck-Matrix-animation-output-transform-array" count="704">

0.862627 0.231293 0.449865 -0.056900 -0.177678 0.971218 -0.158640 14.235800 -0.473609 0.056916 0.878894 -2.088100 0.000000 0.000000 0.000000 1.000000
0.846371 0.252736 0.468808 -0.056900 -0.193679 0.966025 -0.171127 14.235800 -0.496130 0.054038 0.866565 -2.088100 0.000000 0.000000 0.000000 1.000000
0.829509 0.274023 0.486648 -0.056900 -0.209389 0.960390 -0.183868 14.235800 -0.517755 0.050622 0.854030 -2.088100 0.000000 0.000000 0.000000 1.000000
0.812836 0.294833 0.502365 -0.056900 -0.226493 0.954549 -0.193745 14.235800 -0.536654 0.043701 0.842670 -2.088100 0.000000 0.000000 0.000000 1.000000
0.797890 0.315716 0.513513 -0.056900 -0.245090 0.948192 -0.202145 14.235800 -0.550730 0.035433 0.833931 -2.088100 0.000000 0.000000 0.000000 1.000000
0.786932 0.336318 0.517328 -0.056900 -0.261545 0.941167 -0.214009 14.235800 -0.558867 0.033106 0.828596 -2.088100 0.000000 0.000000 0.000000 1.000000
0.780231 0.353181 0.516239 -0.056900 -0.272815 0.934844 -0.227241 14.235800 -0.562860 0.036462 0.825747 -2.088100 0.000000 0.000000 0.000000 1.000000
0.776167 0.364371 0.514586 -0.056900 -0.280366 0.930443 -0.235948 14.235800 -0.564765 0.038863 0.824336 -2.088100 0.000000 0.000000 0.000000 1.000000
0.773173 0.372243 0.513457 -0.056900 -0.288475 0.927442 -0.237979 14.235800 -0.564787 0.035880 0.824456 -2.088100 0.000000 0.000000 0.000000 1.000000
0.769684 0.385946 0.508560 -0.056900 -0.301729 0.921910 -0.242984 14.235800 -0.562625 0.033574 0.826030 -2.088100 0.000000 0.000000 0.000000 1.000000
0.764878 0.405874 0.500228 -0.056900 -0.316971 0.913162 -0.256251 14.235800 -0.560795 0.037443 0.827108 -2.088100 0.000000 0.000000 0.000000 1.000000
0.759383 0.425237 0.492453 -0.056900 -0.330066 0.904024 -0.271657 14.235800 -0.560708 0.043750 0.826857 -2.088100 0.000000 0.000000 0.000000 1.000000
0.757470 0.424868 0.495708 -0.056900 -0.332003 0.904444 -0.267873 14.235800 -0.562150 0.038329 0.826146 -2.088100 0.000000 0.000000 0.000000 1.000000
0.758468 0.414498 0.502909 -0.056900 -0.327417 0.909575 -0.255875 14.235800 -0.563493 0.029412 0.825597 -2.088100 0.000000 0.000000 0.000000 1.000000
0.760697 0.405582 0.506797 -0.056900 -0.321996 0.913706 -0.247912 14.235800 -0.563612 0.025399 0.825649 -2.088100 0.000000 0.000000 0.000000 1.000000
0.763083 0.397405 0.509679 -0.056900 -0.316296 0.917349 -0.241719 14.235800 -0.563614 0.023243 0.825711 -2.088100 0.000000 0.000000 0.000000 1.000000
0.765606 0.389669 0.511865 -0.056900 -0.310375 0.920684 -0.236659 14.235800 -0.563485 0.022318 0.825825 -2.088100 0.000000 0.000000 0.000000 1.000000
0.768315 0.382379 0.513302 -0.056900 -0.304372 0.923733 -0.232539 14.235800 -0.563072 0.022429 0.826104 -2.088100 0.000000 0.000000 0.000000 1.000000
0.771256 0.375538 0.513941 -0.056900 -0.298427 0.926512 -0.229164 14.235800 -0.562232 0.023370 0.826649 -2.088100 0.000000 0.000000 0.000000 1.000000
0.774479 0.369131 0.513736 -0.056900 -0.292665 0.929043 -0.226332 14.235800 -0.560829 0.024937 0.827556 -2.088100 0.000000 0.000000 0.000000 1.000000
0.778023 0.363167 0.512631 -0.056900 -0.287230 0.931335 -0.223862 14.235800 -0.558730 0.026927 0.828912 -2.088100 0.000000 0.000000 0.000000 1.000000
0.781915 0.357672 0.510567 -0.056900 -0.282276 0.933393 -0.221582 14.235800 -0.555813 0.029138 0.830796 -2.088100 0.000000 0.000000 0.000000 1.000000
0.786204 0.352589 0.507508 -0.056900 -0.277918 0.935254 -0.219229 14.235800 -0.551947 0.031313 0.833291 -2.088100 0.000000 0.000000 0.000000 1.000000
0.791836 0.349177 0.501069 -0.056900 -0.275157 0.936420 -0.217729 14.235800 -0.545238 0.034533 0.837570 -2.088100 0.000000 0.000000 0.000000 1.000000
0.798411 0.348892 0.490728 -0.056900 -0.275374 0.936365 -0.217693 14.235800 -0.535452 0.038675 0.843680 -2.088100 0.000000 0.000000 0.000000 1.000000
