<?xml version="1.0" encoding="utf-8"?>
<COLLADA xmlns="http://www.collada.org/2005/11/COLLADASchema" version="1.4.1">
  <asset><contributor><author>Mixamo</author><authoring_tool>COLLADA Mixamo exporter</authoring_tool><comments></comments></contributor><created>2018-10-29T15:19:51Z</created><modified>2018-10-29T15:19:51Z</modified><revision></revision><title></title><unit meter="0.010000"/><up_axis>Y_UP</up_axis></asset>
  <library_animations>
    <animation id="mixamorig_Hips-anim" name="mixamorig_Hips"><source id="mixamorig_Hips-Matrix-animation-input"><float_array id="mixamorig_Hips-Matrix-animation-input-array" count="44">

0.000000 0.033333 0.066667 0.100000 0.133333 0.166667 0.200000 0.233333 0.266667 0.300000 0.333333 0.366667 0.400000 0.433333 0.466667 0.500000
0.533333 0.566667 0.600000 0.633333 0.666667 0.700000 0.733333 0.766667 0.800000 0.833333 0.866667 0.900000 0.933333 0.966667 1.000000 1.033333
1.066667 1.100000 1.133333 1.166667 1.200000 1.233333 1.266667 1.300000 1.333333 1.366667 1.400000 1.433333</float_array><technique_common><accessor source="#mixamorig_Hips-Matrix-animation-input-array" count="44"><param name="TIME" type="float"/></accessor></technique_common></source><source id="mixamorig_Hips-Matrix-animation-output-transform"><float_array id="mixamorig_Hips-Matrix-animation-output-transform-array" count="704">

0.523084 -0.336711 -0.782949 0.982314 -0.041480 0.907504 -0.417989 50.565987 0.851271 0.251121 0.460734 -0.848473 0.000000 0.000000 0.000000 1.000000
0.513011 -0.347810 -0.784760 0.934976 -0.042371 0.902856 -0.427850 50.915565 0.857335 0.252743 0.448438 -1.364908 0.000000 0.000000 0.000000 1.000000
0.498934 -0.359148 -0.788719 0.846520 -0.045678 0.897925 -0.437771 51.408951 0.865435 0.254446 0.431601 -1.904853 0.000000 0.000000 0.000000 1.000000
0.482545 -0.370214 -0.793783 0.716038 -0.050426 0.893033 -0.447158 51.975918 0.874419 0.255801 0.412260 -2.467340 0.000000 0.000000 0.000000 1.000000
0.462782 -0.379400 -0.801179 0.514284 -0.057499 0.889034 -0.454217 52.674065 0.884605 0.256271 0.389614 -3.070353 0.000000 0.000000 0.000000 1.000000
0.438718 -0.382668 -0.813076 0.218563 -0.068321 0.887977 -0.454784 53.600307 0.896024 0.255072 0.363427 -3.739311 0.000000 0.000000 0.000000 1.000000
0.412125 -0.383190 -0.826631 -0.158424 -0.080760 0.888327 -0.452054 54.770370 0.907541 0.253062 0.335156 -4.425251 0.000000 0.000000 0.000000 1.000000
0.383168 -0.384700 -0.839755 -0.637611 -0.093736 0.888253 -0.449688 56.205463 0.918910 0.251022 0.304290 -5.103363 0.000000 0.000000 0.000000 1.000000
0.349642 -0.387275 -0.853094 -1.243361 -0.107422 0.887989 -0.447143 57.875374 0.930705 0.247981 0.268876 -5.755713 0.000000 0.000000 0.000000 1.000000
0.311357 -0.391430 -0.865933 -1.965687 -0.110093 0.890233 -0.442000 59.654007 0.943894 0.232953 0.234087 -6.340426 0.000000 0.000000 0.000000 1.000000
0.268831 -0.391701 -0.879943 -2.763015 -0.093742 0.898597 -0.428644 61.411583 0.958615 0.197721 0.204851 -6.852379 0.000000 0.000000 0.000000 1.000000
0.221686 -0.389719 -0.893854 -3.539223 -0.060644 0.909378 -0.411527 62.966927 0.973230 0.145436 0.177963 -7.310274 0.000000 0.000000 0.000000 1.000000
0.174887 -0.385881 -0.905820 -4.233864 -0.024371 0.918020 -0.395784 64.402588 0.984287 0.091293 0.151145 -7.610240 0.000000 0.000000 0.000000 1.000000
0.128289 -0.383075 -0.914765 -4.827563 0.007326 0.922728 -0.385382 65.691612 0.991710 0.042739 0.121182 -7.514024 0.000000 0.000000 0.000000 1.000000
0.073302 -0.386621 -0.919321 -5.429681 0.030717 0.922239 -0.385399 66.752899 0.996837 0.000012 0.079477 -6.792298 0.000000 0.000000 0.000000 1.000000
-0.000400 -0.398840 -0.917020 -6.214325 0.045600 0.916059 -0.398442 67.675957 0.998960 -0.041975 0.017820 -5.527869 0.000000 0.000000 0.000000 1.000000
-0.089525 -0.415048 -0.905384 -7.152873 0.052248 0.905826 -0.420417 68.521652 0.994613 -0.084942 -0.059408 -3.933762 0.000000 0.000000 0.000000 1.000000
-0.186211 -0.430646 -0.883102 -8.179325 0.051636 0.893291 -0.446503 69.285751 0.981152 -0.128744 -0.144104 -2.198818 0.000000 0.000000 0.000000 1.000000
-0.287625 -0.444755 -0.848213 -9.319445 0.041683 0.878985 -0.475025 69.946861 0.956836 -0.171985 -0.234279 -0.342074 0.000000 0.000000 0.000000 1.000000
-0.383518 -0.455236 -0.803538 -10.507143 0.025340 0.864555 -0.501899 70.465355 0.923186 -0.212849 -0.320036 1.449708 0.000000 0.000000 0.000000 1.000000
-0.467883 -0.462990 -0.752812 -11.750654 0.003384 0.850854 -0.525391 70.767136 0.883784 -0.248369 -0.396534 3.026075 0.000000 0.000000 0.000000 1.000000
-0.540594 -0.467960 -0.699122 -12.999322 -0.020949 0.838248 -0.544886 70.841759 0.841023 -0.279917 -0.462955 4.385576 0.000000 0.000000 0.000000 1.000000
-0.600230 -0.470201 -0.647020 -14.194360 -0.044859 0.827467 -0.559720 70.685272 0.798569 -0.306935 -0.517763 5.457179 0.000000 0.000000 0.000000 1.000000
-0.641196 -0.469806 -0.606753 -15.126853 -0.063471 0.820445 -0.568192 70.118538 0.764747 -0.325811 -0.555885 5.928015 0.000000 0.000000 0.000000 1.000000
-0.671847 -0.468036 -0.574077 -15.835813 -0.078521 0.815694 -0.573129 69.351341 0.736516 -0.339978 -0.584773 6.064819 0.000000 0.000000 0.000000 1.000000
-0.696836 -0.465281 -0.545832 -16.239960 -0.090946 0.812205 -0.576239 68.458488 0.711441 -0.351903 -0.608290 5.946261 0.000000 0.000000 0.000000 1.000000
-0.718978 -0.461062 -0.520089 -16.398994 -0.101209 0.809770 -0.577952 67.477905 0.687624 -0.362897 -0.628871 5.694141 0.000000 0.000000 0.000000 1.000000
-0.739416 -0.454684 -0.496513 -16.355423 -0.109127 0.808680 -0.578038 66.436951 0.664345 -0.373228 -0.647569 5.387545 0.000000 0.000000 0.000000 1.000000
-0.758594 -0.444031 -0.476835 -15.920734 -0.112792 0.810276 -0.575093 65.326721 0.641726 -0.382479 -0.664753 5.048868 0.000000 0.000000 0.000000 1.000000
-0.776658 -0.426722 -0.463369 -14.942969 -0.109985 0.816159 -0.567263 64.124008 0.620247 -0.389606 -0.680810 4.699921 0.000000 0.000000 0.000000 1.000000
-0.793693 -0.404093 -0.454708 -13.632271 -0.102457 0.825606 -0.554867 62.868088 0.599628 -0.393806 -0.696680 4.396526 0.000000 0.000000 0.000000 1.000000
-0.809259 -0.379576 -0.448354 -12.221022 -0.093954 0.837023 -0.539041 61.575871 0.579890 -0.394099 -0.713031 4.187895 0.000000 0.000000 0.000000 1.000000
-0.821041 -0.359275 -0.443636 -10.741262 -0.090048 0.848902 -0.520824 60.133533 0.563723 -0.387669 -0.729335 3.989173 0.000000 0.000000 0.000000 1.000000
-0.828481 -0.345743 -0.440545 -9.203915 -0.092677 0.860464 -0.501012 58.533138 0.552295 -0.374251 -0.744921 3.736165 0.000000 0.000000 0.000000 1.000000
-0.833864 -0.334876 -0.438781 -7.675368 -0.095049 0.870178 -0.483484 56.946922 0.543725 -0.361454 -0.757440 3.456167 0.000000 0.000000 0.000000 1.000000
-0.838675 -0.322811 -0.438653 -6.215048 -0.092101 0.877875 -0.469950 55.475891 0.536788 -0.353735 -0.765983 3.186139 0.000000 0.000000 0.000000 1.000000
-0.841526 -0.308926 -0.443168 -4.907799 -0.083461 0.884852 -0.458335 54.242661 0.533730 -0.348714 -0.770410 2.918632 0.000000 0.000000 0.000000 1.000000
-0.841870 -0.297094 -0.450545 -3.780946 -0.075087 0.891196 -0.447361 53.300571 0.534432 -0.342789 -0.772579 2.654161 0.000000 0.000000 0.000000 1.000000
-0.842128 -0.287032 -0.456544 -2.760229 -0.068442 0.896625 -0.437469 52.524986 0.534916 -0.337158 -0.774719 2.373045 0.000000 0.000000 0.000000 1.000000
-0.843409 -0.277311 -0.460174 -1.842032 -0.061284 0.900566 -0.430378 51.922562 0.533766 -0.334784 -0.776540 2.056197 0.000000 0.000000 0.000000 1.000000
-0.844968 -0.268427 -0.462575 -0.998578 -0.054051 0.903355 -0.425474 51.450897 0.532078 -0.334509 -0.777815 1.722890 0.000000 0.000000 0.000000 1.000000
-0.846416 -0.260373 -0.464528 -0.191153 -0.047337 0.905651 -0.421373 51.025707 0.530415 -0.334667 -0.778883 1.396715 0.000000 0.000000 0.000000 1.000000
-0.847597 -0.254916 -0.465400 0.527767 -0.042846 0.907067 -0.418801 50.696896 0.528908 -0.335034 -0.779749 1.107310 0.000000 0.000000 0.000000 1.000000
-0.848067 -0.253204 -0.465478 0.855109 -0.041481 0.907473 -0.418058 50.566143 0.528262 -0.335232 -0.780101 0.976970 0.000000 0.000000 0.000000 1.000000</float_array><technique_common><accessor source="#mixamorig_Hips-Matrix-animation-output-transform-array" count="44" stride="16"><param type="float4x4"/></accessor></technique_common></source><source id="mixamorig_Hips-Interpolations"><Name_array id="mixamorig_Hips-Interpolations-array" count="44">
 LINEAR LINEAR LINEAR LINEAR LINEAR LINEAR LINEAR LINEAR LINEAR LINEAR LINEAR
LINEAR LINEAR LINEAR LINEAR LINEAR LINEAR LINEAR LINEAR LINEAR LINEAR LINEAR LINEAR
LINEAR LINEAR LINEAR LINEAR LINEAR LINEAR LINEAR LINEAR LINEAR LINEAR LINEAR LINEAR
LINEAR LINEAR LINEAR LINEAR LINEAR LINEAR LINEAR LINEAR LINEAR</Name_array><technique_common><accessor source="#mixamorig_Hips-Interpolations-array" count="44"><param type="name"/></accessor></technique_common></source><sampler id="mixamorig_Hips-Matrix-animation-transform"><input semantic="INPUT" source="#mixamorig_Hips-Matrix-animation-input"/><input semantic="OUTPUT" source="#mixamorig_Hips-Matrix-animation-output-transform"/><input semantic="INTERPOLATION" source="#mixamorig_Hips-Interpolations"/></sampler><channel source="#mixamorig_Hips-Matrix-animation-transform" target="mixamorig_Hips/matrix"/></animation>
    <animation id="mixamorig_Spine-anim" name="mixamorig_Spine"><source id="mixamorig_Spine-Matrix-animation-input"><float_array id="mixamorig_Spine-Matrix-animation-input-array" count="44">

0.000000 0.033333 0.066667 0.100000 0.133333 0.166667 0.200000 0.233333 0.266667 0.300000 0.333333 0.366667 0.400000 0.433333 0.466667 0.500000
0.533333 0.566667 0.600000 0.633333 0.666667 0.700000 0.733333 0.766667 0.800000 0.833333 0.866667 0.900000 0.933333 0.966667 1.000000 1.033333
1.066667 1.100000 1.133333 1.166667 1.200000 1.233333 1.266667 1.300000 1.333333 1.366667 1.400000 1.433333</float_array><technique_common><accessor source="#mixamorig_Spine-Matrix-animation-input-array" count="44"><param name="TIME" type="float"/></accessor></technique_common></source><source id="mixamorig_Spine-Matrix-animation-output-transform"><float_array id="mixamorig_Spine-Matrix-animation-output-transform-array" count="704">

0.999474 0.026282 -0.018994 -0.038100 -0.027219 0.998336 -0.050839 9.490500 0.017626 0.051329 0.998526 -1.392100 0.000000 0.000000 0.000000 1.000000
0.999412 0.031163 -0.014323 -0.038100 -0.031815 0.998350 -0.047794 9.490500 0.012810 0.048222 0.998755 -1.392100 0.000000 0.000000 0.000000 1.000000
0.999336 0.035196 -0.009403 -0.038100 -0.035582 0.998371 -0.044591 9.490500 0.007819 0.044896 0.998961 -1.392100 0.000000 0.000000 0.000000 1.000000
0.999281 0.037682 -0.004135 -0.038100 -0.037817 0.998497 -0.039657 9.490500 0.002635 0.039785 0.999205 -1.392100 0.000000 0.000000 0.000000 1.000000
0.999264 0.038346 0.000599 -0.038100 -0.038298 0.998591 -0.036739 9.490500 -0.002007 0.036689 0.999325 -1.392100 0.000000 0.000000 0.000000 1.000000
0.999336 0.036232 0.003839 -0.038100 -0.036047 0.998527 -0.040554 9.490500 -0.005303 0.040389 0.999170 -1.392100 0.000000 0.000000 0.000000 1.000000
0.999582 0.028417 0.005356 -0.038100 -0.028108 0.998311 -0.050842 9.490500 -0.006792 0.050670 0.998692 -1.392100 0.000000 0.000000 0.000000 1.000000
0.999939 0.010431 0.003583 -0.038100 -0.010192 0.998072 -0.061219 9.490500 -0.004215 0.061179 0.998118 -1.392100 0.000000 0.000000 0.000000 1.000000
0.999877 -0.015619 0.001245 -0.038100 0.015668 0.997355 -0.070977 9.490500 -0.000133 0.070988 0.997477 -1.392100 0.000000 0.000000 0.000000 1.000000
0.999191 -0.039962 -0.004472 -0.038100 0.039493 0.996181 -0.077865 9.490500 0.007567 0.077626 0.996954 -1.392100 0.000000 0.000000 0.000000 1.000000
0.998376 -0.054958 -0.014992 -0.038100 0.053485 0.994910 -0.085398 9.490500 0.019609 0.084458 0.996234 -1.392100 0.000000 0.000000 0.000000 1.000000
0.997960 -0.057467 -0.027804 -0.038100 0.054754 0.994428 -0.090083 9.490500 0.032825 0.088376 0.995546 -1.392100 0.000000 0.000000 0.000000 1.000000
0.997484 -0.057549 -0.041403 -0.038100 0.053387 0.994005 -0.095419 9.490500 0.046646 0.092968 0.994576 -1.392100 0.000000 0.000000 0.000000 1.000000
0.996470 -0.064474 -0.053760 -0.038100 0.058656 0.992894 -0.103544 9.490500 0.060054 0.100025 0.993171 -1.392100 0.000000 0.000000 0.000000 1.000000
0.995354 -0.073256 -0.062481 -0.038100 0.066106 0.991764 -0.109698 9.490500 0.070003 0.105058 0.991999 -1.392100 0.000000 0.000000 0.000000 1.000000
0.994877 -0.076354 -0.066263 -0.038100 0.068704 0.991453 -0.110909 9.490500 0.074165 0.105788 0.991619 -1.392100 0.000000 0.000000 0.000000 1.000000
0.995060 -0.074007 -0.066172 -0.038100 0.066537 0.991842 -0.108729 9.490500 0.073679 0.103789 0.991867 -1.392100 0.000000 0.000000 0.000000 1.000000
0.995613 -0.067928 -0.064345 -0.038100 0.060932 0.992597 -0.105062 9.490500 0.071006 0.100681 0.992382 -1.392100 0.000000 0.000000 0.000000 1.000000
0.996430 -0.058624 -0.060748 -0.038100 0.052345 0.993585 -0.100243 9.490500 0.066235 0.096706 0.993107 -1.392100 0.000000 0.000000 0.000000 1.000000
0.997146 -0.049774 -0.056768 -0.038100 0.044233 0.994495 -0.094991 9.490500 0.061183 0.092209 0.993858 -1.392100 0.000000 0.000000 0.000000 1.000000
0.997680 -0.042792 -0.052940 -0.038100 0.037971 0.995313 -0.088936 9.490500 0.056497 0.086720 0.994629 -1.392100 0.000000 0.000000 0.000000 1.000000
0.998065 -0.037271 -0.049774 -0.038100 0.033121 0.996104 -0.081733 9.490500 0.052626 0.079926 0.995411 -1.392100 0.000000 0.000000 0.000000 1.000000
0.998357 -0.033184 -0.046709 -0.038100 0.029759 0.996946 -0.072207 9.490500 0.048962 0.070699 0.996295 -1.392100 0.000000 0.000000 0.000000 1.000000
0.998640 -0.030094 -0.042583 -0.038100 0.027642 0.997988 -0.057061 9.490500 0.044214 0.055806 0.997462 -1.392100 0.000000 0.000000 0.000000 1.000000
0.998940 -0.026851 -0.037400 -0.038100 0.025406 0.998932 -0.038595 9.490500 0.038396 0.037603 0.998555 -1.392100 0.000000 0.000000 0.000000 1.000000
0.999264 -0.021728 -0.031621 -0.038100 0.021148 0.999604 -0.018540 9.490500 0.032012 0.017858 0.999328 -1.392100 0.000000 0.000000 0.000000 1.000000
0.999557 -0.014693 -0.025867 -0.038100 0.014727 0.999891 0.001122 9.490500 0.025848 -0.001503 0.999665 -1.392100 0.000000 0.000000 0.000000 1.000000
0.999761 -0.005990 -0.021013 -0.038100 0.006376 0.999811 0.018352 9.490500 0.020899 -0.018481 0.999611 -1.392100 0.000000 0.000000 0.000000 1.000000
0.999823 0.005673 -0.017965 -0.038100 -0.005147 0.999560 0.029195 9.490500 0.018123 -0.029097 0.999412 -1.392100 0.000000 0.000000 0.000000 1.000000
0.999642 0.020678 -0.017001 -0.038100 -0.020149 0.999325 0.030721 9.490500 0.017624 -0.030367 0.999383 -1.392100 0.000000 0.000000 0.000000 1.000000
0.999228 0.035531 -0.016746 -0.038100 -0.035083 0.999038 0.026314 9.490500 0.017665 -0.025707 0.999513 -1.392100 0.000000 0.000000 0.000000 1.000000
0.998798 0.046235 -0.016254 -0.038100 -0.045924 0.998764 0.019034 9.490500 0.017113 -0.018264 0.999687 -1.392100 0.000000 0.000000 0.000000 1.000000
0.998638 0.049805 -0.015551 -0.038100 -0.049655 0.998717 0.009901 9.490500 0.016025 -0.009116 0.999830 -1.392100 0.000000 0.000000 0.000000 1.000000
0.998804 0.046613 -0.014739 -0.038100 -0.046626 0.998912 -0.000577 9.490500 0.014696 0.001263 0.999891 -1.392100 0.000000 0.000000 0.000000 1.000000
0.998973 0.042998 -0.014317 -0.038100 -0.043137 0.999024 -0.009526 9.490500 0.013893 0.010134 0.999852 -1.392100 0.000000 0.000000 0.000000 1.000000
0.998998 0.041875 -0.015800 -0.038100 -0.042143 0.998967 -0.017005 9.490500 0.015072 0.017653 0.999731 -1.392100 0.000000 0.000000 0.000000 1.000000
0.999022 0.040300 -0.018212 -0.038100 -0.040737 0.998874 -0.024328 9.490500 0.017211 0.025046 0.999538 -1.392100 0.000000 0.000000 0.000000 1.000000
0.999172 0.035331 -0.020199 -0.038100 -0.035989 0.998801 -0.033193 9.490500 0.019002 0.033892 0.999245 -1.392100 0.000000 0.000000 0.000000 1.000000
0.999298 0.030725 -0.021417 -0.038100 -0.031590 0.998648 -0.041285 9.490500 0.020119 0.041933 0.998918 -1.392100 0.000000 0.000000 0.000000 1.000000
0.999332 0.029532 -0.021520 -0.038100 -0.030483 0.998509 -0.045282 9.490500 0.020151 0.045908 0.998742 -1.392100 0.000000 0.000000 0.000000 1.000000
0.999337 0.029722 -0.021045 -0.038100 -0.030684 0.998424 -0.046983 9.490500 0.019615 0.047598 0.998674 -1.392100 0.000000 0.000000 0.000000 1.000000
0.999351 0.029651 -0.020448 -0.038100 -0.030610 0.998363 -0.048325 9.490500 0.018981 0.048919 0.998622 -1.392100 0.000000 0.000000 0.000000 1.000000
0.999421 0.027862 -0.019548 -0.038100 -0.028808 0.998339 -0.049903 9.490500 0.018125 0.050438 0.998563 -1.392100 0.000000 0.000000 0.000000 1.000000
0.999474 0.026280 -0.018995 -0.038100 -0.027216 0.998336 -0.050838 9.490500 0.017628 0.051328 0.998526 -1.392100 0.000000 0.000000 0.000000 1.000000</float_array><technique_common><accessor source="#mixamorig_Spine-Matrix-animation-output-transform-array" count="44" stride="16"><param type="float4x4"/></accessor></technique_common></source><source id="mixamorig_Spine-Interpolations"><Name_array id="mixamorig_Spine-Interpolations-array" count="44">
 LINEAR LINEAR LINEAR LINEAR LINEAR LINEAR LINEAR LINEAR LINEAR LINEAR LINEAR
LINEAR LINEAR LINEAR LINEAR LINEAR LINEAR LINEAR LINEAR LINEAR LINEAR LINEAR LINEAR
LINEAR LINEAR LINEAR LINEAR LINEAR LINEAR LINEAR LINEAR LINEAR LINEAR LINEAR LINEAR
LINEAR LINEAR LINEAR LINEAR LINEAR LINEAR LINEAR LINEAR LINEAR</Name_array><technique_common><accessor source="#mixamorig_Spine-Interpolations-array" count="44"><param type="name"/></accessor></technique_common></source><sampler id="mixamorig_Spine-Matrix-animation-transform"><input semantic="INPUT" source="#mixamorig_Spine-Matrix-animation-input"/><input semantic="OUTPUT" source="#mixamorig_Spine-Matrix-animation-output-transform"/><input semantic="INTERPOLATION" source="#mixamorig_Spine-Interpolations"/></sampler><channel source="#mixamorig_Spine-Matrix-animation-transform" target="mixamorig_Spine/matrix"/></animation>
    <animation id="mixamorig_Spine1-anim" name="mixamorig_Spine1"><source id="mixamorig_Spine1-Matrix-animation-input"><float_array id="mixamorig_Spine1-Matrix-animation-input-array" count="44">

0.000000 0.033333 0.066667 0.100000 0.133333 0.166667 0.200000 0.233333 0.266667 0.300000 0.333333 0.366667 0.400000 0.433333 0.466667 0.500000
0.533333 0.566667 0.600000 0.633333 0.666667 0.700000 0.733333 0.766667 0.800000 0.833333 0.866667 0.900000 0.933333 0.966667 1.000000 1.033333
1.066667 1.100000 1.133333 1.166667 1.200000 1.233333 1.266667 1.300000 1.333333 1.366667 1.400000 1.433333</float_array><technique_common><accessor source="#mixamorig_Spine1-Matrix-animation-input-array" count="44"><param name="TIME" type="float"/></accessor></technique_common></source><source id="mixamorig_Spine1-Matrix-animation-output-transform"><float_array id="mixamorig_Spine1-Matrix-animation-output-transform-array" count="704">

0.998464 0.045229 -0.031986 -0.044200 -0.048942 0.990713 -0.126856 11.072300 0.025951 0.128227 0.991405 -1.624100 0.000000 0.000000 0.000000 1.000000
0.998693 0.042867 -0.027852 -0.044200 -0.046065 0.990868 -0.126726 11.072300 0.022165 0.127843 0.991547 -1.624100 0.000000 0.000000 0.000000 1.000000
0.998910 0.040213 -0.023716 -0.044200 -0.042908 0.990977 -0.126980 11.072300 0.018396 0.127859 0.991622 -1.624100 0.000000 0.000000 0.000000 1.000000
0.999131 0.036956 -0.019294 -0.044200 -0.039129 0.990983 -0.128148 11.072300 0.014385 0.128791 0.991567 -1.624100 0.000000 0.000000 0.000000 1.000000
0.999341 0.032881 -0.015400 -0.044200 -0.034609 0.990876 -0.130258 11.072300 0.010976 0.130705 0.991360 -1.624100 0.000000 0.000000 0.000000 1.000000
0.999541 0.027313 -0.013103 -0.044200 -0.028825 0.990559 -0.134025 11.072300 0.009319 0.134341 0.990891 -1.624100 0.000000 0.000000 0.000000 1.000000
0.999707 0.020839 -0.012350 -0.044200 -0.022344 0.990195 -0.137891 11.072300 0.009355 0.138127 0.990370 -1.624100 0.000000 0.000000 0.000000 1.000000
0.999775 0.014267 -0.015710 -0.044200 -0.016347 0.989813 -0.141429 11.072300 0.013532 0.141654 0.989824 -1.624100 0.000000 0.000000 0.000000 1.000000
0.999757 0.007248 -0.020798 -0.044200 -0.010265 0.988809 -0.148832 11.072300 0.019487 0.149009 0.988644 -1.624100 0.000000 0.000000 0.000000 1.000000
0.999550 0.006655 -0.029263 -0.044200 -0.011175 0.987514 -0.157137 11.072300 0.027852 0.157393 0.987143 -1.624100 0.000000 0.000000 0.000000 1.000000
0.999008 0.014233 -0.042204 -0.044200 -0.021040 0.985981 -0.165527 11.072300 0.039256 0.166251 0.985302 -1.624100 0.000000 0.000000 0.000000 1.000000
0.998026 0.026644 -0.056873 -0.044200 -0.036131 0.984272 -0.172926 11.072300 0.051372 0.174639 0.983291 -1.624100 0.000000 0.000000 0.000000 1.000000
0.996760 0.038272 -0.070746 -0.044200 -0.050316 0.982887 -0.177204 11.072300 0.062753 0.180190 0.981628 -1.624100 0.000000 0.000000 0.000000 1.000000
0.995544 0.045470 -0.082614 -0.044200 -0.059596 0.982312 -0.177512 11.072300 0.073081 0.181645 0.980645 -1.624100 0.000000 0.000000 0.000000 1.000000
0.994624 0.049582 -0.090913 -0.044200 -0.064926 0.982519 -0.174471 11.072300 0.080673 0.179436 0.980456 -1.624100 0.000000 0.000000 0.000000 1.000000
0.994308 0.051677 -0.093177 -0.044200 -0.066919 0.983392 -0.168706 11.072300 0.082911 0.173981 0.981252 -1.624100 0.000000 0.000000 0.000000 1.000000
0.994532 0.052395 -0.090333 -0.044200 -0.066529 0.984654 -0.161341 11.072300 0.080494 0.166468 0.982756 -1.624100 0.000000 0.000000 0.000000 1.000000
0.995083 0.052183 -0.084177 -0.044200 -0.064677 0.986064 -0.153280 11.072300 0.075006 0.157971 0.984591 -1.624100 0.000000 0.000000 0.000000 1.000000
0.995903 0.050990 -0.074684 -0.044200 -0.061416 0.987564 -0.144723 11.072300 0.066376 0.148717 0.986650 -1.624100 0.000000 0.000000 0.000000 1.000000
0.996655 0.049590 -0.064966 -0.044200 -0.058087 0.988973 -0.136227 11.072300 0.057494 0.139545 0.988545 -1.624100 0.000000 0.000000 0.000000 1.000000
0.997240 0.048274 -0.056414 -0.044200 -0.055187 0.990210 -0.128216 11.072300 0.049672 0.130975 0.990141 -1.624100 0.000000 0.000000 0.000000 1.000000
0.997676 0.047346 -0.049005 -0.044200 -0.052984 0.991238 -0.121000 11.072300 0.042847 0.123315 0.991442 -1.624100 0.000000 0.000000 0.000000 1.000000
0.997971 0.047355 -0.042557 -0.044200 -0.051992 0.991953 -0.115437 11.072300 0.036748 0.117415 0.992403 -1.624100 0.000000 0.000000 0.000000 1.000000
0.998105 0.049310 -0.036817 -0.044200 -0.053198 0.992122 -0.113420 11.072300 0.030934 0.115164 0.992865 -1.624100 0.000000 0.000000 0.000000 1.000000
0.998146 0.052139 -0.031415 -0.044200 -0.055382 0.992028 -0.113197 11.072300 0.025263 0.114727 0.993076 -1.624100 0.000000 0.000000 0.000000 1.000000
0.998157 0.054652 -0.026365 -0.044200 -0.057296 0.991943 -0.112986 11.072300 0.019978 0.114288 0.993247 -1.624100 0.000000 0.000000 0.000000 1.000000
0.998144 0.056854 -0.021814 -0.044200 -0.058959 0.991888 -0.112617 11.072300 0.015234 0.113694 0.993399 -1.624100 0.000000 0.000000 0.000000 1.000000
0.998098 0.058939 -0.018069 -0.044200 -0.060601 0.991828 -0.112272 11.072300 0.011304 0.113153 0.993513 -1.624100 0.000000 0.000000 0.000000 1.000000
0.998011 0.060928 -0.016165 -0.044200 -0.062361 0.991744 -0.112052 11.072300 0.009205 0.112837 0.993571 -1.624100 0.000000 0.000000 0.000000 1.000000
0.997874 0.063007 -0.016641 -0.044200 -0.064485 0.991550 -0.112560 11.072300 0.009408 0.113394 0.993506 -1.624100 0.000000 0.000000 0.000000 1.000000
0.997731 0.064822 -0.018169 -0.044200 -0.066479 0.991233 -0.114185 11.072300 0.010608 0.115134 0.993293 -1.624100 0.000000 0.000000 0.000000 1.000000
0.997606 0.066272 -0.019753 -0.044200 -0.068132 0.990834 -0.116641 11.072300 0.011842 0.117708 0.992978 -1.624100 0.000000 0.000000 0.000000 1.000000
0.997594 0.066163 -0.020685 -0.044200 -0.068171 0.990478 -0.119611 11.072300 0.012574 0.120733 0.992605 -1.624100 0.000000 0.000000 0.000000 1.000000
0.997764 0.063538 -0.020720 -0.044200 -0.065614 0.990228 -0.123062 11.072300 0.012699 0.124147 0.992183 -1.624100 0.000000 0.000000 0.000000 1.000000
0.998000 0.059632 -0.020994 -0.044200 -0.061789 0.990307 -0.124395 11.072300 0.013373 0.125443 0.992011 -1.624100 0.000000 0.000000 0.000000 1.000000
0.998104 0.056899 -0.023480 -0.044200 -0.059366 0.990629 -0.123000 11.072300 0.016262 0.124161 0.992129 -1.624100 0.000000 0.000000 0.000000 1.000000
0.998062 0.056110 -0.026890 -0.044200 -0.058993 0.990736 -0.122317 11.072300 0.019777 0.123666 0.992127 -1.624100 0.000000 0.000000 0.000000 1.000000
0.998040 0.055190 -0.029488 -0.044200 -0.058422 0.990658 -0.123219 11.072300 0.022412 0.124700 0.991941 -1.624100 0.000000 0.000000 0.000000 1.000000
0.998072 0.053637 -0.031241 -0.044200 -0.057128 0.990588 -0.124385 11.072300 0.024276 0.125930 0.991742 -1.624100 0.000000 0.000000 0.000000 1.000000
0.998128 0.052102 -0.032032 -0.044200 -0.055725 0.990565 -0.125204 11.072300 0.025206 0.126754 0.991614 -1.624100 0.000000 0.000000 0.000000 1.000000
0.998201 0.050505 -0.032298 -0.044200 -0.054188 0.990584 -0.125728 11.072300 0.025644 0.127252 0.991539 -1.624100 0.000000 0.000000 0.000000 1.000000
0.998284 0.048777 -0.032400 -0.044200 -0.052498 0.990616 -0.126191 11.072300 0.025940 0.127675 0.991477 -1.624100 0.000000 0.000000 0.000000 1.000000
0.998398 0.046540 -0.032183 -0.044200 -0.050262 0.990675 -0.126635 11.072300 0.025989 0.128050 0.991427 -1.624100 0.000000 0.000000 0.000000 1.000000
0.998464 0.045229 -0.031986 -0.044200 -0.048942 0.990713 -0.126856 11.072300 0.025952 0.128227 0.991405 -1.624100 0.000000 0.000000 0.000000 1.000000</float_array><technique_common><accessor source="#mixamorig_Spine1-Matrix-animation-output-transform-array" count="44" stride="16"><param type="float4x4"/></accessor></technique_common></source><source id="mixamorig_Spine1-Interpolations"><Name_array id="mixamorig_Spine1-Interpolations-array" count="44">
 LINEAR LINEAR LINEAR LINEAR LINEAR LINEAR LINEAR LINEAR LINEAR LINEAR LINEAR
LINEAR LINEAR LINEAR LINEAR LINEAR LINEAR LINEAR LINEAR LINEAR LINEAR LINEAR LINEAR
LINEAR LINEAR LINEAR LINEAR LINEAR LINEAR LINEAR LINEAR LINEAR LINEAR LINEAR LINEAR
LINEAR LINEAR LINEAR LINEAR LINEAR LINEAR LINEAR LINEAR LINEAR</Name_array><technique_common><accessor source="#mixamorig_Spine1-Interpolations-array" count="44"><param type="name"/></accessor></technique_common></source><sampler id="mixamorig_Spine1-Matrix-animation-transform"><input semantic="INPUT" source="#mixamorig_Spine1-Matrix-animation-input"/><input semantic="OUTPUT" source="#mixamorig_Spine1-Matrix-animation-output-transform"/><input semantic="INTERPOLATION" source="#mixamorig_Spine1-Interpolations"/></sampler><channel source="#mixamorig_Spine1-Matrix-animation-transform" target="mixamorig_Spine1/matrix"/></animation>
    <animation id="mixamorig_Spine2-anim" name="mixamorig_Spine2"><source id="mixamorig_Spine2-Matrix-animation-input"><float_array id="mixamorig_Spine2-Matrix-animation-input-array" count="44">

0.000000 0.033333 0.066667 0.100000 0.133333 0.166667 0.200000 0.233333 0.266667 0.300000 0.333333 0.366667 0.400000 0.433333 0.466667 0.500000
0.533333 0.566667 0.600000 0.633333 0.666667 0.700000 0.733333 0.766667 0.800000 0.833333 0.866667 0.900000 0.933333 0.966667 1.000000 1.033333
1.066667 1.100000 1.133333 1.166667 1.200000 1.233333 1.266667 1.300000 1.333333 1.366667 1.400000 1.433333</float_array><technique_common><accessor source="#mixamorig_Spine2-Matrix-animation-input-array" count="44"><param name="TIME" type="float"/></accessor></technique_common></source><source id="mixamorig_Spine2-Matrix-animation-output-transform"><float_array id="mixamorig_Spine2-Matrix-animation-output-transform-array" count="704">

0.998464 0.045230 -0.031985 -0.050500 -0.048943 0.990713 -0.126856 12.654000 0.025950 0.128226 0.991405 -1.856100 0.000000 0.000000 0.000000 1.000000
0.998671 0.043443 -0.027712 -0.050500 -0.046615 0.990862 -0.126565 12.654000 0.021960 0.127688 0.991571 -1.856100 0.000000 0.000000 0.000000 1.000000
0.998871 0.041370 -0.023366 -0.050500 -0.044006 0.990969 -0.126667 12.654000 0.017915 0.127552 0.991670 -1.856100 0.000000 0.000000 0.000000 1.000000
0.999077 0.038726 -0.018598 -0.050500 -0.040788 0.990977 -0.127677 12.654000 0.013486 0.128318 0.991641 -1.856100 0.000000 0.000000 0.000000 1.000000
0.999279 0.035227 -0.014142 -0.050500 -0.036766 0.990874 -0.129678 12.654000 0.009445 0.130104 0.991455 -1.856100 0.000000 0.000000 0.000000 1.000000
0.999487 0.030114 -0.010876 -0.050500 -0.031297 0.990562 -0.133447 12.654000 0.006755 0.133719 0.990996 -1.856100 0.000000 0.000000 0.000000 1.000000
0.999673 0.023993 -0.008850 -0.050500 -0.024982 0.990195 -0.137443 12.654000 0.005465 0.137619 0.990470 -1.856100 0.000000 0.000000 0.000000 1.000000
0.999795 0.017198 -0.010724 -0.050500 -0.018542 0.989782 -0.141381 12.654000 0.008183 0.141551 0.989897 -1.856100 0.000000 0.000000 0.000000 1.000000
0.999854 0.009724 -0.014053 -0.050500 -0.011714 0.988726 -0.149277 12.654000 0.012443 0.149420 0.988696 -1.856100 0.000000 0.000000 0.000000 1.000000
0.999730 0.008040 -0.021796 -0.050500 -0.011388 0.987356 -0.158108 12.654000 0.020249 0.158313 0.987181 -1.856100 0.000000 0.000000 0.000000 1.000000
0.999281 0.013726 -0.035342 -0.050500 -0.019449 0.985754 -0.167062 12.654000 0.032545 0.167630 0.985313 -1.856100 0.000000 0.000000 0.000000 1.000000
0.998387 0.023836 -0.051524 -0.050500 -0.032524 0.984034 -0.174982 12.654000 0.046531 0.176376 0.983223 -1.856100 0.000000 0.000000 0.000000 1.000000
0.997206 0.033200 -0.066914 -0.050500 -0.044774 0.982705 -0.179683 12.654000 0.059791 0.182177 0.981446 -1.856100 0.000000 0.000000 0.000000 1.000000
0.996078 0.038457 -0.079682 -0.050500 -0.052349 0.982208 -0.180355 12.654000 0.071328 0.183819 0.980369 -1.856100 0.000000 0.000000 0.000000 1.000000
0.995219 0.041225 -0.088541 -0.050500 -0.056500 0.982475 -0.177626 12.654000 0.079666 0.181779 0.980107 -1.856100 0.000000 0.000000 0.000000 1.000000
0.994899 0.042957 -0.091271 -0.050500 -0.058241 0.983367 -0.172038 12.654000 0.082363 0.176476 0.980853 -1.856100 0.000000 0.000000 0.000000 1.000000
0.995066 0.044124 -0.088861 -0.050500 -0.058370 0.984611 -0.164723 12.654000 0.080225 0.169097 0.982329 -1.856100 0.000000 0.000000 0.000000 1.000000
0.995531 0.044881 -0.083092 -0.050500 -0.057523 0.985981 -0.156630 12.654000 0.074897 0.160710 0.984156 -1.856100 0.000000 0.000000 0.000000 1.000000
0.996240 0.045168 -0.073926 -0.050500 -0.055748 0.987420 -0.147966 12.654000 0.066312 0.151531 0.986226 -1.856100 0.000000 0.000000 0.000000 1.000000
0.996891 0.045275 -0.064494 -0.050500 -0.053923 0.988772 -0.139366 12.654000 0.057460 0.142410 0.988139 -1.856100 0.000000 0.000000 0.000000 1.000000
0.997394 0.045275 -0.056168 -0.050500 -0.052330 0.989967 -0.131251 12.654000 0.049662 0.133848 0.989757 -1.856100 0.000000 0.000000 0.000000 1.000000
0.997766 0.045466 -0.048956 -0.050500 -0.051237 0.990967 -0.123932 12.654000 0.042879 0.126164 0.991082 -1.856100 0.000000 0.000000 0.000000 1.000000
0.998009 0.046405 -0.042712 -0.050500 -0.051171 0.991665 -0.118248 12.654000 0.036869 0.120198 0.992065 -1.856100 0.000000 0.000000 0.000000 1.000000
0.998101 0.049070 -0.037236 -0.050500 -0.053090 0.991825 -0.116034 12.654000 0.031238 0.117791 0.992547 -1.856100 0.000000 0.000000 0.000000 1.000000
0.998105 0.052485 -0.032125 -0.050500 -0.055869 0.991727 -0.115568 12.654000 0.025794 0.117143 0.992780 -1.856100 0.000000 0.000000 0.000000 1.000000
0.998085 0.055475 -0.027352 -0.050500 -0.058271 0.991645 -0.115090 12.654000 0.020738 0.116463 0.992978 -1.856100 0.000000 0.000000 0.000000 1.000000
0.998046 0.058062 -0.023076 -0.050500 -0.060333 0.991595 -0.114452 12.654000 0.016237 0.115621 0.993161 -1.856100 0.000000 0.000000 0.000000 1.000000
0.997979 0.060427 -0.019635 -0.050500 -0.062277 0.991544 -0.113854 12.654000 0.012589 0.114847 0.993303 -1.856100 0.000000 0.000000 0.000000 1.000000
0.997882 0.062475 -0.018116 -0.050500 -0.064133 0.991475 -0.113423 12.654000 0.010875 0.114344 0.993382 -1.856100 0.000000 0.000000 0.000000 1.000000
0.997745 0.064354 -0.019085 -0.050500 -0.066115 0.991303 -0.113782 12.654000 0.011597 0.114787 0.993322 -1.856100 0.000000 0.000000 0.000000 1.000000
0.997604 0.065899 -0.021082 -0.050500 -0.067900 0.991005 -0.115319 12.654000 0.013293 0.116474 0.993105 -1.856100 0.000000 0.000000 0.000000 1.000000
0.997477 0.067144 -0.023031 -0.050500 -0.069401 0.990615 -0.117754 12.654000 0.014908 0.119055 0.992776 -1.856100 0.000000 0.000000 0.000000 1.000000
0.997466 0.066993 -0.023956 -0.050500 -0.069409 0.990252 -0.120765 12.654000 0.015632 0.122121 0.992392 -1.856100 0.000000 0.000000 0.000000 1.000000
0.997639 0.064494 -0.023583 -0.050500 -0.066937 0.989986 -0.124290 12.654000 0.015331 0.125575 0.991966 -1.856100 0.000000 0.000000 0.000000 1.000000
0.997885 0.060654 -0.023379 -0.050500 -0.063124 0.990056 -0.125716 12.654000 0.015521 0.126926 0.991791 -1.856100 0.000000 0.000000 0.000000 1.000000
0.998009 0.057640 -0.025613 -0.050500 -0.060395 0.990380 -0.124499 12.654000 0.018190 0.125798 0.991889 -1.856100 0.000000 0.000000 0.000000 1.000000
0.997987 0.056438 -0.028932 -0.050500 -0.059610 0.990485 -0.124037 12.654000 0.021656 0.125512 0.991856 -1.856100 0.000000 0.000000 0.000000 1.000000
0.997982 0.055250 -0.031297 -0.050500 -0.058755 0.990394 -0.125172 12.654000 0.024081 0.126758 0.991641 -1.856100 0.000000 0.000000 0.000000 1.000000
0.998029 0.053541 -0.032728 -0.050500 -0.057269 0.990344 -0.126252 12.654000 0.025653 0.127878 0.991458 -1.856100 0.000000 0.000000 0.000000 1.000000
0.998096 0.051941 -0.033258 -0.050500 -0.055758 0.990386 -0.126598 12.654000 0.026363 0.128212 0.991396 -1.856100 0.000000 0.000000 0.000000 1.000000
0.998178 0.050330 -0.033286 -0.050500 -0.054164 0.990471 -0.126624 12.654000 0.026595 0.128196 0.991392 -1.856100 0.000000 0.000000 0.000000 1.000000
0.998268 0.048602 -0.033153 -0.050500 -0.052433 0.990559 -0.126663 12.654000 0.026684 0.128181 0.991392 -1.856100 0.000000 0.000000 0.000000 1.000000
0.998391 0.046458 -0.032500 -0.050500 -0.050224 0.990664 -0.126737 12.654000 0.026309 0.128166 0.991404 -1.856100 0.000000 0.000000 0.000000 1.000000
0.998464 0.045232 -0.031983 -0.050500 -0.048942 0.990722 -0.126787 12.654000 0.025952 0.128158 0.991414 -1.856100 0.000000 0.000000 0.000000 1.000000</float_array><technique_common><accessor source="#mixamorig_Spine2-Matrix-animation-output-transform-array" count="44" stride="16"><param type="float4x4"/></accessor></technique_common></source><source id="mixamorig_Spine2-Interpolations"><Name_array id="mixamorig_Spine2-Interpolations-array" count="44">
 LINEAR LINEAR LINEAR LINEAR LINEAR LINEAR LINEAR LINEAR LINEAR LINEAR LINEAR
LINEAR LINEAR LINEAR LINEAR LINEAR LINEAR LINEAR LINEAR LINEAR LINEAR LINEAR LINEAR
LINEAR LINEAR LINEAR LINEAR LINEAR LINEAR LINEAR LINEAR LINEAR LINEAR LINEAR LINEAR
LINEAR LINEAR LINEAR LINEAR LINEAR LINEAR LINEAR LINEAR LINEAR</Name_array><technique_common><accessor source="#mixamorig_Spine2-Interpolations-array" count="44"><param type="name"/></accessor></technique_common></source><sampler id="mixamorig_Spine2-Matrix-animation-transform"><input semantic="INPUT" source="#mixamorig_Spine2-Matrix-animation-input"/><input semantic="OUTPUT" source="#mixamorig_Spine2-Matrix-animation-output-transform"/><input semantic="INTERPOLATION" source="#mixamorig_Spine2-Interpolations"/></sampler><channel source="#mixamorig_Spine2-Matrix-animation-transform" target="mixamorig_Spine2/matrix"/></animation>
    <animation id="mixamorig_Neck-anim" name="mixamorig_Neck"><source id="mixamorig_Neck-Matrix-animation-input"><float_array id="mixamorig_Neck-Matrix-animation-input-array" count="44">

0.000000 0.033333 0.066667 0.100000 0.133333 0.166667 0.200000 0.233333 0.266667 0.300000 0.333333 0.366667 0.400000 0.433333 0.466667 0.500000
0.533333 0.566667 0.600000 0.633333 0.666667 0.700000 0.733333 0.766667 0.800000 0.833333 0.866667 0.900000 0.933333 0.966667 1.000000 1.033333
1.066667 1.100000 1.133333 1.166667 1.200000 1.233333 1.266667 1.300000 1.333333 1.366667 1.400000 1.433333</float_array><technique_common><accessor source="#mixamorig_Neck-Matrix-animation-input-array" count="44"><param name="TIME" type="float"/></accessor></technique_common></source><source id="mixamorig_Neck-Matrix-animation-output-transform"><float_array id="mixamorig_Neck-Matrix-animation-output-transform-array" count="704">

0.862632 0.231259 0.449873 -0.056900 -0.177665 0.971228 -0.158591 14.235800 -0.473605 0.056878 0.878899 -2.088100 0.000000 0.000000 0.000000 1.000000
0.875668 0.214635 0.432593 -0.056900 -0.167888 0.975229 -0.144023 14.235800 -0.452789 0.053489 0.890012 -2.088100 0.000000 0.000000 0.000000 1.000000
0.892649 0.192477 0.407590 -0.056900 -0.152937 0.979935 -0.127816 14.235800 -0.424014 0.051760 0.904176 -2.088100 0.000000 0.000000 0.000000 1.000000
0.918836 0.157371 0.361904 -0.056900 -0.127501 0.986249 -0.105150 14.235800 -0.373475 0.050472 0.926266 -2.088100 0.000000 0.000000 0.000000 1.000000
0.946851 0.110830 0.301976 -0.056900 -0.089335 0.992442 -0.084129 14.235800 -0.309017 0.052680 0.949596 -2.088100 0.000000 0.000000 0.000000 1.000000
0.972554 0.046302 0.228023 -0.056900 -0.030430 0.996894 -0.072639 14.235800 -0.230679 0.063707 0.970942 -2.088100 0.000000 0.000000 0.000000 1.000000
0.988126 -0.012608 0.153127 -0.056900 0.023870 0.997124 -0.071929 14.235800 -0.151779 0.074730 0.985585 -2.088100 0.000000 0.000000 0.000000 1.000000
0.993640 -0.053292 0.099194 -0.056900 0.061382 0.994872 -0.080380 14.235800 -0.094402 0.085958 0.991816 -2.088100 0.000000 0.000000 0.000000 1.000000
0.996104 -0.057624 0.066758 -0.056900 0.062910 0.994809 -0.079985 14.235800 -0.061803 0.083873 0.994558 -2.088100 0.000000 0.000000 0.000000 1.000000
0.997785 -0.041625 0.051895 -0.056900 0.045906 0.995388 -0.084232 14.235800 -0.048149 0.086427 0.995094 -2.088100 0.000000 0.000000 0.000000 1.000000
0.998650 -0.013718 0.050104 -0.056900 0.018682 0.994812 -0.099999 14.235800 -0.048472 0.100800 0.993725 -2.088100 0.000000 0.000000 0.000000 1.000000
0.998384 0.020190 0.053111 -0.056900 -0.013692 0.992681 -0.119989 14.235800 -0.055145 0.119068 0.991353 -2.088100 0.000000 0.000000 0.000000 1.000000
0.996607 0.054696 0.061503 -0.056900 -0.045570 0.988949 -0.141076 14.235800 -0.068540 0.137795 0.988086 -2.088100 0.000000 0.000000 0.000000 1.000000
0.993337 0.086173 0.076518 -0.056900 -0.073173 0.984578 -0.158909 14.235800 -0.089031 0.152251 0.984324 -2.088100 0.000000 0.000000 0.000000 1.000000
0.988542 0.114755 0.098065 -0.056900 -0.097055 0.980769 -0.169329 14.235800 -0.115611 0.157871 0.980669 -2.088100 0.000000 0.000000 0.000000 1.000000
0.981855 0.141079 0.126721 -0.056900 -0.118559 0.978211 -0.170434 14.235800 -0.148004 0.152317 0.977187 -2.088100 0.000000 0.000000 0.000000 1.000000
0.973010 0.165943 0.160356 -0.056900 -0.139277 0.976364 -0.165276 14.235800 -0.183992 0.138481 0.973124 -2.088100 0.000000 0.000000 0.000000 1.000000
0.961964 0.189638 0.196630 -0.056900 -0.160020 0.974543 -0.157032 14.235800 -0.221404 0.119594 0.967821 -2.088100 0.000000 0.000000 0.000000 1.000000
0.948606 0.211713 0.235210 -0.056900 -0.180872 0.972611 -0.145990 14.235800 -0.259675 0.095945 0.960918 -2.088100 0.000000 0.000000 0.000000 1.000000
0.933510 0.231515 0.273788 -0.056900 -0.201034 0.970239 -0.134987 14.235800 -0.296892 0.070971 0.952270 -2.088100 0.000000 0.000000 0.000000 1.000000
0.917486 0.246864 0.311893 -0.056900 -0.218537 0.968006 -0.123316 14.235800 -0.332357 0.044980 0.942081 -2.088100 0.000000 0.000000 0.000000 1.000000
0.901353 0.257805 0.347994 -0.056900 -0.233207 0.966001 -0.111607 14.235800 -0.364936 0.019442 0.930830 -2.088100 0.000000 0.000000 0.000000 1.000000
0.887230 0.262845 0.379126 -0.056900 -0.242896 0.964834 -0.100485 14.235800 -0.392205 -0.002935 0.919873 -2.088100 0.000000 0.000000 0.000000 1.000000
0.880362 0.256644 0.398868 -0.056900 -0.240562 0.966374 -0.090838 14.235800 -0.408769 -0.015983 0.912498 -2.088100 0.000000 0.000000 0.000000 1.000000
0.877932 0.243543 0.412215 -0.056900 -0.230874 0.969595 -0.081139 14.235800 -0.419443 -0.023936 0.907466 -2.088100 0.000000 0.000000 0.000000 1.000000
