<?xml version="1.0" encoding="utf-8"?>
<COLLADA xmlns="http://www.collada.org/2005/11/COLLADASchema" version="1.4.1">
  <asset><contributor><author>Mixamo</author><authoring_tool>COLLADA Mixamo exporter</authoring_tool><comments></comments></contributor><created>2018-10-29T15:19:19Z</created><modified>2018-10-29T15:19:19Z</modified><revision></revision><title></title><unit meter="0.010000"/><up_axis>Y_UP</up_axis></asset>
  <library_animations>
    <animation id="mixamorig_Hips-anim" name="mixamorig_Hips"><source id="mixamorig_Hips-Matrix-animation-input"><float_array id="mixamorig_Hips-Matrix-animation-input-array" count="51">

0.000000 0.033333 0.066667 0.100000 0.133333 0.166667 0.200000 0.233333 0.266667 0.300000 0.333333 0.366667 0.400000 0.433333 0.466667 0.500000
0.533333 0.566667 0.600000 0.633333 0.666667 0.700000 0.733333 0.766667 0.800000 0.833333 0.866667 0.900000 0.933333 0.966667 1.000000 1.033333
1.066667 1.100000 1.133333 1.166667 1.200000 1.233333 1.266667 1.300000 1.333333 1.366667 1.400000 1.433333 1.466667 1.500000 1.533333 1.566667
1.600000 1.633333 1.666667</float_array><technique_common><accessor source="#mixamorig_Hips-Matrix-animation-input-array" count="51"><param name="TIME" type="float"/></accessor></technique_common></source><source id="mixamorig_Hips-Matrix-animation-output-transform"><float_array id="mixamorig_Hips-Matrix-animation-output-transform-array" count="816">

0.645904 0.061549 -0.760933 -1.327556 -0.093486 0.995620 0.001179 61.039906 0.757673 0.070375 0.648829 0.532758 0.000000 0.000000 0.000000 1.000000
0.644900 0.062701 -0.761691 -1.349128 -0.094161 0.995555 0.002229 61.002522 0.758444 0.070284 0.647937 0.507110 0.000000 0.000000 0.000000 1.000000
0.643808 0.063769 -0.762525 -1.378819 -0.094955 0.995477 0.003079 60.968788 0.759272 0.070424 0.646951 0.478116 0.000000 0.000000 0.000000 1.000000
0.642875 0.064379 -0.763261 -1.418231 -0.095954 0.995381 0.003138 60.941746 0.759937 0.071220 0.646083 0.449507 0.000000 0.000000 0.000000 1.000000
0.642310 0.064392 -0.763736 -1.466175 -0.097050 0.995277 0.002294 60.926369 0.760276 0.072647 0.645525 0.423339 0.000000 0.000000 0.000000 1.000000
0.642185 0.063970 -0.763875 -1.519238 -0.097958 0.995190 0.000989 60.929955 0.760264 0.074193 0.645363 0.399271 0.000000 0.000000 0.000000 1.000000
0.642252 0.063417 -0.763865 -1.570894 -0.098378 0.995149 -0.000097 60.963448 0.760154 0.075210 0.645376 0.378963 0.000000 0.000000 0.000000 1.000000
0.642275 0.062530 -0.763920 -1.621657 -0.098627 0.995123 -0.001467 61.023224 0.760103 0.076285 0.645310 0.366388 0.000000 0.000000 0.000000 1.000000
0.642177 0.061385 -0.764094 -1.671624 -0.098797 0.995103 -0.003090 61.106041 0.760163 0.077474 0.645097 0.362686 0.000000 0.000000 0.000000 1.000000
0.641845 0.060132 -0.764473 -1.718097 -0.098875 0.995089 -0.004742 61.209846 0.760433 0.078630 0.644638 0.369699 0.000000 0.000000 0.000000 1.000000
0.641189 0.058976 -0.765113 -1.755803 -0.098776 0.995091 -0.006074 61.333942 0.760999 0.079469 0.643867 0.389416 0.000000 0.000000 0.000000 1.000000
0.640153 0.058190 -0.766041 -1.781610 -0.098413 0.995123 -0.006648 61.475693 0.761918 0.079644 0.642758 0.419245 0.000000 0.000000 0.000000 1.000000
0.638787 0.057828 -0.767208 -1.794040 -0.097841 0.995181 -0.006452 61.630814 0.763137 0.079186 0.641367 0.456933 0.000000 0.000000 0.000000 1.000000
0.637186 0.057808 -0.768539 -1.794342 -0.097197 0.995249 -0.005724 61.795292 0.764557 0.078347 0.639777 0.499170 0.000000 0.000000 0.000000 1.000000
0.635455 0.058008 -0.769956 -1.784700 -0.096598 0.995312 -0.004738 61.965622 0.766072 0.077386 0.638080 0.542697 0.000000 0.000000 0.000000 1.000000
0.633703 0.058297 -0.771376 -1.767920 -0.096106 0.995364 -0.003728 62.138878 0.767583 0.076497 0.636368 0.584100 0.000000 0.000000 0.000000 1.000000
0.632058 0.058621 -0.772701 -1.746847 -0.095688 0.995408 -0.002755 62.311459 0.768991 0.075680 0.634765 0.618078 0.000000 0.000000 0.000000 1.000000
0.630651 0.058980 -0.773822 -1.723564 -0.095413 0.995436 -0.001890 62.478378 0.770179 0.075025 0.633400 0.640214 0.000000 0.000000 0.000000 1.000000
0.629544 0.059264 -0.774701 -1.700826 -0.095396 0.995438 -0.001372 62.636383 0.771086 0.074767 0.632326 0.649082 0.000000 0.000000 0.000000 1.000000
0.628759 0.059352 -0.775332 -1.681308 -0.095740 0.995405 -0.001443 62.782032 0.771684 0.075137 0.631553 0.648098 0.000000 0.000000 0.000000 1.000000
0.628290 0.059151 -0.775727 -1.667502 -0.096499 0.995331 -0.002261 62.911488 0.771971 0.076278 0.631064 0.645041 0.000000 0.000000 0.000000 1.000000
0.628137 0.058761 -0.775881 -1.662127 -0.097566 0.995222 -0.003615 63.020996 0.771962 0.077970 0.630869 0.649238 0.000000 0.000000 0.000000 1.000000
0.628319 0.058410 -0.775760 -1.667204 -0.098711 0.995103 -0.005024 63.108383 0.771668 0.079733 0.631008 0.662836 0.000000 0.000000 0.000000 1.000000
0.628824 0.058261 -0.775362 -1.683034 -0.099741 0.994995 -0.006127 63.169891 0.771124 0.081188 0.631488 0.681796 0.000000 0.000000 0.000000 1.000000
0.629610 0.058481 -0.774708 -1.707398 -0.100476 0.994918 -0.006554 63.200306 0.770387 0.081966 0.632286 0.700199 0.000000 0.000000 0.000000 1.000000
0.630592 0.059229 -0.773852 -1.735604 -0.100747 0.994894 -0.005950 63.193230 0.769548 0.081715 0.633339 0.711434 0.000000 0.000000 0.000000 1.000000
0.631611 0.060569 -0.772916 -1.759763 -0.100378 0.994941 -0.004059 63.143448 0.768760 0.080148 0.634496 0.709285 0.000000 0.000000 0.000000 1.000000
0.632512 0.062213 -0.772048 -1.774778 -0.099412 0.995046 -0.001262 63.049515 0.768144 0.077549 0.635563 0.689386 0.000000 0.000000 0.000000 1.000000
0.633280 0.063682 -0.771298 -1.778883 -0.098144 0.995171 0.001584 62.917248 0.767675 0.074695 0.636472 0.653596 0.000000 0.000000 0.000000 1.000000
0.634005 0.064595 -0.770627 -1.772038 -0.096842 0.995293 0.003753 62.755146 0.767242 0.072249 0.637276 0.605976 0.000000 0.000000 0.000000 1.000000
0.634853 0.064771 -0.769913 -1.755363 -0.095658 0.995402 0.004863 62.573406 0.766688 0.070562 0.638130 0.551613 0.000000 0.000000 0.000000 1.000000
0.636009 0.064440 -0.768987 -1.729778 -0.094470 0.995514 0.005289 62.384003 0.765878 0.069282 0.639243 0.494887 0.000000 0.000000 0.000000 1.000000
0.637514 0.064025 -0.767774 -1.695384 -0.093155 0.995635 0.005676 62.200340 0.764786 0.067903 0.640696 0.441374 0.000000 0.000000 0.000000 1.000000
0.639361 0.063738 -0.766261 -1.651844 -0.091705 0.995766 0.006310 62.027676 0.763419 0.066235 0.642499 0.394511 0.000000 0.000000 0.000000 1.000000
0.641439 0.063653 -0.764529 -1.600151 -0.090232 0.995895 0.007212 61.872299 0.761849 0.064359 0.644549 0.358835 0.000000 0.000000 0.000000 1.000000
0.643533 0.063728 -0.762761 -1.543078 -0.088973 0.996001 0.008150 61.742996 0.760230 0.062620 0.646629 0.340712 0.000000 0.000000 0.000000 1.000000
0.645246 0.063846 -0.761303 -1.486442 -0.088393 0.996048 0.008614 61.657780 0.758844 0.061736 0.648340 0.352163 0.000000 0.000000 0.000000 1.000000
0.646529 0.064241 -0.760180 -1.429650 -0.088290 0.996053 0.009083 61.585552 0.757763 0.061244 0.649650 0.377749 0.000000 0.000000 0.000000 1.000000
0.647304 0.064921 -0.759462 -1.374762 -0.088595 0.996021 0.009632 61.520931 0.757066 0.061050 0.650480 0.411787 0.000000 0.000000 0.000000 1.000000
0.647588 0.065659 -0.759156 -1.324895 -0.089171 0.995965 0.010074 61.462410 0.756755 0.061171 0.650830 0.450303 0.000000 0.000000 0.000000 1.000000
0.647526 0.066069 -0.759174 -1.283726 -0.089819 0.995907 0.010061 61.409348 0.756731 0.061674 0.650810 0.489891 0.000000 0.000000 0.000000 1.000000
0.647376 0.066019 -0.759306 -1.254108 -0.090371 0.995862 0.009537 61.361149 0.756794 0.062445 0.650663 0.524925 0.000000 0.000000 0.000000 1.000000
0.647264 0.065691 -0.759430 -1.237069 -0.090885 0.995824 0.008678 61.317001 0.756829 0.063404 0.650531 0.550659 0.000000 0.000000 0.000000 1.000000
0.647335 0.065184 -0.759413 -1.231529 -0.091382 0.995787 0.007578 61.276634 0.756708 0.064491 0.650564 0.566234 0.000000 0.000000 0.000000 1.000000
0.647574 0.064566 -0.759262 -1.235100 -0.091859 0.995752 0.006329 61.239246 0.756445 0.065646 0.650754 0.573197 0.000000 0.000000 0.000000 1.000000
0.647853 0.063889 -0.759081 -1.244547 -0.092302 0.995718 0.005029 61.203579 0.756153 0.066806 0.650976 0.574867 0.000000 0.000000 0.000000 1.000000
0.648007 0.063207 -0.759007 -1.257563 -0.092684 0.995688 0.003787 61.170280 0.755974 0.067894 0.651071 0.572931 0.000000 0.000000 0.000000 1.000000
0.647908 0.062591 -0.759143 -1.272998 -0.093009 0.995662 0.002711 61.137772 0.756019 0.068851 0.650918 0.568145 0.000000 0.000000 0.000000 1.000000
0.647490 0.062083 -0.759541 -1.290428 -0.093255 0.995640 0.001883 61.105247 0.756346 0.069612 0.650457 0.559693 0.000000 0.000000 0.000000 1.000000
0.646784 0.061729 -0.760171 -1.308978 -0.093411 0.995627 0.001372 61.072472 0.756931 0.070121 0.649721 0.547552 0.000000 0.000000 0.000000 1.000000
0.645904 0.061549 -0.760933 -1.327556 -0.093486 0.995620 0.001179 61.039886 0.757673 0.070375 0.648829 0.532753 0.000000 0.000000 0.000000 1.000000</float_array><technique_common><accessor source="#mixamorig_Hips-Matrix-animation-output-transform-array" count="51" stride="16"><param type="float4x4"/></accessor></technique_common></source><source id="mixamorig_Hips-Interpolations"><Name_array id="mixamorig_Hips-Interpolations-array" count="51">
 LINEAR LINEAR LINEAR LINEAR LINEAR LINEAR LINEAR LINEAR LINEAR LINEAR LINEAR
LINEAR LINEAR LINEAR LINEAR LINEAR LINEAR LINEAR LINEAR LINEAR LINEAR LINEAR LINEAR
LINEAR LINEAR LINEAR LINEAR LINEAR LINEAR LINEAR LINEAR LINEAR LINEAR LINEAR LINEAR
LINEAR LINEAR LINEAR LINEAR LINEAR LINEAR LINEAR LINEAR LINEAR LINEAR LINEAR LINEAR
LINEAR LINEAR LINEAR LINEAR</Name_array><technique_common><accessor source="#mixamorig_Hips-Interpolations-array" count="51"><param type="name"/></accessor></technique_common></source><sampler id="mixamorig_Hips-Matrix-animation-transform"><input semantic="INPUT" source="#mixamorig_Hips-Matrix-animation-input"/><input semantic="OUTPUT" source="#mixamorig_Hips-Matrix-animation-output-transform"/><input semantic="INTERPOLATION" source="#mixamorig_Hips-Interpolations"/></sampler><channel source="#mixamorig_Hips-Matrix-animation-transform" target="mixamorig_Hips/matrix"/></animation>
    <animation id="mixamorig_Spine-anim" name="mixamorig_Spine"><source id="mixamorig_Spine-Matrix-animation-input"><float_array id="mixamorig_Spine-Matrix-animation-input-array" count="51">

0.000000 0.033333 0.066667 0.100000 0.133333 0.166667 0.200000 0.233333 0.266667 0.300000 0.333333 0.366667 0.400000 0.433333 0.466667 0.500000
0.533333 0.566667 0.600000 0.633333 0.666667 0.700000 0.733333 0.766667 0.800000 0.833333 0.866667 0.900000 0.933333 0.966667 1.000000 1.033333
1.066667 1.100000 1.133333 1.166667 1.200000 1.233333 1.266667 1.300000 1.333333 1.366667 1.400000 1.433333 1.466667 1.500000 1.533333 1.566667
1.600000 1.633333 1.666667</float_array><technique_common><accessor source="#mixamorig_Spine-Matrix-animation-input-array" count="51"><param name="TIME" type="float"/></accessor></technique_common></source><source id="mixamorig_Spine-Matrix-animation-output-transform"><float_array id="mixamorig_Spine-Matrix-animation-output-transform-array" count="816">

0.997673 0.052167 0.043900 -0.038100 -0.037259 0.956381 -0.289737 9.490500 -0.057100 0.287427 0.956099 -1.392100 0.000000 0.000000 0.000000 1.000000
0.997652 0.052313 0.044203 -0.038100 -0.037277 0.956209 -0.290302 9.490500 -0.057453 0.287972 0.955914 -1.392100 0.000000 0.000000 0.000000 1.000000
0.997640 0.052412 0.044345 -0.038100 -0.037300 0.956049 -0.290825 9.490500 -0.057639 0.288485 0.955748 -1.392100 0.000000 0.000000 0.000000 1.000000
0.997638 0.052454 0.044354 -0.038100 -0.037311 0.955914 -0.291266 9.490500 -0.057677 0.288923 0.955613 -1.392100 0.000000 0.000000 0.000000 1.000000
0.997637 0.052477 0.044335 -0.038100 -0.037318 0.955810 -0.291606 9.490500 -0.057678 0.289262 0.955511 -1.392100 0.000000 0.000000 0.000000 1.000000
0.997639 0.052494 0.044283 -0.038100 -0.037336 0.955744 -0.291822 9.490500 -0.057642 0.289480 0.955447 -1.392100 0.000000 0.000000 0.000000 1.000000
0.997646 0.052484 0.044139 -0.038100 -0.037368 0.955739 -0.291835 9.490500 -0.057502 0.289498 0.955450 -1.392100 0.000000 0.000000 0.000000 1.000000
0.997660 0.052448 0.043863 -0.038100 -0.037431 0.955826 -0.291539 9.490500 -0.057216 0.289215 0.955553 -1.392100 0.000000 0.000000 0.000000 1.000000
0.997681 0.052442 0.043391 -0.038100 -0.037598 0.956005 -0.290931 9.490500 -0.056739 0.288625 0.955760 -1.392100 0.000000 0.000000 0.000000 1.000000
0.997707 0.052420 0.042808 -0.038100 -0.037797 0.956259 -0.290069 9.490500 -0.056141 0.287786 0.956048 -1.392100 0.000000 0.000000 0.000000 1.000000
0.997732 0.052391 0.042262 -0.038100 -0.037985 0.956556 -0.289062 9.490500 -0.055570 0.286802 0.956377 -1.392100 0.000000 0.000000 0.000000 1.000000
0.997754 0.052354 0.041775 -0.038100 -0.038148 0.956860 -0.288033 9.490500 -0.055053 0.285793 0.956709 -1.392100 0.000000 0.000000 0.000000 1.000000
0.997768 0.052535 0.041218 -0.038100 -0.038542 0.957166 -0.286964 9.490500 -0.054528 0.284735 0.957054 -1.392100 0.000000 0.000000 0.000000 1.000000
0.997776 0.052822 0.040648 -0.038100 -0.039048 0.957502 -0.285770 9.490500 -0.054015 0.283547 0.957436 -1.392100 0.000000 0.000000 0.000000 1.000000
0.997776 0.053199 0.040156 -0.038100 -0.039627 0.957890 -0.284389 9.490500 -0.053594 0.282165 0.957868 -1.392100 0.000000 0.000000 0.000000 1.000000
0.997765 0.053674 0.039812 -0.038100 -0.040266 0.958320 -0.282845 9.490500 -0.053334 0.280610 0.958339 -1.392100 0.000000 0.000000 0.000000 1.000000
0.997744 0.054297 0.039484 -0.038100 -0.041045 0.958752 -0.281266 9.490500 -0.053127 0.279011 0.958817 -1.392100 0.000000 0.000000 0.000000 1.000000
0.997720 0.055096 0.038972 -0.038100 -0.042041 0.959166 -0.279703 9.490500 -0.052791 0.277427 0.959295 -1.392100 0.000000 0.000000 0.000000 1.000000
0.997694 0.056078 0.038233 -0.038100 -0.043279 0.959579 -0.278090 9.490500 -0.052283 0.275794 0.959794 -1.392100 0.000000 0.000000 0.000000 1.000000
0.997664 0.057190 0.037358 -0.038100 -0.044683 0.960009 -0.276380 9.490500 -0.051670 0.274065 0.960322 -1.392100 0.000000 0.000000 0.000000 1.000000
0.997631 0.058300 0.036524 -0.038100 -0.046076 0.960463 -0.274567 9.490500 -0.051087 0.272234 0.960874 -1.392100 0.000000 0.000000 0.000000 1.000000
0.997598 0.059223 0.035929 -0.038100 -0.047218 0.960903 -0.272828 9.490500 -0.050682 0.270476 0.961392 -1.392100 0.000000 0.000000 0.000000 1.000000
0.997572 0.059881 0.035556 -0.038100 -0.048034 0.961298 -0.271292 9.490500 -0.050426 0.268926 0.961840 -1.392100 0.000000 0.000000 0.000000 1.000000
0.997558 0.060264 0.035297 -0.038100 -0.048544 0.961653 -0.269939 9.490500 -0.050211 0.267566 0.962230 -1.392100 0.000000 0.000000 0.000000 1.000000
0.997562 0.060340 0.035058 -0.038100 -0.048740 0.961965 -0.268788 9.490500 -0.049943 0.266424 0.962561 -1.392100 0.000000 0.000000 0.000000 1.000000
0.997578 0.060236 0.034779 -0.038100 -0.048757 0.962189 -0.267982 9.490500 -0.049606 0.265638 0.962796 -1.392100 0.000000 0.000000 0.000000 1.000000
0.997593 0.060140 0.034502 -0.038100 -0.048736 0.962181 -0.268017 9.490500 -0.049316 0.265690 0.962796 -1.392100 0.000000 0.000000 0.000000 1.000000
0.997600 0.060098 0.034400 -0.038100 -0.048662 0.961859 -0.269183 9.490500 -0.049265 0.266863 0.962474 -1.392100 0.000000 0.000000 0.000000 1.000000
0.997603 0.059981 0.034515 -0.038100 -0.048419 0.961327 -0.271121 9.490500 -0.049443 0.268800 0.961926 -1.392100 0.000000 0.000000 0.000000 1.000000
0.997610 0.059694 0.034790 -0.038100 -0.047957 0.960735 -0.273293 9.490500 -0.049738 0.270971 0.961302 -1.392100 0.000000 0.000000 0.000000 1.000000
0.997629 0.059202 0.035094 -0.038100 -0.047305 0.960238 -0.275146 9.490500 -0.049987 0.272833 0.960762 -1.392100 0.000000 0.000000 0.000000 1.000000
0.997654 0.058629 0.035354 -0.038100 -0.046608 0.959868 -0.276551 9.490500 -0.050149 0.274255 0.960349 -1.392100 0.000000 0.000000 0.000000 1.000000
0.997680 0.058048 0.035577 -0.038100 -0.045925 0.959553 -0.277758 9.490500 -0.050262 0.275479 0.959992 -1.392100 0.000000 0.000000 0.000000 1.000000
0.997708 0.057441 0.035771 -0.038100 -0.045229 0.959261 -0.278879 9.490500 -0.050332 0.276622 0.959660 -1.392100 0.000000 0.000000 0.000000 1.000000
0.997738 0.056792 0.035961 -0.038100 -0.044498 0.958990 -0.279926 9.490500 -0.050384 0.277693 0.959348 -1.392100 0.000000 0.000000 0.000000 1.000000
0.997766 0.056119 0.036233 -0.038100 -0.043725 0.958753 -0.280857 9.490500 -0.050500 0.278646 0.959065 -1.392100 0.000000 0.000000 0.000000 1.000000
0.997786 0.055480 0.036682 -0.038100 -0.042945 0.958560 -0.281636 9.490500 -0.050787 0.279437 0.958820 -1.392100 0.000000 0.000000 0.000000 1.000000
0.997792 0.054940 0.037327 -0.038100 -0.042210 0.958398 -0.282297 9.490500 -0.051283 0.280098 0.958601 -1.392100 0.000000 0.000000 0.000000 1.000000
0.997789 0.054499 0.038041 -0.038100 -0.041556 0.958262 -0.282856 9.490500 -0.051868 0.280649 0.958408 -1.392100 0.000000 0.000000 0.000000 1.000000
0.997783 0.054148 0.038693 -0.038100 -0.041008 0.958137 -0.283358 9.490500 -0.052417 0.281143 0.958233 -1.392100 0.000000 0.000000 0.000000 1.000000
0.997779 0.053868 0.039172 -0.038100 -0.040576 0.958004 -0.283871 9.490500 -0.052819 0.281651 0.958062 -1.392100 0.000000 0.000000 0.000000 1.000000
0.997777 0.053643 0.039546 -0.038100 -0.040224 0.957851 -0.284435 9.490500 -0.053137 0.282212 0.957879 -1.392100 0.000000 0.000000 0.000000 1.000000
0.997773 0.053447 0.039908 -0.038100 -0.039899 0.957689 -0.285026 9.490500 -0.053453 0.282799 0.957689 -1.392100 0.000000 0.000000 0.000000 1.000000
0.997766 0.053267 0.040309 -0.038100 -0.039579 0.957522 -0.285631 9.490500 -0.053812 0.283398 0.957491 -1.392100 0.000000 0.000000 0.000000 1.000000
0.997757 0.053099 0.040770 -0.038100 -0.039252 0.957352 -0.286246 9.490500 -0.054231 0.284003 0.957288 -1.392100 0.000000 0.000000 0.000000 1.000000
0.997744 0.052935 0.041288 -0.038100 -0.038912 0.957181 -0.286863 9.490500 -0.054705 0.284609 0.957082 -1.392100 0.000000 0.000000 0.000000 1.000000
0.997730 0.052790 0.041822 -0.038100 -0.038585 0.957010 -0.287476 9.490500 -0.055200 0.285209 0.956874 -1.392100 0.000000 0.000000 0.000000 1.000000
0.997715 0.052629 0.042359 -0.038100 -0.038243 0.956844 -0.288074 9.490500 -0.055692 0.285796 0.956671 -1.392100 0.000000 0.000000 0.000000 1.000000
0.997694 0.052634 0.042864 -0.038100 -0.038068 0.956674 -0.288661 9.490500 -0.056200 0.286364 0.956471 -1.392100 0.000000 0.000000 0.000000 1.000000
0.997676 0.052574 0.043337 -0.038100 -0.037842 0.956514 -0.289220 9.490500 -0.056658 0.286908 0.956281 -1.392100 0.000000 0.000000 0.000000 1.000000
0.997673 0.052167 0.043899 -0.038100 -0.037259 0.956381 -0.289737 9.490500 -0.057099 0.287427 0.956099 -1.392100 0.000000 0.000000 0.000000 1.000000</float_array><technique_common><accessor source="#mixamorig_Spine-Matrix-animation-output-transform-array" count="51" stride="16"><param type="float4x4"/></accessor></technique_common></source><source id="mixamorig_Spine-Interpolations"><Name_array id="mixamorig_Spine-Interpolations-array" count="51">
 LINEAR LINEAR LINEAR LINEAR LINEAR LINEAR LINEAR LINEAR LINEAR LINEAR LINEAR
LINEAR LINEAR LINEAR LINEAR LINEAR LINEAR LINEAR LINEAR LINEAR LINEAR LINEAR LINEAR
LINEAR LINEAR LINEAR LINEAR LINEAR LINEAR LINEAR LINEAR LINEAR LINEAR LINEAR LINEAR
LINEAR LINEAR LINEAR LINEAR LINEAR LINEAR LINEAR LINEAR LINEAR LINEAR LINEAR LINEAR
LINEAR LINEAR LINEAR LINEAR</Name_array><technique_common><accessor source="#mixamorig_Spine-Interpolations-array" count="51"><param type="name"/></accessor></technique_common></source><sampler id="mixamorig_Spine-Matrix-animation-transform"><input semantic="INPUT" source="#mixamorig_Spine-Matrix-animation-input"/><input semantic="OUTPUT" source="#mixamorig_Spine-Matrix-animation-output-transform"/><input semantic="INTERPOLATION" source="#mixamorig_Spine-Interpolations"/></sampler><channel source="#mixamorig_Spine-Matrix-animation-transform" target="mixamorig_Spine/matrix"/></animation>
    <animation id="mixamorig_Spine1-anim" name="mixamorig_Spine1"><source id="mixamorig_Spine1-Matrix-animation-input"><float_array id="mixamorig_Spine1-Matrix-animation-input-array" count="51">

0.000000 0.033333 0.066667 0.100000 0.133333 0.166667 0.200000 0.233333 0.266667 0.300000 0.333333 0.366667 0.400000 0.433333 0.466667 0.500000
0.533333 0.566667 0.600000 0.633333 0.666667 0.700000 0.733333 0.766667 0.800000 0.833333 0.866667 0.900000 0.933333 0.966667 1.000000 1.033333
1.066667 1.100000 1.133333 1.166667 1.200000 1.233333 1.266667 1.300000 1.333333 1.366667 1.400000 1.433333 1.466667 1.500000 1.533333 1.566667
1.600000 1.633333 1.666667</float_array><technique_common><accessor source="#mixamorig_Spine1-Matrix-animation-input-array" count="51"><param name="TIME" type="float"/></accessor></technique_common></source><source id="mixamorig_Spine1-Matrix-animation-output-transform"><float_array id="mixamorig_Spine1-Matrix-animation-output-transform-array" count="816">

0.992458 0.095955 0.076291 -0.044200 -0.068351 0.949768 -0.305399 11.072300 -0.101764 0.297881 0.949163 -1.624100 0.000000 0.000000 0.000000 1.000000
0.992416 0.095754 0.077080 -0.044200 -0.067815 0.949488 -0.306389 11.072300 -0.102524 0.298838 0.948781 -1.624100 0.000000 0.000000 0.000000 1.000000
0.992376 0.095673 0.077693 -0.044200 -0.067447 0.949199 -0.307364 11.072300 -0.103152 0.299780 0.948415 -1.624100 0.000000 0.000000 0.000000 1.000000
0.992347 0.095697 0.078037 -0.044200 -0.067269 0.948925 -0.308246 11.072300 -0.103550 0.300637 0.948101 -1.624100 0.000000 0.000000 0.000000 1.000000
0.992336 0.095769 0.078086 -0.044200 -0.067246 0.948695 -0.308959 11.072300 -0.103668 0.301340 0.947865 -1.624100 0.000000 0.000000 0.000000 1.000000
0.992334 0.095971 0.077860 -0.044200 -0.067455 0.948524 -0.309438 11.072300 -0.103549 0.301814 0.947727 -1.624100 0.000000 0.000000 0.000000 1.000000
0.992360 0.096072 0.077411 -0.044200 -0.067682 0.948489 -0.309496 11.072300 -0.103157 0.301892 0.947745 -1.624100 0.000000 0.000000 0.000000 1.000000
0.992414 0.096043 0.076744 -0.044200 -0.067918 0.948653 -0.308940 11.072300 -0.102475 0.301384 0.947980 -1.624100 0.000000 0.000000 0.000000 1.000000
0.992492 0.095986 0.075804 -0.044200 -0.068275 0.949013 -0.307755 11.072300 -0.101479 0.300269 0.948441 -1.624100 0.000000 0.000000 0.000000 1.000000
0.992574 0.096013 0.074692 -0.044200 -0.068817 0.949521 -0.306061 11.072300 -0.100307 0.298648 0.949077 -1.624100 0.000000 0.000000 0.000000 1.000000
0.992637 0.096165 0.073644 -0.044200 -0.069484 0.950106 -0.304089 11.072300 -0.099212 0.296733 0.949793 -1.624100 0.000000 0.000000 0.000000 1.000000
0.992681 0.096430 0.072705 -0.044200 -0.070226 0.950692 -0.302082 11.072300 -0.098250 0.294765 0.950505 -1.624100 0.000000 0.000000 0.000000 1.000000
0.992725 0.096777 0.071629 -0.044200 -0.071092 0.951289 -0.299990 11.072300 -0.097172 0.292716 0.951249 -1.624100 0.000000 0.000000 0.000000 1.000000
0.992761 0.097224 0.070518 -0.044200 -0.072086 0.951955 -0.297633 11.072300 -0.096067 0.290395 0.952073 -1.624100 0.000000 0.000000 0.000000 1.000000
0.992771 0.097825 0.069547 -0.044200 -0.073219 0.952715 -0.294913 11.072300 -0.095108 0.287688 0.952990 -1.624100 0.000000 0.000000 0.000000 1.000000
0.992736 0.098666 0.068855 -0.044200 -0.074527 0.953549 -0.291875 11.072300 -0.094455 0.284623 0.953975 -1.624100 0.000000 0.000000 0.000000 1.000000
0.992663 0.099864 0.068173 -0.044200 -0.076178 0.954360 -0.288778 11.072300 -0.093900 0.281466 0.954966 -1.624100 0.000000 0.000000 0.000000 1.000000
0.992577 0.101442 0.067083 -0.044200 -0.078301 0.955105 -0.285732 11.072300 -0.093057 0.278359 0.955959 -1.624100 0.000000 0.000000 0.000000 1.000000
0.992484 0.103353 0.065520 -0.044200 -0.080879 0.955822 -0.282601 11.072300 -0.091834 0.275178 0.956997 -1.624100 0.000000 0.000000 0.000000 1.000000
0.992382 0.105473 0.063666 -0.044200 -0.083749 0.956553 -0.279271 11.072300 -0.090356 0.271811 0.958099 -1.624100 0.000000 0.000000 0.000000 1.000000
0.992266 0.107596 0.061897 -0.044200 -0.086606 0.957323 -0.275739 11.072300 -0.088924 0.268246 0.959238 -1.624100 0.000000 0.000000 0.000000 1.000000
0.992150 0.109374 0.060634 -0.044200 -0.088975 0.958081 -0.272330 11.072300 -0.087878 0.264797 0.960292 -1.624100 0.000000 0.000000 0.000000 1.000000
0.992057 0.110648 0.059835 -0.044200 -0.090693 0.958774 -0.269308 11.072300 -0.087167 0.261742 0.961193 -1.624100 0.000000 0.000000 0.000000 1.000000
0.992005 0.111410 0.059278 -0.044200 -0.091817 0.959415 -0.266632 11.072300 -0.086577 0.259057 0.961974 -1.624100 0.000000 0.000000 0.000000 1.000000
0.992005 0.111685 0.058750 -0.044200 -0.092425 0.959988 -0.264348 11.072300 -0.085923 0.256805 0.962636 -1.624100 0.000000 0.000000 0.000000 1.000000
0.992059 0.111533 0.058126 -0.044200 -0.092581 0.960415 -0.262738 11.072300 -0.085129 0.255270 0.963115 -1.624100 0.000000 0.000000 0.000000 1.000000
0.992134 0.111172 0.057534 -0.044200 -0.092378 0.960419 -0.262796 11.072300 -0.084472 0.255414 0.963135 -1.624100 0.000000 0.000000 0.000000 1.000000
0.992183 0.110862 0.057289 -0.044200 -0.091938 0.959825 -0.265111 11.072300 -0.084378 0.257772 0.962514 -1.624100 0.000000 0.000000 0.000000 1.000000
0.992214 0.110495 0.057470 -0.044200 -0.091198 0.958821 -0.268970 11.072300 -0.084824 0.261634 0.961432 -1.624100 0.000000 0.000000 0.000000 1.000000
0.992252 0.109879 0.057987 -0.044200 -0.090083 0.957707 -0.273281 11.072300 -0.085563 0.265940 0.960185 -1.624100 0.000000 0.000000 0.000000 1.000000
0.992330 0.108839 0.058618 -0.044200 -0.088583 0.956797 -0.276936 11.072300 -0.086226 0.269619 0.959099 -1.624100 0.000000 0.000000 0.000000 1.000000
0.992433 0.107606 0.059134 -0.044200 -0.087005 0.956139 -0.279694 11.072300 -0.086637 0.272432 0.958266 -1.624100 0.000000 0.000000 0.000000 1.000000
0.992539 0.106378 0.059589 -0.044200 -0.085484 0.955582 -0.282057 11.072300 -0.086947 0.274859 0.957545 -1.624100 0.000000 0.000000 0.000000 1.000000
0.992653 0.105106 0.059947 -0.044200 -0.083962 0.955071 -0.284235 11.072300 -0.087129 0.277114 0.956879 -1.624100 0.000000 0.000000 0.000000 1.000000
0.992773 0.103761 0.060293 -0.044200 -0.082385 0.954600 -0.286271 11.072300 -0.087259 0.279235 0.956250 -1.624100 0.000000 0.000000 0.000000 1.000000
0.992881 0.102400 0.060842 -0.044200 -0.080758 0.954197 -0.288074 11.072300 -0.087554 0.281110 0.955673 -1.624100 0.000000 0.000000 0.000000 1.000000
0.992949 0.101165 0.061786 -0.044200 -0.079165 0.953875 -0.289577 11.072300 -0.088231 0.282644 0.955158 -1.624100 0.000000 0.000000 0.000000 1.000000
0.992968 0.100167 0.063104 -0.044200 -0.077713 0.953607 -0.290850 11.072300 -0.089310 0.283901 0.954685 -1.624100 0.000000 0.000000 0.000000 1.000000
0.992953 0.099386 0.064549 -0.044200 -0.076448 0.953381 -0.291926 11.072300 -0.090553 0.284934 0.954260 -1.624100 0.000000 0.000000 0.000000 1.000000
0.992929 0.098754 0.065869 -0.044200 -0.075372 0.953179 -0.292863 11.072300 -0.091706 0.285828 0.953883 -1.624100 0.000000 0.000000 0.000000 1.000000
0.992919 0.098183 0.066880 -0.044200 -0.074447 0.952977 -0.293755 11.072300 -0.092577 0.286696 0.953538 -1.624100 0.000000 0.000000 0.000000 1.000000
0.992918 0.097620 0.067705 -0.044200 -0.073573 0.952742 -0.294737 11.072300 -0.093277 0.287669 0.953177 -1.624100 0.000000 0.000000 0.000000 1.000000
0.992923 0.097088 0.068387 -0.044200 -0.072755 0.952458 -0.295857 11.072300 -0.093860 0.288788 0.952781 -1.624100 0.000000 0.000000 0.000000 1.000000
0.992929 0.096602 0.068986 -0.044200 -0.071994 0.952139 -0.297066 11.072300 -0.094382 0.289999 0.952362 -1.624100 0.000000 0.000000 0.000000 1.000000
0.992927 0.096184 0.069607 -0.044200 -0.071287 0.951801 -0.298317 11.072300 -0.094945 0.291245 0.951925 -1.624100 0.000000 0.000000 0.000000 1.000000
0.992903 0.095861 0.070389 -0.044200 -0.070621 0.951454 -0.299579 11.072300 -0.095690 0.292482 0.951471 -1.624100 0.000000 0.000000 0.000000 1.000000
0.992850 0.095652 0.071414 -0.044200 -0.069991 0.951104 -0.300837 11.072300 -0.096698 0.293688 0.950998 -1.624100 0.000000 0.000000 0.000000 1.000000
0.992777 0.095539 0.072565 -0.044200 -0.069417 0.950757 -0.302063 11.072300 -0.097851 0.294844 0.950522 -1.624100 0.000000 0.000000 0.000000 1.000000
0.992686 0.095537 0.073805 -0.044200 -0.068923 0.950418 -0.303242 11.072300 -0.099117 0.295938 0.950051 -1.624100 0.000000 0.000000 0.000000 1.000000
0.992571 0.095749 0.075059 -0.044200 -0.068634 0.950080 -0.304364 11.072300 -0.100455 0.296952 0.949594 -1.624100 0.000000 0.000000 0.000000 1.000000
0.992458 0.095955 0.076291 -0.044200 -0.068351 0.949768 -0.305399 11.072300 -0.101764 0.297881 0.949163 -1.624100 0.000000 0.000000 0.000000 1.000000</float_array><technique_common><accessor source="#mixamorig_Spine1-Matrix-animation-output-transform-array" count="51" stride="16"><param type="float4x4"/></accessor></technique_common></source><source id="mixamorig_Spine1-Interpolations"><Name_array id="mixamorig_Spine1-Interpolations-array" count="51">
 LINEAR LINEAR LINEAR LINEAR LINEAR LINEAR LINEAR LINEAR LINEAR LINEAR LINEAR
LINEAR LINEAR LINEAR LINEAR LINEAR LINEAR LINEAR LINEAR LINEAR LINEAR LINEAR LINEAR
LINEAR LINEAR LINEAR LINEAR LINEAR LINEAR LINEAR LINEAR LINEAR LINEAR LINEAR LINEAR
LINEAR LINEAR LINEAR LINEAR LINEAR LINEAR LINEAR LINEAR LINEAR LINEAR LINEAR LINEAR
LINEAR LINEAR LINEAR LINEAR</Name_array><technique_common><accessor source="#mixamorig_Spine1-Interpolations-array" count="51"><param type="name"/></accessor></technique_common></source><sampler id="mixamorig_Spine1-Matrix-animation-transform"><input semantic="INPUT" source="#mixamorig_Spine1-Matrix-animation-input"/><input semantic="OUTPUT" source="#mixamorig_Spine1-Matrix-animation-output-transform"/><input semantic="INTERPOLATION" source="#mixamorig_Spine1-Interpolations"/></sampler><channel source="#mixamorig_Spine1-Matrix-animation-transform" target="mixamorig_Spine1/matrix"/></animation>
    <animation id="mixamorig_Spine2-anim" name="mixamorig_Spine2"><source id="mixamorig_Spine2-Matrix-animation-input"><float_array id="mixamorig_Spine2-Matrix-animation-input-array" count="51">

0.000000 0.033333 0.066667 0.100000 0.133333 0.166667 0.200000 0.233333 0.266667 0.300000 0.333333 0.366667 0.400000 0.433333 0.466667 0.500000
0.533333 0.566667 0.600000 0.633333 0.666667 0.700000 0.733333 0.766667 0.800000 0.833333 0.866667 0.900000 0.933333 0.966667 1.000000 1.033333
1.066667 1.100000 1.133333 1.166667 1.200000 1.233333 1.266667 1.300000 1.333333 1.366667 1.400000 1.433333 1.466667 1.500000 1.533333 1.566667
1.600000 1.633333 1.666667</float_array><technique_common><accessor source="#mixamorig_Spine2-Matrix-animation-input-array" count="51"><param name="TIME" type="float"/></accessor></technique_common></source><source id="mixamorig_Spine2-Matrix-animation-output-transform"><float_array id="mixamorig_Spine2-Matrix-animation-output-transform-array" count="816">

0.992458 0.078210 0.094397 -0.050500 -0.068311 0.992239 -0.103896 12.654000 -0.101790 0.096664 0.990098 -1.856100 0.000000 0.000000 0.000000 1.000000
0.992395 0.078195 0.095062 -0.050500 -0.068115 0.992135 -0.105015 12.654000 -0.102526 0.097741 0.989917 -1.856100 0.000000 0.000000 0.000000 1.000000
0.992340 0.078182 0.095645 -0.050500 -0.067934 0.992035 -0.106076 12.654000 -0.103176 0.098766 0.989747 -1.856100 0.000000 0.000000 0.000000 1.000000
0.992305 0.078174 0.096021 -0.050500 -0.067792 0.991946 -0.106996 12.654000 -0.103612 0.099663 0.989612 -1.856100 0.000000 0.000000 0.000000 1.000000
0.992296 0.078185 0.096108 -0.050500 -0.067719 0.991873 -0.107709 12.654000 -0.103748 0.100371 0.989526 -1.856100 0.000000 0.000000 0.000000 1.000000
0.992315 0.078188 0.095909 -0.050500 -0.067696 0.991826 -0.108157 12.654000 -0.103582 0.100833 0.989497 -1.856100 0.000000 0.000000 0.000000 1.000000
0.992353 0.078185 0.095514 -0.050500 -0.067731 0.991821 -0.108182 12.654000 -0.103191 0.100886 0.989532 -1.856100 0.000000 0.000000 0.000000 1.000000
0.992414 0.078200 0.094862 -0.050500 -0.067873 0.991876 -0.107590 12.654000 -0.102504 0.100335 0.989659 -1.856100 0.000000 0.000000 0.000000 1.000000
0.992483 0.078448 0.093934 -0.050500 -0.068341 0.991976 -0.106366 12.654000 -0.101524 0.099146 0.989880 -1.856100 0.000000 0.000000 0.000000 1.000000
0.992553 0.078841 0.092855 -0.050500 -0.069019 0.992115 -0.104617 12.654000 -0.100371 0.097429 0.990168 -1.856100 0.000000 0.000000 0.000000 1.000000
0.992605 0.079352 0.091863 -0.050500 -0.069832 0.992271 -0.102580 12.654000 -0.099292 0.095407 0.990474 -1.856100 0.000000 0.000000 0.000000 1.000000
0.992632 0.080001 0.091002 -0.050500 -0.070768 0.992416 -0.100513 12.654000 -0.098353 0.093333 0.990765 -1.856100 0.000000 0.000000 0.000000 1.000000
0.992666 0.080680 0.090024 -0.050500 -0.071752 0.992561 -0.098353 12.654000 -0.097290 0.091173 0.991071 -1.856100 0.000000 0.000000 0.000000 1.000000
0.992707 0.081280 0.089027 -0.050500 -0.072682 0.992734 -0.095903 12.654000 -0.096175 0.088733 0.991401 -1.856100 0.000000 0.000000 0.000000 1.000000
0.992735 0.081848 0.088193 -0.050500 -0.073597 0.992936 -0.093065 12.654000 -0.095187 0.085899 0.991746 -1.856100 0.000000 0.000000 0.000000 1.000000
0.992718 0.082599 0.087682 -0.050500 -0.074694 0.993146 -0.089902 12.654000 -0.094507 0.082698 0.992083 -1.856100 0.000000 0.000000 0.000000 1.000000
0.992650 0.083857 0.087259 -0.050500 -0.076291 0.993309 -0.086701 12.654000 -0.093946 0.079406 0.992406 -1.856100 0.000000 0.000000 0.000000 1.000000
0.992565 0.085617 0.086517 -0.050500 -0.078406 0.993413 -0.083565 12.654000 -0.093102 0.076161 0.992739 -1.856100 0.000000 0.000000 0.000000 1.000000
0.992471 0.087811 0.085381 -0.050500 -0.080986 0.993471 -0.080354 12.654000 -0.091879 0.072834 0.993103 -1.856100 0.000000 0.000000 0.000000 1.000000
0.992369 0.090265 0.084002 -0.050500 -0.083855 0.993503 -0.076945 12.654000 -0.090402 0.069314 0.993490 -1.856100 0.000000 0.000000 0.000000 1.000000
0.992253 0.092704 0.082708 -0.050500 -0.086712 0.993531 -0.073330 12.654000 -0.088971 0.065591 0.993872 -1.856100 0.000000 0.000000 0.000000 1.000000
0.992136 0.094702 0.081836 -0.050500 -0.089079 0.993573 -0.069838 12.654000 -0.087924 0.061999 0.994196 -1.856100 0.000000 0.000000 0.000000 1.000000
0.992043 0.096112 0.081317 -0.050500 -0.090796 0.993631 -0.066739 12.654000 -0.087214 0.058825 0.994451 -1.856100 0.000000 0.000000 0.000000 1.000000
0.991992 0.096970 0.080929 -0.050500 -0.091918 0.993709 -0.063987 12.654000 -0.086625 0.056036 0.994664 -1.856100 0.000000 0.000000 0.000000 1.000000
0.991992 0.097347 0.080469 -0.050500 -0.092524 0.993801 -0.061635 12.654000 -0.085970 0.053696 0.994850 -1.856100 0.000000 0.000000 0.000000 1.000000
0.992046 0.097324 0.079827 -0.050500 -0.092679 0.993888 -0.059971 12.654000 -0.085176 0.052096 0.995003 -1.856100 0.000000 0.000000 0.000000 1.000000
0.992121 0.097091 0.079174 -0.050500 -0.092475 0.993904 -0.060027 12.654000 -0.084520 0.052232 0.995052 -1.856100 0.000000 0.000000 0.000000 1.000000
0.992170 0.096836 0.078871 -0.050500 -0.092033 0.993798 -0.062415 12.654000 -0.084426 0.054667 0.994929 -1.856100 0.000000 0.000000 0.000000 1.000000
0.992201 0.096438 0.078972 -0.050500 -0.091290 0.993608 -0.066397 12.654000 -0.084870 0.058670 0.994663 -1.856100 0.000000 0.000000 0.000000 1.000000
0.992240 0.095728 0.079353 -0.050500 -0.090174 0.993403 -0.070845 12.654000 -0.085611 0.063140 0.994326 -1.856100 0.000000 0.000000 0.000000 1.000000
0.992318 0.094578 0.079753 -0.050500 -0.088672 0.993263 -0.074608 12.654000 -0.086272 0.066963 0.994019 -1.856100 0.000000 0.000000 0.000000 1.000000
0.992428 0.093251 0.079947 -0.050500 -0.087084 0.993187 -0.077437 12.654000 -0.086623 0.069889 0.993787 -1.856100 0.000000 0.000000 0.000000 1.000000
0.992541 0.091939 0.080061 -0.050500 -0.085552 0.993128 -0.079860 12.654000 -0.086853 0.072415 0.993586 -1.856100 0.000000 0.000000 0.000000 1.000000
0.992655 0.090620 0.080156 -0.050500 -0.084029 0.993076 -0.082097 12.654000 -0.087040 0.074758 0.993396 -1.856100 0.000000 0.000000 0.000000 1.000000
0.992766 0.089251 0.080306 -0.050500 -0.082464 0.993031 -0.084191 12.654000 -0.087260 0.076960 0.993208 -1.856100 0.000000 0.000000 0.000000 1.000000
0.992870 0.087812 0.080606 -0.050500 -0.080839 0.993006 -0.086042 12.654000 -0.087598 0.078912 0.993025 -1.856100 0.000000 0.000000 0.000000 1.000000
0.992939 0.086408 0.081277 -0.050500 -0.079245 0.993001 -0.087576 12.654000 -0.088275 0.080517 0.992837 -1.856100 0.000000 0.000000 0.000000 1.000000
0.992957 0.085159 0.082361 -0.050500 -0.077790 0.992999 -0.088892 12.654000 -0.089354 0.081859 0.992630 -1.856100 0.000000 0.000000 0.000000 1.000000
0.992943 0.084097 0.083615 -0.050500 -0.076515 0.992991 -0.090083 12.654000 -0.090604 0.083049 0.992418 -1.856100 0.000000 0.000000 0.000000 1.000000
0.992920 0.083209 0.084777 -0.050500 -0.075425 0.992970 -0.091220 12.654000 -0.091771 0.084180 0.992216 -1.856100 0.000000 0.000000 0.000000 1.000000
0.992907 0.082453 0.085654 -0.050500 -0.074489 0.992937 -0.092347 12.654000 -0.092663 0.085312 0.992036 -1.856100 0.000000 0.000000 0.000000 1.000000
0.992905 0.081760 0.086343 -0.050500 -0.073631 0.992896 -0.093465 12.654000 -0.093372 0.086444 0.991872 -1.856100 0.000000 0.000000 0.000000 1.000000
0.992892 0.081136 0.087075 -0.050500 -0.072837 0.992848 -0.094589 12.654000 -0.094127 0.087574 0.991701 -1.856100 0.000000 0.000000 0.000000 1.000000
0.992863 0.080579 0.087921 -0.050500 -0.072097 0.992793 -0.095724 12.654000 -0.095001 0.088702 0.991517 -1.856100 0.000000 0.000000 0.000000 1.000000
0.992818 0.080089 0.088873 -0.050500 -0.071410 0.992732 -0.096871 12.654000 -0.095985 0.089829 0.991321 -1.856100 0.000000 0.000000 0.000000 1.000000
0.992763 0.079661 0.089868 -0.050500 -0.070779 0.992664 -0.098026 12.654000 -0.097017 0.090956 0.991118 -1.856100 0.000000 0.000000 0.000000 1.000000
0.992702 0.079289 0.090858 -0.050500 -0.070202 0.992589 -0.099187 12.654000 -0.098050 0.092085 0.990912 -1.856100 0.000000 0.000000 0.000000 1.000000
0.992639 0.078970 0.091823 -0.050500 -0.069676 0.992509 -0.100355 12.654000 -0.099061 0.093218 0.990706 -1.856100 0.000000 0.000000 0.000000 1.000000
0.992575 0.078698 0.092747 -0.050500 -0.069199 0.992423 -0.101532 12.654000 -0.100035 0.094360 0.990499 -1.856100 0.000000 0.000000 0.000000 1.000000
0.992513 0.078452 0.093609 -0.050500 -0.068750 0.992332 -0.102715 12.654000 -0.100949 0.095511 0.990296 -1.856100 0.000000 0.000000 0.000000 1.000000
0.992458 0.078210 0.094397 -0.050500 -0.068311 0.992240 -0.103896 12.654000 -0.101790 0.096664 0.990098 -1.856100 0.000000 0.000000 0.000000 1.000000</float_array><technique_common><accessor source="#mixamorig_Spine2-Matrix-animation-output-transform-array" count="51" stride="16"><param type="float4x4"/></accessor></technique_common></source><source id="mixamorig_Spine2-Interpolations"><Name_array id="mixamorig_Spine2-Interpolations-array" count="51">
 LINEAR LINEAR LINEAR LINEAR LINEAR LINEAR LINEAR LINEAR LINEAR LINEAR LINEAR
LINEAR LINEAR LINEAR LINEAR LINEAR LINEAR LINEAR LINEAR LINEAR LINEAR LINEAR LINEAR
LINEAR LINEAR LINEAR LINEAR LINEAR LINEAR LINEAR LINEAR LINEAR LINEAR LINEAR LINEAR
LINEAR LINEAR LINEAR LINEAR LINEAR LINEAR LINEAR LINEAR LINEAR LINEAR LINEAR LINEAR
LINEAR LINEAR LINEAR LINEAR</Name_array><technique_common><accessor source="#mixamorig_Spine2-Interpolations-array" count="51"><param type="name"/></accessor></technique_common></source><sampler id="mixamorig_Spine2-Matrix-animation-transform"><input semantic="INPUT" source="#mixamorig_Spine2-Matrix-animation-input"/><input semantic="OUTPUT" source="#mixamorig_Spine2-Matrix-animation-output-transform"/><input semantic="INTERPOLATION" source="#mixamorig_Spine2-Interpolations"/></sampler><channel source="#mixamorig_Spine2-Matrix-animation-transform" target="mixamorig_Spine2/matrix"/></animation>
    <animation id="mixamorig_Neck-anim" name="mixamorig_Neck"><source id="mixamorig_Neck-Matrix-animation-input"><float_array id="mixamorig_Neck-Matrix-animation-input-array" count="51">

