<?xml version="1.0" encoding="utf-8"?>
<COLLADA xmlns="http://www.collada.org/2005/11/COLLADASchema" version="1.4.1">
  <asset><contributor><author>Mixamo</author><authoring_tool>COLLADA Mixamo exporter</authoring_tool><comments></comments></contributor><created>2018-10-29T15:18:31Z</created><modified>2018-10-29T15:18:31Z</modified><revision></revision><title></title><unit meter="0.010000"/><up_axis>Y_UP</up_axis></asset>
  <library_animations>
    <animation id="mixamorig_Hips-anim" name="mixamorig_Hips"><source id="mixamorig_Hips-Matrix-animation-input"><float_array id="mixamorig_Hips-Matrix-animation-input-array" count="33">

0.000000 0.033333 0.066667 0.100000 0.133333 0.166667 0.200000 0.233333 0.266667 0.300000 0.333333 0.366667 0.400000 0.433333 0.466667 0.500000
0.533333 0.566667 0.600000 0.633333 0.666667 0.700000 0.733333 0.766667 0.800000 0.833333 0.866667 0.900000 0.933333 0.966667 1.000000 1.033333
1.066667</float_array><technique_common><accessor source="#mixamorig_Hips-Matrix-animation-input-array" count="33"><param name="TIME" type="float"/></accessor></technique_common></source><source id="mixamorig_Hips-Matrix-animation-output-transform"><float_array id="mixamorig_Hips-Matrix-animation-output-transform-array" count="528">

0.786264 -0.199710 -0.584727 18.180193 -0.038535 0.928636 -0.368986 76.254196 0.616688 0.312653 0.722457 -0.585237 0.000000 0.000000 0.000000 1.000000
0.800934 -0.226475 -0.554269 18.557314 0.007001 0.929185 -0.369549 76.964020 0.598712 0.292105 0.745801 3.191602 0.000000 0.000000 0.000000 1.000000
0.817702 -0.255578 -0.515795 19.087996 0.051520 0.924930 -0.376630 77.423019 0.573332 0.281398 0.769484 6.816224 0.000000 0.000000 0.000000 1.000000
0.823514 -0.270447 -0.498681 19.555609 0.079395 0.925343 -0.370725 77.599014 0.561713 0.265704 0.783505 10.556051 0.000000 0.000000 0.000000 1.000000
0.822721 -0.271326 -0.499512 20.000540 0.088383 0.929104 -0.359102 77.284729 0.561532 0.251292 0.788374 14.576837 0.000000 0.000000 0.000000 1.000000
0.822565 -0.266492 -0.502364 20.505182 0.086550 0.931775 -0.352567 76.384628 0.562047 0.246529 0.789510 18.974846 0.000000 0.000000 0.000000 1.000000
0.822039 -0.260343 -0.506432 20.951223 0.079692 0.933210 -0.350382 74.889503 0.563827 0.247669 0.787883 23.630970 0.000000 0.000000 0.000000 1.000000
0.815239 -0.257581 -0.518688 21.162237 0.070525 0.933133 -0.352548 72.760506 0.574814 0.250830 0.778892 28.504869 0.000000 0.000000 0.000000 1.000000
0.798314 -0.262093 -0.542219 21.151955 0.063048 0.931760 -0.357560 70.210579 0.598932 0.251259 0.760361 33.473595 0.000000 0.000000 0.000000 1.000000
0.777016 -0.270541 -0.568378 21.198294 0.060260 0.930754 -0.360647 67.891266 0.626589 0.245978 0.739514 38.307629 0.000000 0.000000 0.000000 1.000000
0.761717 -0.274546 -0.586866 21.489376 0.056279 0.930396 -0.362209 66.251396 0.645461 0.242873 0.724150 43.151611 0.000000 0.000000 0.000000 1.000000
0.755527 -0.270427 -0.596698 21.911736 0.043217 0.929415 -0.366496 65.467743 0.653691 0.251110 0.713885 48.051598 0.000000 0.000000 0.000000 1.000000
0.754615 -0.259137 -0.602830 22.198624 0.020286 0.927488 -0.373303 65.405807 0.655854 0.269471 0.705153 52.773293 0.000000 0.000000 0.000000 1.000000
0.757740 -0.240560 -0.606598 22.165447 -0.009764 0.925288 -0.379140 65.823196 0.652483 0.293212 0.698779 57.145725 0.000000 0.000000 0.000000 1.000000
0.765629 -0.213383 -0.606861 21.846806 -0.044565 0.923521 -0.380950 66.586113 0.641737 0.318711 0.697565 61.388916 0.000000 0.000000 0.000000 1.000000
0.776206 -0.183144 -0.603293 21.542253 -0.076654 0.922368 -0.378631 67.714264 0.625802 0.340140 0.701909 65.769936 0.000000 0.000000 0.000000 1.000000
0.785086 -0.157914 -0.598919 21.487028 -0.101089 0.921321 -0.375432 69.105225 0.611082 0.355291 0.707352 70.269226 0.000000 0.000000 0.000000 1.000000
0.789642 -0.141246 -0.597089 21.533138 -0.120280 0.918626 -0.376376 70.591721 0.601663 0.369020 0.708396 74.707817 0.000000 0.000000 0.000000 1.000000
0.789353 -0.131327 -0.599730 21.426636 -0.138460 0.913607 -0.382297 72.217346 0.598123 0.384805 0.702975 79.072739 0.000000 0.000000 0.000000 1.000000
0.784281 -0.125632 -0.607552 21.156710 -0.154620 0.908801 -0.387522 74.048378 0.600829 0.397866 0.693330 83.347137 0.000000 0.000000 0.000000 1.000000
0.778449 -0.121375 -0.615862 20.977827 -0.168338 0.904821 -0.391102 75.944847 0.604715 0.408125 0.683925 87.380722 0.000000 0.000000 0.000000 1.000000
0.775307 -0.118686 -0.620333 20.894075 -0.174860 0.903455 -0.391399 77.311333 0.606897 0.411926 0.679701 91.236855 0.000000 0.000000 0.000000 1.000000
0.777706 -0.121649 -0.616746 20.714434 -0.169198 0.904385 -0.391740 78.138145 0.605430 0.409011 0.682762 95.264381 0.000000 0.000000 0.000000 1.000000
0.786457 -0.131027 -0.603587 20.446552 -0.150990 0.906803 -0.393586 78.338043 0.598905 0.400674 0.693378 99.760529 0.000000 0.000000 0.000000 1.000000
0.792435 -0.145653 -0.592311 20.171545 -0.125052 0.911648 -0.391484 78.402977 0.597000 0.384295 0.704207 104.598373 0.000000 0.000000 0.000000 1.000000
0.796053 -0.159394 -0.583860 19.797647 -0.099160 0.917312 -0.385625 78.148544 0.597048 0.364874 0.714424 109.544296 0.000000 0.000000 0.000000 1.000000
0.799749 -0.165438 -0.577089 19.295044 -0.081100 0.922694 -0.376907 76.734291 0.594831 0.348233 0.724507 114.688339 0.000000 0.000000 0.000000 1.000000
0.796982 -0.156844 -0.583284 18.843754 -0.086985 0.925825 -0.367807 74.827919 0.597707 0.343872 0.724223 119.417809 0.000000 0.000000 0.000000 1.000000
0.788053 -0.148611 -0.597400 18.511600 -0.099845 0.926720 -0.362244 73.737976 0.607456 0.345115 0.715467 124.004883 0.000000 0.000000 0.000000 1.000000
0.778235 -0.151766 -0.609358 18.246494 -0.099724 0.928176 -0.358532 73.747665 0.620004 0.339790 0.707205 128.562286 0.000000 0.000000 0.000000 1.000000
0.770362 -0.161001 -0.616945 18.043945 -0.086784 0.932114 -0.351614 74.478500 0.631673 0.324411 0.704093 132.947784 0.000000 0.000000 0.000000 1.000000
0.777441 -0.177452 -0.603404 18.043528 -0.065419 0.931356 -0.358185 75.420715 0.625545 0.317942 0.712465 137.067749 0.000000 0.000000 0.000000 1.000000
0.785973 -0.198581 -0.585501 18.220732 -0.040243 0.928573 -0.368962 76.313660 0.616950 0.313556 0.721842 141.144943 0.000000 0.000000 0.000000 1.000000</float_array><technique_common><accessor source="#mixamorig_Hips-Matrix-animation-output-transform-array" count="33" stride="16"><param type="float4x4"/></accessor></technique_common></source><source id="mixamorig_Hips-Interpolations"><Name_array id="mixamorig_Hips-Interpolations-array" count="33">
 LINEAR LINEAR LINEAR LINEAR LINEAR LINEAR LINEAR LINEAR LINEAR LINEAR LINEAR
LINEAR LINEAR LINEAR LINEAR LINEAR LINEAR LINEAR LINEAR LINEAR LINEAR LINEAR LINEAR
LINEAR LINEAR LINEAR LINEAR LINEAR LINEAR LINEAR LINEAR LINEAR LINEAR</Name_array><technique_common><accessor source="#mixamorig_Hips-Interpolations-array" count="33"><param type="name"/></accessor></technique_common></source><sampler id="mixamorig_Hips-Matrix-animation-transform"><input semantic="INPUT" source="#mixamorig_Hips-Matrix-animation-input"/><input semantic="OUTPUT" source="#mixamorig_Hips-Matrix-animation-output-transform"/><input semantic="INTERPOLATION" source="#mixamorig_Hips-Interpolations"/></sampler><channel source="#mixamorig_Hips-Matrix-animation-transform" target="mixamorig_Hips/matrix"/></animation>
    <animation id="mixamorig_Spine-anim" name="mixamorig_Spine"><source id="mixamorig_Spine-Matrix-animation-input"><float_array id="mixamorig_Spine-Matrix-animation-input-array" count="33">

0.000000 0.033333 0.066667 0.100000 0.133333 0.166667 0.200000 0.233333 0.266667 0.300000 0.333333 0.366667 0.400000 0.433333 0.466667 0.500000
0.533333 0.566667 0.600000 0.633333 0.666667 0.700000 0.733333 0.766667 0.800000 0.833333 0.866667 0.900000 0.933333 0.966667 1.000000 1.033333
1.066667</float_array><technique_common><accessor source="#mixamorig_Spine-Matrix-animation-input-array" count="33"><param name="TIME" type="float"/></accessor></technique_common></source><source id="mixamorig_Spine-Matrix-animation-output-transform"><float_array id="mixamorig_Spine-Matrix-animation-output-transform-array" count="528">

0.999958 -0.003064 -0.008680 -0.038100 0.001194 0.978191 -0.207703 9.490500 0.009127 0.207684 0.978153 -1.392100 0.000000 0.000000 0.000000 1.000000
0.999733 0.007529 -0.021860 -0.038100 -0.011913 0.978061 -0.207977 9.490500 0.019814 0.208182 0.977889 -1.392100 0.000000 0.000000 0.000000 1.000000
0.999239 0.017376 -0.034914 -0.038100 -0.024256 0.977933 -0.207505 9.490500 0.030538 0.208194 0.977611 -1.392100 0.000000 0.000000 0.000000 1.000000
0.998858 0.022059 -0.042380 -0.038100 -0.030340 0.978088 -0.205971 9.490500 0.036907 0.207022 0.977640 -1.392100 0.000000 0.000000 0.000000 1.000000
0.998849 0.020462 -0.043392 -0.038100 -0.028883 0.978675 -0.203373 9.490500 0.038306 0.204392 0.978139 -1.392100 0.000000 0.000000 0.000000 1.000000
0.999000 0.015087 -0.042082 -0.038100 -0.023213 0.979545 -0.199881 9.490500 0.038205 0.200658 0.978916 -1.392100 0.000000 0.000000 0.000000 1.000000
0.999089 0.011922 -0.040987 -0.038100 -0.019750 0.980354 -0.196255 9.490500 0.037842 0.196886 0.979696 -1.392100 0.000000 0.000000 0.000000 1.000000
0.999180 0.014802 -0.037694 -0.038100 -0.021814 0.980951 -0.193025 9.490500 0.034119 0.193689 0.980469 -1.392100 0.000000 0.000000 0.000000 1.000000
0.999207 0.024098 -0.031701 -0.038100 -0.029695 0.981335 -0.189997 9.490500 0.026531 0.190788 0.981273 -1.392100 0.000000 0.000000 0.000000 1.000000
0.998962 0.037325 -0.026105 -0.038100 -0.041576 0.981308 -0.187897 9.490500 0.018604 0.188787 0.981842 -1.392100 0.000000 0.000000 0.000000 1.000000
0.998591 0.048160 -0.022283 -0.038100 -0.051494 0.980874 -0.187711 9.490500 0.012816 0.188594 0.981971 -1.392100 0.000000 0.000000 0.000000 1.000000
0.998348 0.053609 -0.020682 -0.038100 -0.056548 0.980534 -0.188033 9.490500 0.010199 0.188891 0.981945 -1.392100 0.000000 0.000000 0.000000 1.000000
0.998091 0.057851 -0.021622 -0.038100 -0.060887 0.980353 -0.187620 9.490500 0.010343 0.188579 0.982004 -1.392100 0.000000 0.000000 0.000000 1.000000
0.997725 0.062590 -0.025049 -0.038100 -0.066187 0.980046 -0.187429 9.490500 0.012818 0.188660 0.981959 -1.392100 0.000000 0.000000 0.000000 1.000000
0.997664 0.062152 -0.028345 -0.038100 -0.066401 0.979780 -0.188740 9.490500 0.016041 0.190182 0.981618 -1.392100 0.000000 0.000000 0.000000 1.000000
0.998041 0.054762 -0.030240 -0.038100 -0.059547 0.979778 -0.191021 9.490500 0.019168 0.192448 0.981120 -1.392100 0.000000 0.000000 0.000000 1.000000
0.998564 0.044179 -0.030294 -0.038100 -0.049205 0.980022 -0.192709 9.490500 0.021175 0.193923 0.980788 -1.392100 0.000000 0.000000 0.000000 1.000000
0.999016 0.033707 -0.028808 -0.038100 -0.038654 0.980355 -0.193417 9.490500 0.021723 0.194340 0.980694 -1.392100 0.000000 0.000000 0.000000 1.000000
0.999355 0.024842 -0.025927 -0.038100 -0.029419 0.980457 -0.194520 9.490500 0.020588 0.195158 0.980556 -1.392100 0.000000 0.000000 0.000000 1.000000
0.999583 0.019629 -0.021156 -0.038100 -0.023407 0.980232 -0.196460 9.490500 0.016881 0.196874 0.980284 -1.392100 0.000000 0.000000 0.000000 1.000000
0.999788 0.014545 -0.014564 -0.038100 -0.017148 0.979949 -0.198507 9.490500 0.011385 0.198715 0.979991 -1.392100 0.000000 0.000000 0.000000 1.000000
0.999906 0.010481 -0.008872 -0.038100 -0.012053 0.979442 -0.201367 9.490500 0.006579 0.201455 0.979476 -1.392100 0.000000 0.000000 0.000000 1.000000
0.999886 0.011425 -0.009843 -0.038100 -0.013186 0.979082 -0.203036 9.490500 0.007317 0.203143 0.979122 -1.392100 0.000000 0.000000 0.000000 1.000000
0.999749 0.014177 -0.017364 -0.038100 -0.017398 0.979191 -0.202196 9.490500 0.014136 0.202447 0.979191 -1.392100 0.000000 0.000000 0.000000 1.000000
0.999659 0.015102 -0.021285 -0.038100 -0.019100 0.979138 -0.202297 9.490500 0.017786 0.202635 0.979093 -1.392100 0.000000 0.000000 0.000000 1.000000
0.999809 0.008960 -0.017379 -0.038100 -0.012325 0.978808 -0.204409 9.490500 0.015179 0.204584 0.978731 -1.392100 0.000000 0.000000 0.000000 1.000000
0.999913 -0.003174 -0.012811 -0.038100 0.000465 0.978526 -0.206122 9.490500 0.013190 0.206098 0.978442 -1.392100 0.000000 0.000000 0.000000 1.000000
0.999804 -0.019682 -0.002081 -0.038100 0.018820 0.978000 -0.207753 9.490500 0.006124 0.207673 0.978179 -1.392100 0.000000 0.000000 0.000000 1.000000
0.999593 -0.027749 0.006590 -0.038100 0.028515 0.977174 -0.210516 9.490500 -0.000598 0.210619 0.977568 -1.392100 0.000000 0.000000 0.000000 1.000000
0.999700 -0.023634 0.006439 -0.038100 0.024464 0.976733 -0.213059 9.490500 -0.001254 0.213152 0.977018 -1.392100 0.000000 0.000000 0.000000 1.000000
0.999895 -0.014431 0.001317 -0.038100 0.014378 0.976679 -0.214224 9.490500 0.001806 0.214221 0.976784 -1.392100 0.000000 0.000000 0.000000 1.000000
0.999953 -0.009311 -0.002521 -0.038100 0.008567 0.977311 -0.211636 9.490500 0.004435 0.211605 0.977345 -1.392100 0.000000 0.000000 0.000000 1.000000
0.999963 -0.004274 -0.007412 -0.038100 0.002641 0.978189 -0.207699 9.490500 0.008138 0.207672 0.978165 -1.392100 0.000000 0.000000 0.000000 1.000000</float_array><technique_common><accessor source="#mixamorig_Spine-Matrix-animation-output-transform-array" count="33" stride="16"><param type="float4x4"/></accessor></technique_common></source><source id="mixamorig_Spine-Interpolations"><Name_array id="mixamorig_Spine-Interpolations-array" count="33">
 LINEAR LINEAR LINEAR LINEAR LINEAR LINEAR LINEAR LINEAR LINEAR LINEAR LINEAR
LINEAR LINEAR LINEAR LINEAR LINEAR LINEAR LINEAR LINEAR LINEAR LINEAR LINEAR LINEAR
LINEAR LINEAR LINEAR LINEAR LINEAR LINEAR LINEAR LINEAR LINEAR LINEAR</Name_array><technique_common><accessor source="#mixamorig_Spine-Interpolations-array" count="33"><param type="name"/></accessor></technique_common></source><sampler id="mixamorig_Spine-Matrix-animation-transform"><input semantic="INPUT" source="#mixamorig_Spine-Matrix-animation-input"/><input semantic="OUTPUT" source="#mixamorig_Spine-Matrix-animation-output-transform"/><input semantic="INTERPOLATION" source="#mixamorig_Spine-Interpolations"/></sampler><channel source="#mixamorig_Spine-Matrix-animation-transform" target="mixamorig_Spine/matrix"/></animation>
    <animation id="mixamorig_Spine1-anim" name="mixamorig_Spine1"><source id="mixamorig_Spine1-Matrix-animation-input"><float_array id="mixamorig_Spine1-Matrix-animation-input-array" count="33">

0.000000 0.033333 0.066667 0.100000 0.133333 0.166667 0.200000 0.233333 0.266667 0.300000 0.333333 0.366667 0.400000 0.433333 0.466667 0.500000
0.533333 0.566667 0.600000 0.633333 0.666667 0.700000 0.733333 0.766667 0.800000 0.833333 0.866667 0.900000 0.933333 0.966667 1.000000 1.033333
1.066667</float_array><technique_common><accessor source="#mixamorig_Spine1-Matrix-animation-input-array" count="33"><param name="TIME" type="float"/></accessor></technique_common></source><source id="mixamorig_Spine1-Matrix-animation-output-transform"><float_array id="mixamorig_Spine1-Matrix-animation-output-transform-array" count="528">

0.997942 0.027311 -0.058013 -0.044200 -0.047683 0.920985 -0.386668 11.072300 0.042869 0.388639 0.920392 -1.624100 0.000000 0.000000 0.000000 1.000000
0.997292 0.034661 -0.064871 -0.044200 -0.057179 0.920134 -0.387407 11.072300 0.046262 0.390067 0.919623 -1.624100 0.000000 0.000000 0.000000 1.000000
0.996637 0.040476 -0.071245 -0.044200 -0.065027 0.919728 -0.387134 11.072300 0.049856 0.390465 0.919267 -1.624100 0.000000 0.000000 0.000000 1.000000
0.996202 0.043951 -0.075167 -0.044200 -0.069715 0.919805 -0.386134 11.072300 0.052168 0.389907 0.919375 -1.624100 0.000000 0.000000 0.000000 1.000000
0.996060 0.043658 -0.077196 -0.044200 -0.070100 0.920768 -0.383760 11.072300 0.054326 0.387660 0.920200 -1.624100 0.000000 0.000000 0.000000 1.000000
0.996161 0.038743 -0.078502 -0.044200 -0.065809 0.922777 -0.379674 11.072300 0.057731 0.383382 0.921784 -1.624100 0.000000 0.000000 0.000000 1.000000
0.996393 0.033716 -0.077873 -0.044200 -0.060574 0.925266 -0.374450 11.072300 0.059428 0.377817 0.923971 -1.624100 0.000000 0.000000 0.000000 1.000000
0.996713 0.035620 -0.072766 -0.044200 -0.060047 0.927743 -0.368358 11.072300 0.054387 0.371516 0.926832 -1.624100 0.000000 0.000000 0.000000 1.000000
0.996975 0.046881 -0.061996 -0.044200 -0.066236 0.929808 -0.362035 11.072300 0.040672 0.365046 0.930101 -1.624100 0.000000 0.000000 0.000000 1.000000
0.996866 0.062713 -0.048231 -0.044200 -0.075872 0.930564 -0.358182 11.072300 0.022419 0.360719 0.932405 -1.624100 0.000000 0.000000 0.000000 1.000000
0.996589 0.074211 -0.036101 -0.044200 -0.082227 0.930117 -0.357940 11.072300 0.007015 0.359688 0.933046 -1.624100 0.000000 0.000000 0.000000 1.000000
0.996609 0.077484 -0.027693 -0.044200 -0.082259 0.929972 -0.358309 11.072300 -0.002010 0.359372 0.933192 -1.624100 0.000000 0.000000 0.000000 1.000000
0.996933 0.075327 -0.021247 -0.044200 -0.077938 0.930672 -0.357456 11.072300 -0.007152 0.358016 0.933688 -1.624100 0.000000 0.000000 0.000000 1.000000
0.997583 0.068064 -0.014002 -0.044200 -0.068571 0.931565 -0.357050 11.072300 -0.011258 0.357147 0.933980 -1.624100 0.000000 0.000000 0.000000 1.000000
0.998499 0.054337 -0.006862 -0.044200 -0.053177 0.931850 -0.358927 11.072300 -0.013108 0.358753 0.933340 -1.624100 0.000000 0.000000 0.000000 1.000000
0.999256 0.038386 -0.003795 -0.044200 -0.037151 0.931296 -0.362363 11.072300 -0.010375 0.362234 0.932029 -1.624100 0.000000 0.000000 0.000000 1.000000
0.999645 0.026003 -0.005739 -0.044200 -0.026302 0.930543 -0.365236 11.072300 -0.004156 0.365258 0.930897 -1.624100 0.000000 0.000000 0.000000 1.000000
0.999795 0.017863 -0.009562 -0.044200 -0.020125 0.930199 -0.366504 11.072300 0.002347 0.366621 0.930367 -1.624100 0.000000 0.000000 0.000000 1.000000
0.999840 0.012680 -0.012644 -0.044200 -0.016441 0.929854 -0.367562 11.072300 0.007096 0.367711 0.929913 -1.624100 0.000000 0.000000 0.000000 1.000000
0.999815 0.011577 -0.015367 -0.044200 -0.016443 0.928870 -0.370041 11.072300 0.009990 0.370225 0.928888 -1.624100 0.000000 0.000000 0.000000 1.000000
0.999745 0.011298 -0.019575 -0.044200 -0.017783 0.927761 -0.372752 11.072300 0.013950 0.373005 0.927725 -1.624100 0.000000 0.000000 0.000000 1.000000
0.999585 0.011231 -0.026538 -0.044200 -0.020399 0.926241 -0.376380 11.072300 0.020354 0.376765 0.926085 -1.624100 0.000000 0.000000 0.000000 1.000000
0.999337 0.011393 -0.034569 -0.044200 -0.023647 0.925222 -0.378690 11.072300 0.027670 0.379256 0.924878 -1.624100 0.000000 0.000000 0.000000 1.000000
0.998993 0.010835 -0.043537 -0.044200 -0.026526 0.925260 -0.378404 11.072300 0.036183 0.379178 0.924616 -1.624100 0.000000 0.000000 0.000000 1.000000
0.998555 0.012559 -0.052246 -0.044200 -0.031500 0.924524 -0.379820 11.072300 0.043533 0.380917 0.923584 -1.624100 0.000000 0.000000 0.000000 1.000000
0.998118 0.012145 -0.060111 -0.044200 -0.034300 0.923100 -0.383028 11.072300 0.050837 0.384369 0.921779 -1.624100 0.000000 0.000000 0.000000 1.000000
0.998025 0.006244 -0.062502 -0.044200 -0.029919 0.922177 -0.385610 11.072300 0.055230 0.386719 0.920542 -1.624100 0.000000 0.000000 0.000000 1.000000
0.998387 -0.001267 -0.056757 -0.044200 -0.020954 0.920935 -0.389153 11.072300 0.052763 0.389715 0.919423 -1.624100 0.000000 0.000000 0.000000 1.000000
0.998775 -0.004257 -0.049297 -0.044200 -0.015550 0.918810 -0.394394 11.072300 0.046973 0.394677 0.917618 -1.624100 0.000000 0.000000 0.000000 1.000000
0.998895 -0.000782 -0.046995 -0.044200 -0.017987 0.917388 -0.397587 11.072300 0.043424 0.397993 0.916360 -1.624100 0.000000 0.000000 0.000000 1.000000
0.998770 0.007026 -0.049075 -0.044200 -0.026013 0.916958 -0.398135 11.072300 0.042202 0.398922 0.916013 -1.624100 0.000000 0.000000 0.000000 1.000000
0.998441 0.016524 -0.053313 -0.044200 -0.036210 0.918652 -0.393405 11.072300 0.042475 0.394722 0.917818 -1.624100 0.000000 0.000000 0.000000 1.000000
0.997942 0.027311 -0.058013 -0.044200 -0.047683 0.920985 -0.386668 11.072300 0.042869 0.388639 0.920392 -1.624100 0.000000 0.000000 0.000000 1.000000</float_array><technique_common><accessor source="#mixamorig_Spine1-Matrix-animation-output-transform-array" count="33" stride="16"><param type="float4x4"/></accessor></technique_common></source><source id="mixamorig_Spine1-Interpolations"><Name_array id="mixamorig_Spine1-Interpolations-array" count="33">
 LINEAR LINEAR LINEAR LINEAR LINEAR LINEAR LINEAR LINEAR LINEAR LINEAR LINEAR
LINEAR LINEAR LINEAR LINEAR LINEAR LINEAR LINEAR LINEAR LINEAR LINEAR LINEAR LINEAR
LINEAR LINEAR LINEAR LINEAR LINEAR LINEAR LINEAR LINEAR LINEAR LINEAR</Name_array><technique_common><accessor source="#mixamorig_Spine1-Interpolations-array" count="33"><param type="name"/></accessor></technique_common></source><sampler id="mixamorig_Spine1-Matrix-animation-transform"><input semantic="INPUT" source="#mixamorig_Spine1-Matrix-animation-input"/><input semantic="OUTPUT" source="#mixamorig_Spine1-Matrix-animation-output-transform"/><input semantic="INTERPOLATION" source="#mixamorig_Spine1-Interpolations"/></sampler><channel source="#mixamorig_Spine1-Matrix-animation-transform" target="mixamorig_Spine1/matrix"/></animation>
    <animation id="mixamorig_Spine2-anim" name="mixamorig_Spine2"><source id="mixamorig_Spine2-Matrix-animation-input"><float_array id="mixamorig_Spine2-Matrix-animation-input-array" count="33">

0.000000 0.033333 0.066667 0.100000 0.133333 0.166667 0.200000 0.233333 0.266667 0.300000 0.333333 0.366667 0.400000 0.433333 0.466667 0.500000
0.533333 0.566667 0.600000 0.633333 0.666667 0.700000 0.733333 0.766667 0.800000 0.833333 0.866667 0.900000 0.933333 0.966667 1.000000 1.033333
1.066667</float_array><technique_common><accessor source="#mixamorig_Spine2-Matrix-animation-input-array" count="33"><param name="TIME" type="float"/></accessor></technique_common></source><source id="mixamorig_Spine2-Matrix-animation-output-transform"><float_array id="mixamorig_Spine2-Matrix-animation-output-transform-array" count="528">

0.997939 0.028300 -0.057589 -0.050500 -0.048430 0.920949 -0.386662 12.654000 0.042094 0.388654 0.920422 -1.856100 0.000000 0.000000 0.000000 1.000000
0.997293 0.035779 -0.064242 -0.050500 -0.057965 0.920083 -0.387411 12.654000 0.045247 0.390086 0.919666 -1.856100 0.000000 0.000000 0.000000 1.000000
0.996643 0.041704 -0.070457 -0.050500 -0.065852 0.919660 -0.387155 12.654000 0.048650 0.390495 0.919319 -1.856100 0.000000 0.000000 0.000000 1.000000
0.996233 0.045239 -0.073982 -0.050500 -0.070446 0.919707 -0.386235 12.654000 0.050569 0.389991 0.919429 -1.856100 0.000000 0.000000 0.000000 1.000000
0.996143 0.044996 -0.075330 -0.050500 -0.070625 0.920623 -0.384012 12.654000 0.052071 0.387851 0.920250 -1.856100 0.000000 0.000000 0.000000 1.000000
0.996305 0.040121 -0.075933 -0.050500 -0.066121 0.922580 -0.380098 12.654000 0.054804 0.383715 0.921824 -1.856100 0.000000 0.000000 0.000000 1.000000
0.996557 0.035006 -0.075159 -0.050500 -0.060771 0.925059 -0.374931 12.654000 0.056402 0.378208 0.924001 -1.856100 0.000000 0.000000 0.000000 1.000000
0.996829 0.036667 -0.070627 -0.050500 -0.060245 0.927581 -0.368733 12.654000 0.051992 0.371819 0.926848 -1.856100 0.000000 0.000000 0.000000 1.000000
0.997026 0.047613 -0.060592 -0.050500 -0.066414 0.929706 -0.362265 12.654000 0.039084 0.365212 0.930103 -1.856100 0.000000 0.000000 0.000000 1.000000
0.996879 0.063122 -0.047418 -0.050500 -0.075963 0.930506 -0.358314 12.654000 0.021505 0.360797 0.932396 -1.856100 0.000000 0.000000 0.000000 1.000000
0.996590 0.074393 -0.035692 -0.050500 -0.082251 0.930086 -0.358015 12.654000 0.006562 0.359730 0.933033 -1.856100 0.000000 0.000000 0.000000 1.000000
0.996609 0.077564 -0.027454 -0.050500 -0.082248 0.929956 -0.358354 12.654000 -0.002265 0.359396 0.933182 -1.856100 0.000000 0.000000 0.000000 1.000000
0.996933 0.075330 -0.021194 -0.050500 -0.077923 0.930666 -0.357476 12.654000 -0.007204 0.358031 0.933682 -1.856100 0.000000 0.000000 0.000000 1.000000
0.997587 0.067970 -0.014184 -0.050500 -0.068548 0.931563 -0.357060 12.654000 -0.011056 0.357171 0.933974 -1.856100 0.000000 0.000000 0.000000 1.000000
0.998505 0.054201 -0.007009 -0.050500 -0.053102 0.931846 -0.358948 12.654000 -0.012924 0.358784 0.933331 -1.856100 0.000000 0.000000 0.000000 1.000000
0.999259 0.038328 -0.003574 -0.050500 -0.037017 0.931292 -0.362387 12.654000 -0.010561 0.362251 0.932021 -1.856100 0.000000 0.000000 0.000000 1.000000
0.999646 0.026112 -0.005061 -0.050500 -0.026156 0.930540 -0.365256 12.654000 -0.004829 0.365259 0.930894 -1.856100 0.000000 0.000000 0.000000 1.000000
0.999799 0.018139 -0.008524 -0.050500 -0.020001 0.930192 -0.366529 12.654000 0.001280 0.366626 0.930368 -1.856100 0.000000 0.000000 0.000000 1.000000
0.999848 0.013034 -0.011568 -0.050500 -0.016375 0.929844 -0.367590 12.654000 0.005965 0.367724 0.929916 -1.856100 0.000000 0.000000 0.000000 1.000000
0.999820 0.011878 -0.014799 -0.050500 -0.016512 0.928863 -0.370056 12.654000 0.009351 0.370234 0.928891 -1.856100 0.000000 0.000000 0.000000 1.000000
0.999741 0.011559 -0.019582 -0.050500 -0.018027 0.927759 -0.372744 12.654000 0.013859 0.373000 0.927728 -1.856100 0.000000 0.000000 0.000000 1.000000
0.999568 0.011527 -0.027043 -0.050500 -0.020863 0.926252 -0.376328 12.654000 0.020711 0.376729 0.926092 -1.856100 0.000000 0.000000 0.000000 1.000000
0.999297 0.011712 -0.035617 -0.050500 -0.024337 0.925254 -0.378566 12.654000 0.028521 0.379167 0.924889 -1.856100 0.000000 0.000000 0.000000 1.000000
0.998930 0.011172 -0.044884 -0.050500 -0.027343 0.925313 -0.378217 12.654000 0.037306 0.379040 0.924628 -1.856100 0.000000 0.000000 0.000000 1.000000
0.998480 0.012949 -0.053574 -0.050500 -0.032359 0.924583 -0.379605 12.654000 0.044618 0.380761 0.923596 -1.856100 0.000000 0.000000 0.000000 1.000000
0.998037 0.012693 -0.061322 -0.050500 -0.035261 0.923159 -0.382799 12.654000 0.051751 0.384210 0.921794 -1.856100 0.000000 0.000000 0.000000 1.000000
0.997957 0.006929 -0.063512 -0.050500 -0.030932 0.922228 -0.385407 12.654000 0.055902 0.386584 0.920558 -1.856100 0.000000 0.000000 0.000000 1.000000
0.998342 -0.000602 -0.057566 -0.050500 -0.021875 0.920976 -0.389005 12.654000 0.053251 0.389619 0.919435 -1.856100 0.000000 0.000000 0.000000 1.000000
0.998743 -0.003654 -0.049990 -0.050500 -0.016374 0.918843 -0.394283 12.654000 0.047374 0.394606 0.917628 -1.856100 0.000000 0.000000 0.000000 1.000000
0.998864 -0.000161 -0.047654 -0.050500 -0.018815 0.917412 -0.397493 12.654000 0.043782 0.397938 0.916367 -1.856100 0.000000 0.000000 0.000000 1.000000
0.998734 0.007713 -0.049699 -0.050500 -0.026889 0.916974 -0.398040 12.654000 0.042503 0.398873 0.916021 -1.856100 0.000000 0.000000 0.000000 1.000000
0.998417 0.017354 -0.053492 -0.050500 -0.037042 0.918644 -0.393345 12.654000 0.042314 0.394704 0.917834 -1.856100 0.000000 0.000000 0.000000 1.000000
0.997939 0.028300 -0.057589 -0.050500 -0.048430 0.920949 -0.386662 12.654000 0.042094 0.388654 0.920422 -1.856100 0.000000 0.000000 0.000000 1.000000</float_array><technique_common><accessor source="#mixamorig_Spine2-Matrix-animation-output-transform-array" count="33" stride="16"><param type="float4x4"/></accessor></technique_common></source><source id="mixamorig_Spine2-Interpolations"><Name_array id="mixamorig_Spine2-Interpolations-array" count="33">
 LINEAR LINEAR LINEAR LINEAR LINEAR LINEAR LINEAR LINEAR LINEAR LINEAR LINEAR
LINEAR LINEAR LINEAR LINEAR LINEAR LINEAR LINEAR LINEAR LINEAR LINEAR LINEAR LINEAR
LINEAR LINEAR LINEAR LINEAR LINEAR LINEAR LINEAR LINEAR LINEAR LINEAR</Name_array><technique_common><accessor source="#mixamorig_Spine2-Interpolations-array" count="33"><param type="name"/></accessor></technique_common></source><sampler id="mixamorig_Spine2-Matrix-animation-transform"><input semantic="INPUT" source="#mixamorig_Spine2-Matrix-animation-input"/><input semantic="OUTPUT" source="#mixamorig_Spine2-Matrix-animation-output-transform"/><input semantic="INTERPOLATION" source="#mixamorig_Spine2-Interpolations"/></sampler><channel source="#mixamorig_Spine2-Matrix-animation-transform" target="mixamorig_Spine2/matrix"/></animation>
    <animation id="mixamorig_Neck-anim" name="mixamorig_Neck"><source id="mixamorig_Neck-Matrix-animation-input"><float_array id="mixamorig_Neck-Matrix-animation-input-array" count="33">

0.000000 0.033333 0.066667 0.100000 0.133333 0.166667 0.200000 0.233333 0.266667 0.300000 0.333333 0.366667 0.400000 0.433333 0.466667 0.500000
0.533333 0.566667 0.600000 0.633333 0.666667 0.700000 0.733333 0.766667 0.800000 0.833333 0.866667 0.900000 0.933333 0.966667 1.000000 1.033333
1.066667</float_array><technique_common><accessor source="#mixamorig_Neck-Matrix-animation-input-array" count="33"><param name="TIME" type="float"/></accessor></technique_common></source><source id="mixamorig_Neck-Matrix-animation-output-transform"><float_array id="mixamorig_Neck-Matrix-animation-output-transform-array" count="528">

0.998013 -0.023947 0.058282 -0.056900 0.022370 0.999370 0.027559 14.235800 -0.058905 -0.026200 0.997920 -2.088100 0.000000 0.000000 0.000000 1.000000
0.998052 -0.028010 0.055740 -0.056900 0.026826 0.999401 0.021878 14.235800 -0.056319 -0.020340 0.998206 -2.088100 0.000000 0.000000 0.000000 1.000000
0.998099 -0.032011 0.052660 -0.056900 0.031253 0.999396 0.015170 14.235800 -0.053113 -0.013496 0.998497 -2.088100 0.000000 0.000000 0.000000 1.000000
0.998096 -0.034457 0.051167 -0.056900 0.033833 0.999343 0.013010 14.235800 -0.051581 -0.011254 0.998605 -2.088100 0.000000 0.000000 0.000000 1.000000
0.998121 -0.033410 0.051362 -0.056900 0.032731 0.999366 0.014007 14.235800 -0.051798 -0.012299 0.998582 -2.088100 0.000000 0.000000 0.000000 1.000000
0.998234 -0.028104 0.052339 -0.056900 0.027343 0.999511 0.015193 14.235800 -0.052740 -0.013735 0.998514 -2.088100 0.000000 0.000000 0.000000 1.000000
0.998349 -0.020740 0.053566 -0.056900 0.019893 0.999669 0.016314 14.235800 -0.053887 -0.015222 0.998431 -2.088100 0.000000 0.000000 0.000000 1.000000
0.998396 -0.016187 0.054249 -0.056900 0.015305 0.999744 0.016635 14.235800 -0.054504 -0.015778 0.998389 -2.088100 0.000000 0.000000 0.000000 1.000000
0.998386 -0.018596 0.053670 -0.056900 0.017727 0.999705 0.016615 14.235800 -0.053963 -0.015637 0.998421 -2.088100 0.000000 0.000000 0.000000 1.000000
0.998315 -0.026113 0.051826 -0.056900 0.025174 0.999508 0.018685 14.235800 -0.052289 -0.017348 0.998481 -2.088100 0.000000 0.000000 0.000000 1.000000
0.998249 -0.031829 0.049857 -0.056900 0.030685 0.999252 0.023554 14.235800 -0.050570 -0.021982 0.998479 -2.088100 0.000000 0.000000 0.000000 1.000000
0.998250 -0.032916 0.049130 -0.056900 0.031523 0.999086 0.028874 14.235800 -0.050036 -0.027275 0.998375 -2.088100 0.000000 0.000000 0.000000 1.000000
0.998200 -0.033952 0.049430 -0.056900 0.032318 0.998916 0.033489 14.235800 -0.050513 -0.031831 0.998216 -2.088100 0.000000 0.000000 0.000000 1.000000
0.998000 -0.039511 0.049346 -0.056900 0.037678 0.998584 0.037550 14.235800 -0.050760 -0.035616 0.998076 -2.088100 0.000000 0.000000 0.000000 1.000000
0.997655 -0.048184 0.048605 -0.056900 0.046305 0.998163 0.039074 14.235800 -0.050399 -0.036732 0.998053 -2.088100 0.000000 0.000000 0.000000 1.000000
0.997309 -0.055151 0.048303 -0.056900 0.053453 0.997930 0.035760 14.235800 -0.050175 -0.033082 0.998192 -2.088100 0.000000 0.000000 0.000000 1.000000
0.997119 -0.057899 0.049007 -0.056900 0.056473 0.997953 0.030000 14.235800 -0.050644 -0.027146 0.998348 -2.088100 0.000000 0.000000 0.000000 1.000000
0.997102 -0.057114 0.050248 -0.056900 0.055812 0.998077 0.026964 14.235800 -0.051692 -0.024081 0.998373 -2.088100 0.000000 0.000000 0.000000 1.000000
0.997182 -0.054301 0.051760 -0.056900 0.052907 0.998209 0.027925 14.235800 -0.053184 -0.025108 0.998269 -2.088100 0.000000 0.000000 0.000000 1.000000
0.997226 -0.051305 0.053923 -0.056900 0.049778 0.998331 0.029289 14.235800 -0.055336 -0.026523 0.998115 -2.088100 0.000000 0.000000 0.000000 1.000000
0.997136 -0.050554 0.056241 -0.056900 0.048997 0.998385 0.028736 14.235800 -0.057603 -0.025898 0.998004 -2.088100 0.000000 0.000000 0.000000 1.000000
0.996967 -0.051472 0.058374 -0.056900 0.049984 0.998394 0.026669 14.235800 -0.059653 -0.023670 0.997938 -2.088100 0.000000 0.000000 0.000000 1.000000
0.996806 -0.052820 0.059906 -0.056900 0.051423 0.998373 0.024642 14.235800 -0.061110 -0.021483 0.997900 -2.088100 0.000000 0.000000 0.000000 1.000000
0.996756 -0.053159 0.060422 -0.056900 0.051669 0.998327 0.025959 14.235800 -0.061701 -0.022753 0.997835 -2.088100 0.000000 0.000000 0.000000 1.000000
0.996929 -0.049950 0.060307 -0.056900 0.048047 0.998313 0.032599 14.235800 -0.061833 -0.029602 0.997647 -2.088100 0.000000 0.000000 0.000000 1.000000
0.997286 -0.043804 0.059173 -0.056900 0.041331 0.998245 0.042401 14.235800 -0.060926 -0.039840 0.997347 -2.088100 0.000000 0.000000 0.000000 1.000000
0.997640 -0.038612 0.056779 -0.056900 0.035873 0.998179 0.048499 14.235800 -0.058549 -0.046348 0.997208 -2.088100 0.000000 0.000000 0.000000 1.000000
0.997820 -0.037558 0.054257 -0.056900 0.034801 0.998098 0.050887 14.235800 -0.056065 -0.048888 0.997229 -2.088100 0.000000 0.000000 0.000000 1.000000
0.997819 -0.038140 0.053868 -0.056900 0.035255 0.997944 0.053521 14.235800 -0.055799 -0.051506 0.997113 -2.088100 0.000000 0.000000 0.000000 1.000000
0.997775 -0.036061 0.056081 -0.056900 0.032997 0.997961 0.054627 14.235800 -0.057936 -0.052655 0.996931 -2.088100 0.000000 0.000000 0.000000 1.000000
0.997779 -0.030945 0.058992 -0.056900 0.027837 0.998217 0.052794 14.235800 -0.060521 -0.051035 0.996861 -2.088100 0.000000 0.000000 0.000000 1.000000
0.997895 -0.027101 0.058909 -0.056900 0.024683 0.998838 0.041385 14.235800 -0.059962 -0.039844 0.997405 -2.088100 0.000000 0.000000 0.000000 1.000000
0.998013 -0.023947 0.058282 -0.056900 0.022371 0.999370 0.027559 14.235800 -0.058905 -0.026200 0.997920 -2.088100 0.000000 0.000000 0.000000 1.000000</float_array><technique_common><accessor source="#mixamorig_Neck-Matrix-animation-output-transform-array" count="33" stride="16"><param type="float4x4"/></accessor></technique_common></source><source id="mixamorig_Neck-Interpolations"><Name_array id="mixamorig_Neck-Interpolations-array" count="33">
 LINEAR LINEAR LINEAR LINEAR LINEAR LINEAR LINEAR LINEAR LINEAR LINEAR LINEAR
LINEAR LINEAR LINEAR LINEAR LINEAR LINEAR LINEAR LINEAR LINEAR LINEAR LINEAR LINEAR
LINEAR LINEAR LINEAR LINEAR LINEAR LINEAR LINEAR LINEAR LINEAR LINEAR</Name_array><technique_common><accessor source="#mixamorig_Neck-Interpolations-array" count="33"><param type="name"/></accessor></technique_common></source><sampler id="mixamorig_Neck-Matrix-animation-transform"><input semantic="INPUT" source="#mixamorig_Neck-Matrix-animation-input"/><input semantic="OUTPUT" source="#mixamorig_Neck-Matrix-animation-output-transform"/><input semantic="INTERPOLATION" source="#mixamorig_Neck-Interpolations"/></sampler><channel source="#mixamorig_Neck-Matrix-animation-transform" target="mixamorig_Neck/matrix"/></animation>
    <animation id="mixamorig_Head-anim" name="mixamorig_Head"><source id="mixamorig_Head-Matrix-animation-input"><float_array id="mixamorig_Head-Matrix-animation-input-array" count="33">

0.000000 0.033333 0.066667 0.100000 0.133333 0.166667 0.200000 0.233333 0.266667 0.300000 0.333333 0.366667 0.400000 0.433333 0.466667 0.500000
0.533333 0.566667 0.600000 0.633333 0.666667 0.700000 0.733333 0.766667 0.800000 0.833333 0.866667 0.900000 0.933333 0.966667 1.000000 1.033333
1.066667</float_array><technique_common><accessor source="#mixamorig_Head-Matrix-animation-input-array" count="33"><param name="TIME" type="float"/></accessor></technique_common></source><source id="mixamorig_Head-Matrix-animation-output-transform"><float_array id="mixamorig_Head-Matrix-animation-output-transform-array" count="528">

0.906216 0.135338 0.400569 -0.000000 -0.355153 0.757726 0.547464 3.280200 -0.229429 -0.638384 0.734730 0.313300 0.000000 0.000000 0.000000 1.000000
0.910849 0.132473 0.390903 0.000000 -0.347234 0.757931 0.552240 3.280200 -0.223121 -0.638742 0.736360 0.313300 0.000000 0.000000 0.000000 1.000000
0.916242 0.129525 0.379110 0.000000 -0.338542 0.756318 0.559796 3.280200 -0.214221 -0.641253 0.736820 0.313300 0.000000 0.000000 0.000000 1.000000
0.916681 0.133807 0.376552 0.000000 -0.340575 0.754528 0.560977 3.280200 -0.209057 -0.642482 0.737233 0.313300 0.000000 0.000000 0.000000 1.000000
0.913881 0.141199 0.380636 0.000000 -0.348767 0.752952 0.558055 3.280200 -0.207804 -0.642749 0.737354 0.313300 0.000000 0.000000 0.000000 1.000000
0.911106 0.147895 0.384723 0.000000 -0.355671 0.753795 0.552531 3.280200 -0.208286 -0.640250 0.739390 0.313300 0.000000 0.000000 0.000000 1.000000
0.909348 0.153121 0.386834 0.000000 -0.358829 0.759207 0.542998 3.280200 -0.210543 -0.632581 0.745327 0.313300 0.000000 0.000000 0.000000 1.000000
0.909093 0.155746 0.386385 0.000000 -0.357634 0.767438 0.532105 3.280200 -0.213653 -0.621918 0.753373 0.313300 0.000000 0.000000 0.000000 1.000000
0.910091 0.156076 0.383894 0.000000 -0.353966 0.774506 0.524259 3.280200 -0.215504 -0.613009 0.760117 0.313300 0.000000 0.000000 0.000000 1.000000
0.912352 0.155452 0.378746 0.000000 -0.349267 0.778198 0.521938 3.280200 -0.213603 -0.608475 0.764285 0.313300 0.000000 0.000000 0.000000 1.000000
0.915084 0.155200 0.372202 -0.000000 -0.345465 0.777827 0.525013 3.280200 -0.208027 -0.609014 0.765393 0.313300 0.000000 0.000000 0.000000 1.000000
0.916814 0.153464 0.368648 0.000000 -0.343895 0.772661 0.533603 3.280200 -0.202951 -0.615990 0.761162 0.313300 0.000000 0.000000 0.000000 1.000000
0.917489 0.147764 0.369296 0.000000 -0.343310 0.763060 0.547611 3.280200 -0.200878 -0.629210 0.750828 0.313300 0.000000 0.000000 0.000000 1.000000
0.917565 0.141876 0.371411 0.000000 -0.343803 0.752312 0.561983 3.280200 -0.199685 -0.643349 0.739073 0.313300 0.000000 0.000000 0.000000 1.000000
0.916757 0.140103 0.374068 0.000000 -0.346322 0.745421 0.569569 3.280200 -0.199040 -0.651704 0.731891 0.313300 0.000000 0.000000 0.000000 1.000000
0.915126 0.139862 0.378130 0.000000 -0.348994 0.744395 0.569279 3.280200 -0.201858 -0.652928 0.730026 0.313300 0.000000 0.000000 0.000000 1.000000
0.913223 0.138342 0.383256 0.000000 -0.350214 0.747261 0.564758 3.280200 -0.208263 -0.649972 0.730865 0.313300 0.000000 0.000000 0.000000 1.000000
0.911474 0.136691 0.387982 0.000000 -0.350741 0.751048 0.559382 3.280200 -0.214930 -0.645943 0.732504 0.313300 0.000000 0.000000 0.000000 1.000000
0.909893 0.135256 0.392173 -0.000000 -0.351119 0.754551 0.554408 3.280200 -0.220928 -0.642151 0.734052 0.313300 0.000000 0.000000 0.000000 1.000000
0.907495 0.132368 0.398662 0.000000 -0.352245 0.756861 0.550531 3.280200 -0.228859 -0.640031 0.733474 0.313300 0.000000 0.000000 0.000000 1.000000
0.904303 0.128165 0.407198 -0.000000 -0.353892 0.758524 0.547176 3.280200 -0.238740 -0.638916 0.731292 0.313300 0.000000 0.000000 0.000000 1.000000
0.900970 0.123152 0.416038 -0.000000 -0.355821 0.758425 0.546061 3.280200 -0.248285 -0.640019 0.727138 0.313300 0.000000 0.000000 0.000000 1.000000
0.898264 0.119265 0.422962 0.000000 -0.358128 0.756467 0.547268 3.280200 -0.254687 -0.643066 0.722219 0.313300 0.000000 0.000000 0.000000 1.000000
0.897304 0.118381 0.425242 -0.000000 -0.359741 0.754384 0.549082 3.280200 -0.255795 -0.645671 0.719499 0.313300 0.000000 0.000000 0.000000 1.000000
0.897875 0.121832 0.423057 0.000000 -0.360712 0.754506 0.548276 3.280200 -0.252402 -0.644885 0.721399 0.313300 0.000000 0.000000 0.000000 1.000000
0.898982 0.134251 0.416903 0.000000 -0.364010 0.758368 0.540716 3.280200 -0.243574 -0.637851 0.730628 0.313300 0.000000 0.000000 0.000000 1.000000
0.898922 0.155510 0.409579 0.000000 -0.373622 0.760331 0.531322 3.280200 -0.228790 -0.630645 0.741581 0.313300 0.000000 0.000000 0.000000 1.000000
0.897303 0.174745 0.405353 0.000000 -0.386515 0.754571 0.530310 3.280200 -0.213198 -0.632524 0.744620 0.313300 0.000000 0.000000 0.000000 1.000000
0.895920 0.179352 0.406399 0.000000 -0.392505 0.748012 0.535179 3.280200 -0.208006 -0.638992 0.740556 0.313300 0.000000 0.000000 0.000000 1.000000
